"Target","Molecule"
"ACACB","OPRXXWUPPCSXBS-ZDUSSCGKSA-N"
"ACACB","XIFGKQUBRHFWNX-KOMQPUFPSA-N"
"PUR2","ZUQBAQVRAURMCL-DOMZBBRYSA-N"
"MDM2","LASZTPUNWIOFCD-OJLCMILUSA-N"
"MDM2","MPFKILSCWXAHRA-GCMXZSHTSA-N"
"PUR2","WBXPDJSOTKVWSJ-ZDUSSCGKSA-N"
"PUR2","UNSSSMUKJOLMJV-LBPRGKRZSA-N"
"ACACB","NXRWALCUKJVWST-UHFFFAOYSA-N"
"ACACB","ZRAMOXHZLIIJGI-INIZCTEOSA-N"
"MDM2","CLRSLRWKONPSRQ-IIPSPAQQSA-N"
"NEDD4","JKGGFVABTBFVOC-UHFFFAOYSA-N"
"ACACB","ZOGULHIZBGRKQX-KRWDZBQOSA-N"
"MDM2","RLVHIMZOZMLGIX-PQQNNWGCSA-N"
"ACACB","AAPALKSRCHGDKE-AWEZNQCLSA-N"
"CHLE","ZWQWXPDQHDYQPH-XRSDMRJBSA-N"
"ACES","ZWQWXPDQHDYQPH-XRSDMRJBSA-N"
"CHLE","AQUBWCPEKBRMKW-UHFFFAOYSA-N"
"ACES","AQUBWCPEKBRMKW-UHFFFAOYSA-N"
"TRY1","DRUZWKULMZFMLK-UHFFFAOYSA-N"
"TRY1","WGEGXJPYFSZDMU-IZLXSDGUSA-N"
"LYAG","XUFXOAAUWZOOIT-SXARVLRPSA-N"
"MMP13","XFKRGURHEZYQDK-UHFFFAOYSA-N"
"MMP13","LMIHEFSBOIGKDH-UHFFFAOYSA-N"
"MMP13","BDONYXHHXNTUSW-UHFFFAOYSA-N"
"MMP13","SYYRIPAKWJBIOW-UHFFFAOYSA-N"
"CHLE","NUAYGDKUFSIFPR-FCGDIQPGSA-N"
"PPAC","STHKIFKPJCKJAJ-UHFFFAOYSA-N"
"PDE9A","SEYCIBHCEGUQNB-LSDHHAIUSA-N"
"ACES","PAPNIDWABUXIRG-UHFFFAOYSA-N"
"MMP13","AAVVXYJNWGIBPT-UHFFFAOYSA-N"
"MMP13","VNIVLVJMMLQGNQ-UHFFFAOYSA-N"
"TRY1","ZLUOAFAJSUPHOG-UHFFFAOYSA-N"
"MMP13","ZPFSKFCSVXPMBD-JHOVWCEZSA-N"
"MMP13","YJNWDJIIFRGLRO-ZCLHRBOTSA-N"
"BACE2","JIBQVJZSWQNHLX-QHCPKHFHSA-N"
"MMP13","WQCXDERWRJMJQA-RUZDIDTESA-N"
"AMYP","FZLCJZILHGFQLM-PISLJJGOSA-N"
"CES1D","WPXKQCIXDYJFEN-FOCLMDBBSA-N"
"TRY1","JYGJKZKLNWLLRD-UPJWGTAASA-N"
"TRY1","GJEPQTOOGGNJLG-UZUQRXQVSA-O"
"TRY1","QAILDCHYMLYEOM-VGOFRKELSA-O"
"ACES","QIZOOAIDPINZAA-UHFFFAOYSA-N"
"TRY1","FCUZICMQZZVVKV-UHFFFAOYSA-N"
"MMP13","WHTRIFCXCJYQKX-SSEXGKCCSA-N"
"ACES","KNAXWOBOCVVMST-UHFFFAOYSA-N"
"MMP13","QCRPOQONCVCBFI-UHFFFAOYSA-N"
"MMP13","UIGGXLFLAQCMAY-UHFFFAOYSA-N"
"MMP13","BNPWNBBKUMLEJM-UHFFFAOYSA-N"
"MMP13","MTRATHZFTCSGDT-UHFFFAOYSA-N"
"MMP13","MMCUCOOPEAHRPL-UHFFFAOYSA-N"
"MMP13","LIQFLIXIOKMDTJ-UHFFFAOYSA-N"
"MMP13","FVPQYGSYGOKFLW-UHFFFAOYSA-N"
"MMP13","AWLKOGZBGNQOBA-UHFFFAOYSA-N"
"MMP13","JATUSZYMCBLDQS-UHFFFAOYSA-N"
"MMP13","TUJKFLFRSWBCFZ-QHCPKHFHSA-N"
"ACES","UWKQSNNFCGGAFS-XIFFEERXSA-N"
"PDE9A","RCKCFOKBILAFJF-UHFFFAOYSA-N"
"CHLE","BEEAUEOMGZISAI-UHFFFAOYSA-N"
"ACES","BEEAUEOMGZISAI-UHFFFAOYSA-N"
"CHLE","WKDFOVDLOVYRAJ-JDXGNMNLSA-N"
"ACES","WKDFOVDLOVYRAJ-JDXGNMNLSA-N"
"BACE2","MRXBCEQZNKUUIP-DEOSSOPVSA-N"
"PDE9A","RHYNVXDLIQWYAD-FOIQADDNSA-N"
"MMP13","LFQCQDFQXKNBRD-OCOZRVBESA-N"
"MMP13","WPGRSZLFNFYSPR-UHFFFAOYSA-N"
"TRY1","WMLLWXCYJMFXSU-LTJSBYPUSA-N"
"BACE2","WQDXYYJHDFSNIX-KZULUSFZSA-N"
"CHLE","VRPRFMSKPPZJFK-UHFFFAOYSA-N"
"ACES","VRPRFMSKPPZJFK-UHFFFAOYSA-N"
"BACE2","DVMUZHLUMHPCGZ-QGZVFWFLSA-N"
"MMP13","ZXVWNUSVQOQAIY-ZEQRLZLVSA-N"
"LIPE","OZOLYNAPOLFWJZ-AWEZNQCLSA-N"
"MMP13","QFTWPDUNHCKGKX-UHFFFAOYSA-N"
"MMP13","CDQRIIUMNLMHRH-UHFFFAOYSA-N"
"MMP13","LBVBVIKJOWWVJX-MRXNPFEDSA-N"
"MMP13","YNHGVYGMFAREOF-UHFFFAOYSA-N"
"ACES","XWNUTLMQEJHZAD-UHFFFAOYSA-N"
"PDE9A","UBBCZBKJYNXHGT-GFCCVEGCSA-N"
"BACE2","PGSGWIDQXZCHJL-FYSMJZIKSA-N"
"CHLE","QXXGDBDNPIPTRF-UHFFFAOYSA-N"
"ACES","QXXGDBDNPIPTRF-UHFFFAOYSA-N"
"MMP13","SEZPRMPVJMVCBV-UHFFFAOYSA-N"
"ACES","HFRNGSUSVIONOS-UHFFFAOYSA-N"
"ACES","FQUTYOZUGJMHGR-UHFFFAOYSA-N"
"ACES","HKQUHJFCVOBXLG-UHFFFAOYSA-N"
"ACES","PAGGEPNXUBSPSP-UHFFFAOYSA-N"
"ACES","MJGVCCPVNPTNCM-UHFFFAOYSA-N"
"ACES","IANXMZMJBKUVLQ-UHFFFAOYSA-N"
"ACES","CJPWVSWHUPXWHU-UHFFFAOYSA-N"
"ACES","PNZIOQNBQOTGPK-UHFFFAOYSA-N"
"CHLE","VSPVCSDDENDBFH-IRLDBZIGSA-N"
"ACES","VSPVCSDDENDBFH-IRLDBZIGSA-N"
"CHLE","ADEBPBSSDYVVLD-UHFFFAOYSA-N"
"ACES","ADEBPBSSDYVVLD-UHFFFAOYSA-N"
"ACES","VKJGBAJNNALVAV-UHFFFAOYSA-M"
"CHLE","HZZGTUOWJWTZKT-JQCXWYLXSA-N"
"MMP13","BDCJZZXWIQJYLP-FIWHBWSRSA-N"
"ACES","YWZCKVAHVJWALI-UHFFFAOYSA-N"
"MMP13","VMWGPLRCSWOQJR-UHFFFAOYSA-N"
"MMP13","QCBWOUQUDIILOW-UHFFFAOYSA-N"
"MMP13","UDTXDKDGZMYOBK-DFBJGRDBSA-N"
"MMP13","JAPLGNWCNXCEJT-XDHUDOTRSA-N"
"MMP13","KFGJNQLPIZMSFB-XDHUDOTRSA-N"
"MMP13","MHYRZRJQEBSULL-ZWKOTPCHSA-N"
"ADA","CKJGKHXCUDWFDC-UHFFFAOYSA-N"
"MMP13","XIQNNSMTTLQUTR-UHFFFAOYSA-N"
"MMP13","PYNQNWZHEDOQHX-VWLOTQADSA-N"
"MMP13","IFHBUYGFCSEHIF-UHFFFAOYSA-N"
"MMP13","ITDDXQSXMTUIFM-UHFFFAOYSA-N"
"MMP13","PRCRNUDMWULKSO-UHFFFAOYSA-N"
"MMP13","VGAPHGIXAQRVAL-UHFFFAOYSA-N"
"MMP13","XYVVUCAHUUIYFV-UHFFFAOYSA-N"
"MMP13","QYMKPTMAFMKKTC-UHFFFAOYSA-N"
"MMP13","YMFBAKCSKQKFMX-UHFFFAOYSA-N"
"MMP13","KFTWEWMQNRZZNL-UHFFFAOYSA-N"
"MMP13","VVZTYGQJDUUATC-UHFFFAOYSA-N"
"ACES","DREAHDLCWZKIJL-UHFFFAOYSA-N"
"ACES","IBPWGZKZWJYGLA-UHFFFAOYSA-N"
"MALT1","OFUVMXZHDYXMJK-UHFFFAOYSA-N"
"AT1A1","LTMHDMANZUZIPE-PUGKRICDSA-N"
"RN5A","RTAGLZBJCCVJET-UQTMIEBXSA-N"
"MMP13","SOPDPCOBVSOXIM-ZDXQCDESSA-N"
"ACES","FTRZTHFGTILUPE-UHFFFAOYSA-N"
"MMP13","DRWHINQPSIPRHF-LLVKDONJSA-N"
"MMP13","VAQNHYAKIUNIKM-CYBMUJFWSA-N"
"CHLE","XOSFOGCCJRNZJO-UHFFFAOYSA-N"
"ACES","XOSFOGCCJRNZJO-UHFFFAOYSA-N"
"MMP13","QPEZTCMCOIDQRV-SMDDNHRTSA-N"
"MMP13","HTNLSTWGHBHDPS-CQSZACIVSA-N"
"TRY1","QEIZOZWDTCKRDF-UHFFFAOYSA-N"
"MMP13","SUSMVCKSLVPRCL-QGZVFWFLSA-N"
"MMP13","RCXJWFMVFQBLSC-MRXNPFEDSA-N"
"MMP13","WGPIMMRNIAYWBT-UHFFFAOYSA-N"
"MMP13","CNDCCBOSTVCBMM-OAHLLOKOSA-N"
"MMP13","HJFONKSERLWIGE-DEOSSOPVSA-N"
"PDE9A","SECKRCOLJRRGGV-UHFFFAOYSA-N"
"TRY1","JXDRVTULOVVFJK-KDVIAZGZSA-N"
"MMP13","HMJIPPQTLJLPNE-UHFFFAOYSA-N"
"MMP13","ZTJUBPXNBSLSGL-UHFFFAOYSA-N"
"ACES","NMTWMKMOKNHOOG-UHFFFAOYSA-L"
"CHLE","ACKJXXOVSOCBPX-UHFFFAOYSA-N"
"ACES","ACKJXXOVSOCBPX-UHFFFAOYSA-N"
"MMP13","CQGUKDZSAPDCJL-UHFFFAOYSA-N"
"ACES","XUOUWGWIRPBWCW-OAQYLSRUSA-N"
"CHLE","WNLQOEBYDOWFBU-UHFFFAOYSA-N"
"MMP13","LMASIGSKSCEZDY-UHFFFAOYSA-N"
"MMP13","CNVJYZPKUZXAML-MUUNZHRXSA-N"
"MMP13","YCIYENASUWAOBH-UHFFFAOYSA-N"
"MMP13","OIBWGGKYJHWGPB-UHFFFAOYSA-N"
"RN5A","XMOPYYQHEVEVJF-LIRFIBJLSA-N"
"MMP13","WPYFTDWGMAINBU-UHFFFAOYSA-N"
"MMP13","RMPYEISUTHEMLW-NDEPHWFRSA-N"
"MMP13","BNKOGVVBAYMLMZ-UHFFFAOYSA-N"
"ACES","AAEYHJGXSUBKQJ-UHFFFAOYSA-N"
"CHLE","VPXVPJQOPRBXPO-UHFFFAOYSA-N"
"ACES","VPXVPJQOPRBXPO-UHFFFAOYSA-N"
"TRY1","WZUKLJJPQVYUOL-LBPRGKRZSA-N"
"PPAC","MAKLPSKEADWFJA-STZFKDTASA-N"
"CHLE","IIBSAKGKZGFYNB-UHFFFAOYSA-N"
"LIPE","MXODNNNPSJJTNP-UHFFFAOYSA-N"
"F13A","MYULBZNAQWBTNR-UHFFFAOYSA-N"
"CP2D6","KAVHHDMCLXFYPS-NRFANRHFSA-N"
"CP2D6","RJECZNRGVJPLSQ-JBRSBNLGSA-N"
"CP2D6","ULFGYOICMCABPV-SONWIMMPSA-N"
"CP3A4","ZWVZORIKUNOTCS-OAQYLSRUSA-N"
"CP1A2","VNJFIBFHISUZRV-ZACQAIPSSA-N"
"C11B2","CLPFFLWZZBQMAO-CQSZACIVSA-N"
"C11B2","CLPFFLWZZBQMAO-AWEZNQCLSA-N"
"C11B1","CLPFFLWZZBQMAO-CQSZACIVSA-N"
"C11B1","CLPFFLWZZBQMAO-AWEZNQCLSA-N"
"CP19A","CLPFFLWZZBQMAO-CQSZACIVSA-N"
"CP19A","CLPFFLWZZBQMAO-AWEZNQCLSA-N"
"CP2D6","ORUPHFRKUPILCN-IOASZLSFSA-N"
"CP2D6","APQJKSFOISLQFF-UHFFFAOYSA-N"
"CP3A4","DWRKFAJEBUWTQM-UHFFFAOYSA-N"
"CP51A","VYNIUBZKEWJOJP-IRLDBZIGSA-N"
"THAS","LRBQNJMCXXYXIU-PPKXGCFTSA-N"
"CP1A2","LRBQNJMCXXYXIU-PPKXGCFTSA-N"
"CP19A","OHQJNLNJNBFQEQ-UHFFFAOYSA-N"
"CP2D6","VUXLKOATKUTQHW-UHFFFAOYSA-N"
"CP1A2","VUXLKOATKUTQHW-UHFFFAOYSA-N"
"CP2C9","MGWSCJCLMDQNGB-UHFFFAOYSA-N"
"CP3A4","SHUVSCHNMZHWMV-UHFFFAOYSA-N"
"CP2CJ","VMLXQVRAOYTIFJ-UHFFFAOYSA-N"
"CP2C9","VMLXQVRAOYTIFJ-UHFFFAOYSA-N"
"CP3A4","ATOKVTDUHKZLMB-UHFFFAOYSA-N"
"CP3A4","DVGGLGXQSFURLP-VWMSDXGPSA-N"
"CP3A4","NFKNHAHXAMZIFN-UHFFFAOYSA-N"
"C11B2","NBDGMNQECKEFTB-UHFFFAOYSA-N"
"CP17A","NBDGMNQECKEFTB-UHFFFAOYSA-N"
"C11B2","PXOBFFWELDGRSQ-UHFFFAOYSA-N"
"CP17A","PXOBFFWELDGRSQ-UHFFFAOYSA-N"
"CP3A4","KBAQNZRYJNJHIN-UHFFFAOYSA-N"
"CP19A","RHGAFWMGLUFSHI-MOPGFXCFSA-N"
"CP2C9","AFWUGCDAGKBALB-UHFFFAOYSA-N"
"CP17A","KSFRRPAHIDJCHM-XEYOUOGVSA-N"
"CP17A","OGLBWWJBMOOWAU-SFLNLBOUSA-N"
"C11B2","WJTVYTACNCPTPQ-UHFFFAOYSA-N"
"C11B1","WJTVYTACNCPTPQ-UHFFFAOYSA-N"
"CP3A4","KAEZOVLEAHIZGN-UHFFFAOYSA-N"
"CP3A4","HSUGRBWQSSZJOP-RTWAWAEBSA-N"
"CP3A4","ROMRTXMEQJYJJZ-UHFFFAOYSA-N"
"CP2CJ","ROMRTXMEQJYJJZ-UHFFFAOYSA-N"
"CP3A4","IRQIBOAVBGKTBW-UHFFFAOYSA-N"
"CP2C9","IRQIBOAVBGKTBW-UHFFFAOYSA-N"
"CP3A4","PRIKHRTWFXDNDC-UHFFFAOYSA-N"
"C11B2","LRTLFSHCMRWKGY-UHFFFAOYSA-N"
"C11B1","LRTLFSHCMRWKGY-UHFFFAOYSA-N"
"CP2C9","MVEYHUFYLLSGSR-UHFFFAOYSA-N"
"C11B2","MOUHKVCNIZIARN-UHFFFAOYSA-N"
"CP1A2","KWULQQPKJVEXMY-UHFFFAOYSA-N"
"CP2D6","OSRBIQHRPHNLEN-UHFFFAOYSA-N"
"CP2C9","OSRBIQHRPHNLEN-UHFFFAOYSA-N"
"CP3A4","UPMYXXWLKPRNBD-RUZDIDTESA-N"
"CP24A","LQGYKHNSMDUBEX-UHFFFAOYSA-N"
"CP3A4","SLIFTHAOQMHZDP-UHFFFAOYSA-N"
"CP3A4","ITUKYMGUUJBALP-UHFFFAOYSA-N"
"C11B2","SLIFTHAOQMHZDP-UHFFFAOYSA-N"
"C11B2","ITUKYMGUUJBALP-UHFFFAOYSA-N"
"C11B1","SLIFTHAOQMHZDP-UHFFFAOYSA-N"
"C11B1","ITUKYMGUUJBALP-UHFFFAOYSA-N"
"THAS","RMGXUWDQFIYRBZ-UHFFFAOYSA-N"
"CP19A","AGDFPJBCGAJMIS-UHFFFAOYSA-N"
"CP2C9","KBDZMHUBIGWJPD-UHFFFAOYSA-N"
"CP1A2","KBDZMHUBIGWJPD-UHFFFAOYSA-N"
"CP1A2","SBDOPCIVOPZGMV-UHFFFAOYSA-N"
"CP2D6","HAKKERAGHOXDDR-UHFFFAOYSA-N"
"CP3A4","DTNUQCRCHKWJCE-PKLMIRHRSA-N"
"CP3A4","JUCJQZNUMLLICR-UHFFFAOYSA-N"
"CP2C9","JUCJQZNUMLLICR-UHFFFAOYSA-N"
"CP3A4","HBNPJJILLOYFJU-VMPREFPWSA-N"
"CP2D6","HBNPJJILLOYFJU-VMPREFPWSA-N"
"CP2CJ","BBEBKAGLYIMBCE-UHFFFAOYSA-N"
"CP2CJ","JSTVKVBTXCGTLN-UHFFFAOYSA-N"
"CP3A4","HUPNMGIBODMDOH-UHFFFAOYSA-N"
"CP3A4","YAPJZGXRIHUBAY-UHFFFAOYSA-N"
"CP2CJ","HUPNMGIBODMDOH-UHFFFAOYSA-N"
"CP2CJ","GEPUTKWSUKGITG-UHFFFAOYSA-N"
"CP3A4","ATALOFNDEOCMKK-OITMNORJSA-N"
"CP3A4","DYJSODVHTVCXIA-QHCPKHFHSA-N"
"CP2CJ","DYJSODVHTVCXIA-QHCPKHFHSA-N"
"CP3A4","MWWLVSZLKTULPS-UHFFFAOYSA-N"
"C11B2","XDFGFMSHVHUFHW-UHFFFAOYSA-N"
"C11B1","XDFGFMSHVHUFHW-UHFFFAOYSA-N"
"CP3A4","JVNKLECJDZSZDR-GMQQYTKMSA-N"
"CP1A2","DVDLZLUKYIFIOR-UHFFFAOYSA-N"
"CP3A4","GYQHHRDRGBGZKH-UHFFFAOYSA-N"
"CP3A4","MSHULPIKNRKAQH-QZTJIDSGSA-N"
"CP2D6","MSHULPIKNRKAQH-QZTJIDSGSA-N"
"CP2D6","MTYFDEYZRYWPAI-DNQXCXABSA-N"
"CP3A4","RWTBFMYLCXHAKG-NRFANRHFSA-N"
"C11B2","PZPZHHNJIWLCNC-POHAHGRESA-N"
"C11B2","FXLOWXDBTSZJFZ-XFFZJAGNSA-N"
"C11B2","SNWLVVNOSVKKRA-UXBLZVDNSA-N"
"C11B2","PZPZHHNJIWLCNC-UXBLZVDNSA-N"
"C11B2","FXLOWXDBTSZJFZ-YRNVUSSQSA-N"
"C11B2","KVRYTKBSTLSXKC-XFXZXTDPSA-N"
"C11B1","PZPZHHNJIWLCNC-POHAHGRESA-N"
"C11B1","FXLOWXDBTSZJFZ-XFFZJAGNSA-N"
"C11B1","SNWLVVNOSVKKRA-UXBLZVDNSA-N"
"C11B1","PZPZHHNJIWLCNC-UXBLZVDNSA-N"
"C11B1","FXLOWXDBTSZJFZ-YRNVUSSQSA-N"
"C11B1","KVRYTKBSTLSXKC-XFXZXTDPSA-N"
"CP19A","PZPZHHNJIWLCNC-POHAHGRESA-N"
"CP19A","FXLOWXDBTSZJFZ-XFFZJAGNSA-N"
"CP19A","SNWLVVNOSVKKRA-UXBLZVDNSA-N"
"CP19A","PZPZHHNJIWLCNC-UXBLZVDNSA-N"
"CP19A","FXLOWXDBTSZJFZ-YRNVUSSQSA-N"
"CP19A","KVRYTKBSTLSXKC-XFXZXTDPSA-N"
"CP2CJ","WFDHLKUQFQCHKF-UHFFFAOYSA-N"
"CP2C9","WFDHLKUQFQCHKF-UHFFFAOYSA-N"
"CP2C8","WFDHLKUQFQCHKF-UHFFFAOYSA-N"
"CP3A4","ONHFEABHFHNJOU-UHFFFAOYSA-N"
"CP3A4","WQBAZXIQANTUOY-KRWDZBQOSA-N"
"C11B2","CWQIYOHKMPSADC-UHFFFAOYSA-N"
"CP3A4","YVITVABZYDPMHU-UHFFFAOYSA-N"
"CP2C9","YVITVABZYDPMHU-UHFFFAOYSA-N"
"CP19A","NSERFLUCMWRPGI-UHFFFAOYSA-N"
"C11B2","IRIDOYGIOXFPNA-UHFFFAOYSA-N"
"CP19A","IRIDOYGIOXFPNA-UHFFFAOYSA-N"
"CP17A","IRIDOYGIOXFPNA-UHFFFAOYSA-N"
"CP1A1","SGCHHBNZVHGDCN-UHFFFAOYSA-N"
"CP1A1","MLKMZXXASLGEPG-UHFFFAOYSA-N"
"CP1A2","MLKMZXXASLGEPG-UHFFFAOYSA-N"
"CP2C9","QTWZLGJMQCNKFJ-UHFFFAOYSA-N"
"CP2D6","SMTXKVURUPJKNQ-OAQYLSRUSA-N"
"CP2D6","UFUDJJBHRBMKDD-UHFFFAOYSA-N"
"CP2C9","UFUDJJBHRBMKDD-UHFFFAOYSA-N"
"CP2C8","UFUDJJBHRBMKDD-UHFFFAOYSA-N"
"CP3A4","HPCPCLJRBNRLLW-UHFFFAOYSA-N"
"CP2D6","NEPGOHXZJPYLLQ-UHFFFAOYSA-N"
"CP3A4","IKUISOBQXBKHEE-UHFFFAOYSA-N"
"CP3A4","CKZFVWOHYQPQSY-UHFFFAOYSA-N"
"CP3A4","AMGZVHXDDMROJU-UHFFFAOYSA-N"
"CP1A2","CLRZKWDDCHPPFI-UHFFFAOYSA-N"
"CP2C8","YPXHRVREWGTCMZ-UXHICEINSA-N"
"CP3A4","MOQYJMVBPKWDGC-UXHICEINSA-N"
"CP2C9","MOQYJMVBPKWDGC-UXHICEINSA-N"
"CP1A2","CZQHHVNHHHRRDU-UHFFFAOYSA-N"
"CP3A4","MCPPMOSBWNMSOA-UHFFFAOYSA-N"
"CP2CJ","WQCVKQKJPUHDNW-UHFFFAOYSA-N"
"CP2D6","BGRWOLNAPSRJIS-BJZITVGISA-N"
"CP3A4","IWFKTDGQARWPEC-MAYPULDCSA-N"
"CP2CJ","CYCDARWXZPYIBX-UHFFFAOYSA-N"
"CP2C9","CYCDARWXZPYIBX-UHFFFAOYSA-N"
"CP3A4","JAJZURBQJLCEQE-UHFFFAOYSA-N"
"CP3A4","GVIKXRIOBFGDFP-UHFFFAOYSA-N"
"CP3A4","YFFZLXAPKOKACC-UHFFFAOYSA-N"
"CP3A4","GVURCJXFYIMVMG-UHFFFAOYSA-N"
"CP2D6","YFFZLXAPKOKACC-UHFFFAOYSA-N"
"CP2D6","GVURCJXFYIMVMG-UHFFFAOYSA-N"
"CP2CJ","JAJZURBQJLCEQE-UHFFFAOYSA-N"
"CP2CJ","GVIKXRIOBFGDFP-UHFFFAOYSA-N"
"CP2CJ","YFFZLXAPKOKACC-UHFFFAOYSA-N"
"CP1A2","UEUUWJVQGWZIJY-UHFFFAOYSA-N"
"CP2C9","QBOWGZQRUNUQGL-ZDLGFXPLSA-N"
"CP3A4","WGEHOPBYUQXTMK-UHFFFAOYSA-N"
"CP2C9","JBZRAEUHDPMQSF-UHFFFAOYSA-N"
"CP2D6","YYZODXXLBSUZSX-UHFFFAOYSA-N"
"CP2CJ","YYZODXXLBSUZSX-UHFFFAOYSA-N"
"CP2D6","NSLNAFLIDKTSFM-UHFFFAOYSA-N"
"CP2CJ","NSLNAFLIDKTSFM-UHFFFAOYSA-N"
"CP2C9","NSLNAFLIDKTSFM-UHFFFAOYSA-N"
"CP3A4","HGXZDFUNUJFDRQ-UHFFFAOYSA-N"
"CP2D6","HGXZDFUNUJFDRQ-UHFFFAOYSA-N"
"CP24A","DDJXPAZBFKVUFW-ZHACJKMWSA-N"
"CP3A4","UXFHVEVFSFZCGS-UHFFFAOYSA-N"
"CP26A","UXFHVEVFSFZCGS-UHFFFAOYSA-N"
"CP19A","XPZLSAZRILMQEG-UHFFFAOYSA-N"
"CP3A4","GNSDDKAAHUFOKJ-UHFFFAOYSA-N"
"CP3A4","KNOIFPSQNXJZDE-UHFFFAOYSA-N"
"CP3A4","NLJHGKLCSVZNRM-UHFFFAOYSA-N"
"CP3A4","YXMQIWJYPNBZJS-QFIPXVFZSA-N"
"CP3A4","HQCQFKQGMPBYGP-HQXRPOMGSA-N"
"CP2CJ","HQCQFKQGMPBYGP-HQXRPOMGSA-N"
"CP2CJ","UYYCHKFCCDPBMQ-AFYCESQPSA-N"
"CP2C9","HQCQFKQGMPBYGP-HQXRPOMGSA-N"
"CP2C9","UYYCHKFCCDPBMQ-AFYCESQPSA-N"
"CP3A4","XTULNCWAJUYUIA-PNTNLKMUSA-N"
"CP3A4","KFENBNGSHOHELN-BSYJTBJZSA-N"
"CP3A4","JQONSQMAQRQLRF-KBSXYSMTSA-N"
"CP3A4","XRBFZYFJBUZBIE-NDIVSWGXSA-N"
"CP1B1","GBOIYIBKDOOVMK-UHFFFAOYSA-N"
"CP1A2","GBOIYIBKDOOVMK-UHFFFAOYSA-N"
"CP19A","BRWXOOIUQMUMHI-OCOZRVBESA-N"
"CP2C8","TYWWABBJXVGGPH-KRWDZBQOSA-N"
"C11B2","BFRUEBOGSICGKZ-UHFFFAOYSA-N"
"C11B1","BFRUEBOGSICGKZ-UHFFFAOYSA-N"
"CP19A","BFRUEBOGSICGKZ-UHFFFAOYSA-N"
"CP1A2","YLESIDOZBVSZQT-UHFFFAOYSA-N"
"CP51A","OCAPBUJLXMYKEJ-UHFFFAOYSA-N"
"CP17A","OCAPBUJLXMYKEJ-UHFFFAOYSA-N"
"CP17A","PAFKTGFSEFKSQG-PAASFTFBSA-N"
"C11B2","NKWUYAGAAIUZCU-UHFFFAOYSA-N"
"CP19A","NKWUYAGAAIUZCU-UHFFFAOYSA-N"
"CP1A1","MWCIWTVUVKVTQG-UHFFFAOYSA-N"
"CP2D6","AQTIPNCIMOFYSH-SDUSCBPUSA-N"
"CP17A","YIWNIULQOQYDHI-CEJNIXRPSA-N"
"CP19A","RFVQMQYIYHOBDE-UHFFFAOYSA-N"
"C11B2","MBAVDMJPGMKVTG-UHFFFAOYSA-N"
"C11B1","MBAVDMJPGMKVTG-UHFFFAOYSA-N"
"CP3A4","JSWZEAMFRNKZNL-UHFFFAOYSA-N"
"CP1A2","JSWZEAMFRNKZNL-UHFFFAOYSA-N"
"CP3A4","LDZNFFGWKHAEMM-GDBMZVCRSA-N"
"CP3A4","OCGIYHGXHMLCPX-UKRRQHHQSA-N"
"CP2D6","LDZNFFGWKHAEMM-GDBMZVCRSA-N"
"CP2D6","OCGIYHGXHMLCPX-UKRRQHHQSA-N"
"CP2C9","LDZNFFGWKHAEMM-GDBMZVCRSA-N"
"CP2C9","OCGIYHGXHMLCPX-UKRRQHHQSA-N"
"CP1A2","WNTMDVWCVCRJBT-UHFFFAOYSA-N"
"CP19A","GIMAXNWIBCVIQO-UHFFFAOYSA-N"
"CP3A4","QJJXYPPXXYFBGM-LFZNUXCKSA-N"
"CP3A5","QJJXYPPXXYFBGM-LFZNUXCKSA-N"
"CP2B6","BCEHBSKCWLPMDN-MGPLVRAMSA-N"
"CP19A","ZKGILAGEAKMIIG-UHFFFAOYSA-N"
"CP19A","SMRMFVJXCAYQJF-UHFFFAOYSA-N"
"CP2C9","MXDWNZUMSIYAFL-UHFFFAOYSA-N"
"CP2D6","LOUPRKONTZGTKE-VOMFEXJBSA-N"
"CP2DQ","LOUPRKONTZGTKE-VOMFEXJBSA-N"
"CP2D6","GRTOGORTSDXSFK-XJTZBENFSA-N"
"CP19A","FZLIDDHIWVEFTK-UHFFFAOYSA-N"
"CP3A4","DYYJWDSYFDXNOW-FLOLVYIHSA-N"
"CP2D6","DYYJWDSYFDXNOW-FLOLVYIHSA-N"
"CP2C9","DYYJWDSYFDXNOW-FLOLVYIHSA-N"
"CP2D6","XPNMCDYOYIKVGB-CONSDPRKSA-N"
"CP3A4","QAGYKUNXZHXKMR-HKWSIXNMSA-N"
"CP3A5","QAGYKUNXZHXKMR-HKWSIXNMSA-N"
"THAS","QRJJEGAJXVEBNE-HKOYGPOVSA-N"
"CP3A4","YMARZQAQMVYCKC-OEMFJLHTSA-N"
"CP3A5","YMARZQAQMVYCKC-OEMFJLHTSA-N"
"CP2E1","CWPOROUIZKNJHY-UHFFFAOYSA-N"
"CP2A6","CWPOROUIZKNJHY-UHFFFAOYSA-N"
"CP1A1","PHJHYXAJAMTIKE-UHFFFAOYSA-N"
"CP1A1","JLXMVSQXHQXVQK-UHFFFAOYSA-N"
"CP1B1","PHJHYXAJAMTIKE-UHFFFAOYSA-N"
"CP1B1","JLXMVSQXHQXVQK-UHFFFAOYSA-N"
"CP1A2","PHJHYXAJAMTIKE-UHFFFAOYSA-N"
"CP1A2","JLXMVSQXHQXVQK-UHFFFAOYSA-N"
"CP2CJ","OHJRRLRVZSBFGS-UHFFFAOYSA-N"
"CP2C9","OHJRRLRVZSBFGS-UHFFFAOYSA-N"
"CP2C8","OHJRRLRVZSBFGS-UHFFFAOYSA-N"
"CP2D6","FXFKPMGUMYHNAD-UHFFFAOYSA-N"
"CP2D6","QQXCPIPMLCDOFK-UHFFFAOYSA-N"
"CP3A4","KKQXNJWVSUWKOH-UHFFFAOYSA-M"
"C11B2","UXSZYTPHCJCTQM-UHFFFAOYSA-N"
"CP3A4","AXMKFPDKHLZNID-UHFFFAOYSA-N"
"CP2CJ","AXMKFPDKHLZNID-UHFFFAOYSA-N"
"CP2C9","AXMKFPDKHLZNID-UHFFFAOYSA-N"
"CP2C9","LGNVIXULXLACQS-UHFFFAOYSA-N"
"CP1A2","AXMKFPDKHLZNID-UHFFFAOYSA-N"
"CP1A2","LGNVIXULXLACQS-UHFFFAOYSA-N"
"THAS","WDQMLODRNDPFTE-KDQGZUQZSA-N"
"C11B2","QIVWARVJVDCWCQ-OAHLLOKOSA-N"
"C11B1","QIVWARVJVDCWCQ-OAHLLOKOSA-N"
"C11B1","RREMZBZSESFIKG-UHFFFAOYSA-N"
"CP1A2","LXIKEPCNDFVJKC-QXMHVHEDSA-N"
"CP2D6","NDZYPHLNJZSQJY-QNWVGRARSA-N"
"CP2E1","CKCZUAVVHJHNJY-UHFFFAOYSA-N"
"CP2CJ","CKCZUAVVHJHNJY-UHFFFAOYSA-N"
"CP2C9","CKCZUAVVHJHNJY-UHFFFAOYSA-N"
"CP2D6","WUTRELIDULYHSO-FPOVZHCZSA-N"
"CP2D6","MDQSOSLERPCADB-ZDUSSCGKSA-N"
"C11B2","DLVDKSLOILJIGT-UHFFFAOYSA-N"
"C11B1","DLVDKSLOILJIGT-UHFFFAOYSA-N"
"CP3A4","VHVPQPYKVGDNFY-ZPGVKDDISA-N"
"CP1A2","STINDBVFOPRZHE-UHFFFAOYSA-N"
"CP2D6","HEXTXRMVMKIBQR-RZPFDVGOSA-N"
"C11B2","VKGUMSNSPMTJMS-UHFFFAOYSA-N"
"C11B2","HJWKBORBWDDYTP-UHFFFAOYSA-N"
"C11B2","PHSPPOUTJWWXDM-UHFFFAOYSA-N"
"CP19A","VKGUMSNSPMTJMS-UHFFFAOYSA-N"
"CP19A","HJWKBORBWDDYTP-UHFFFAOYSA-N"
"CP19A","PHSPPOUTJWWXDM-UHFFFAOYSA-N"
"CP17A","VKGUMSNSPMTJMS-UHFFFAOYSA-N"
"CP17A","HJWKBORBWDDYTP-UHFFFAOYSA-N"
"CP17A","PHSPPOUTJWWXDM-UHFFFAOYSA-N"
"CP2D6","BCTLSZQHWJZWPH-RUYIAYPLSA-N"
"CP2C9","YYGZHVJDHMMABU-OGLMXYFKSA-N"
"CP3A4","BZNKJBLTXSCEIN-UHFFFAOYSA-N"
"CP3A4","JOPYKTLQPXTHOU-UHFFFAOYSA-N"
"CP1A1","ATEBPIVIGFANOA-UHFFFAOYSA-N"
"CP1A1","MTUMFLJDHUBKMO-UHFFFAOYSA-N"
"CP1B1","ATEBPIVIGFANOA-UHFFFAOYSA-N"
"CP1B1","MTUMFLJDHUBKMO-UHFFFAOYSA-N"
"CP1A2","ATEBPIVIGFANOA-UHFFFAOYSA-N"
"CP1A2","MTUMFLJDHUBKMO-UHFFFAOYSA-N"
"CP2C9","SJZYZYMKFRJDEE-UHFFFAOYSA-N"
"CP3A4","UHNVWCCKBJDIGZ-MRXNPFEDSA-N"
"CP2C9","QFJAWVIERUMTED-OAHLLOKOSA-N"
"CP26A","XNPARDFAECDMGN-UHFFFAOYSA-N"
"CP3A4","AQFXVMZZFFFSCG-UHFFFAOYSA-N"
"CP2D6","PUSSNOHHCKDXMM-RPWUZVMVSA-N"
"C11B1","JJPOCVQOQBXDOT-UHFFFAOYSA-N"
"CP19A","JJPOCVQOQBXDOT-UHFFFAOYSA-N"
"CP3A4","UGFHIPBXIWJXNA-UHFFFAOYSA-N"
"CP26A","UGFHIPBXIWJXNA-UHFFFAOYSA-N"
"CP19A","UGFHIPBXIWJXNA-UHFFFAOYSA-N"
"CP24A","UGFHIPBXIWJXNA-UHFFFAOYSA-N"
"CP26A","PJNAJZSNGGHTRM-UHFFFAOYSA-N"
"CP3A4","QYOZNVCKISSENR-MRXNPFEDSA-N"
"C11B1","NXBVQFNDCVPKIC-UHFFFAOYSA-N"
"CP2D6","XEFAKHLQYOJTSO-SJORKVTESA-N"
"CP3A4","DZKYPGWZOFNJJM-QFIPXVFZSA-N"
"CP3A4","KFUYKTYUJHLOPQ-UHFFFAOYSA-N"
"CP2CJ","KFUYKTYUJHLOPQ-UHFFFAOYSA-N"
"CP2C9","KFUYKTYUJHLOPQ-UHFFFAOYSA-N"
"CP1A1","IMQYKQIOGUZSFO-UHFFFAOYSA-N"
"CP1B1","IMQYKQIOGUZSFO-UHFFFAOYSA-N"
"CP1A2","IMQYKQIOGUZSFO-UHFFFAOYSA-N"
"TOP1","VSJKWCGYPAHWDS-FQEVSTJZSA-N"
"TOP1","KWAYUHRDXOXKNH-SANMLTNESA-N"
"PPIA","JUEZIXBGVAKTAS-UHFFFAOYSA-N"
"FKB1A","QJJXYPPXXYFBGM-LFZNUXCKSA-N"
"TOP2A","GWPWVCALQLLWNF-UHFFFAOYSA-N"
"PDE7A","NEAVXSYDFFCBNJ-UHFFFAOYSA-N"
"PDE2A","NEAVXSYDFFCBNJ-UHFFFAOYSA-N"
"PDE10","NEAVXSYDFFCBNJ-UHFFFAOYSA-N"
"PDE2A","YNADXFWEXJTQSZ-UHFFFAOYSA-N"
"PDE11","YNADXFWEXJTQSZ-UHFFFAOYSA-N"
"PDE10","YNADXFWEXJTQSZ-UHFFFAOYSA-N"
"PDE5A","YNADXFWEXJTQSZ-UHFFFAOYSA-N"
"PDE10","ZVZABYFRKPBBCU-UHFFFAOYSA-N"
"PDE5A","REZGGXNDEMKIQB-UHFFFAOYSA-N"
"PDE4A","LFZGKSILZCJTOF-UHFFFAOYSA-N"
"PDE10","YLDZXUUFBPSDJR-ZVHZXABRSA-N"
"PDE10","QFABJLGPZFVSDM-UHFFFAOYSA-N"
"PDE4B","JTGBYRRUQUQVJF-UFADHCMUSA-N"
"PDE4D","JTGBYRRUQUQVJF-UFADHCMUSA-N"
"PDE11","PFUKSWGPHRDSII-WIYYLYMNSA-N"
"PDE5A","PFUKSWGPHRDSII-WIYYLYMNSA-N"
"PDE10","WUBLYECGKVDFTH-UHFFFAOYSA-N"
"PDE4A","REEYYMDAALTGHS-ZVHZXABRSA-N"
"PDE10","OADIRORPIWSRQU-UHFFFAOYSA-N"
"PDE4A","OADIRORPIWSRQU-UHFFFAOYSA-N"
"PDE4B","OADIRORPIWSRQU-UHFFFAOYSA-N"
"PDE10","ACOOVXAIHUBKJQ-UHFFFAOYSA-N"
"PDE4B","ACOOVXAIHUBKJQ-UHFFFAOYSA-N"
"PDE10","WJNWPLQILLWLKJ-UHFFFAOYSA-N"
"PDE10","UUZPOFPCYPGMBO-WYMPLXKRSA-N"
"PDE7A","AABLQBRGBFMNIT-UHFFFAOYSA-N"
"PDE4B","AABLQBRGBFMNIT-UHFFFAOYSA-N"
"PDE5A","AFNXLLBJVMVVLQ-UHFFFAOYSA-N"
"PDE4C","RRRUXBQSQLKHEL-UHFFFAOYSA-N"
"PDE4A","RRRUXBQSQLKHEL-UHFFFAOYSA-N"
"PDE4B","RRRUXBQSQLKHEL-UHFFFAOYSA-N"
"PDE4D","RRRUXBQSQLKHEL-UHFFFAOYSA-N"
"PDE10","QRBPKZZGAPPQLW-UHFFFAOYSA-N"
"PDE2A","NWAWSQQMTQQBGL-UHFFFAOYSA-N"
"PDE1A","NWAWSQQMTQQBGL-UHFFFAOYSA-N"
"PDE6C","NWAWSQQMTQQBGL-UHFFFAOYSA-N"
"PDE5A","NWAWSQQMTQQBGL-UHFFFAOYSA-N"
"PDE10","VOUAUMKVLOMARH-UHFFFAOYSA-N"
"PDE7A","UTBLBBLPNRMFHN-UHFFFAOYSA-N"
"PDE4A","UTBLBBLPNRMFHN-UHFFFAOYSA-N"
"PDE10","XUVQDOKJUZEZAL-UHFFFAOYSA-N"
"PDE6A","XUVQDOKJUZEZAL-UHFFFAOYSA-N"
"PDE5A","XUVQDOKJUZEZAL-UHFFFAOYSA-N"
"PDE3A","VIQYGEOSRSOQKW-UHFFFAOYSA-N"
"PDE7A","VIQYGEOSRSOQKW-UHFFFAOYSA-N"
"PDE10","VIQYGEOSRSOQKW-UHFFFAOYSA-N"
"PDE7A","DNHMCBAUCKMZOU-UHFFFAOYSA-N"
"PDE7B","DNHMCBAUCKMZOU-UHFFFAOYSA-N"
"PDE2A","MIATWQLLYKUWRD-UHFFFAOYSA-N"
"PDE10","MIATWQLLYKUWRD-UHFFFAOYSA-N"
"PDE8A","QGTJGTFOISKMAD-SNVBAGLBSA-N"
"PDE8B","QGTJGTFOISKMAD-SNVBAGLBSA-N"
"PDE3B","SQYNPZYBHGTSOY-ZDUSSCGKSA-N"
"PDE3B","QRWHTFXNHZLJAL-HNNXBMFYSA-N"
"PDE3B","VQYHPUHKYSSEOB-ZDUSSCGKSA-N"
"PDE1C","SQYNPZYBHGTSOY-ZDUSSCGKSA-N"
"PDE1A","SQYNPZYBHGTSOY-ZDUSSCGKSA-N"
"PDE1A","QRWHTFXNHZLJAL-HNNXBMFYSA-N"
"PDE1A","VQYHPUHKYSSEOB-ZDUSSCGKSA-N"
"PDE11","QRWHTFXNHZLJAL-HNNXBMFYSA-N"
"PDE10","SQYNPZYBHGTSOY-ZDUSSCGKSA-N"
"PDE10","QRWHTFXNHZLJAL-HNNXBMFYSA-N"
"PDE10","VQYHPUHKYSSEOB-ZDUSSCGKSA-N"
"PDE11","IZEKFCXSFNUWAM-UHFFFAOYSA-N"
"PDE10","IZEKFCXSFNUWAM-UHFFFAOYSA-N"
"PDE7A","KIURSEWENRYPDI-UHFFFAOYSA-N"
"PDE7B","KIURSEWENRYPDI-UHFFFAOYSA-N"
"PDE1C","RHYNVXDLIQWYAD-FOIQADDNSA-N"
"PDE10","XXULVXRUHIQODD-UHFFFAOYSA-N"
"PDE3A","XAAHXEZYFNXBEN-UHFFFAOYSA-N"
"PDE4B","XAAHXEZYFNXBEN-UHFFFAOYSA-N"
"PDE2A","MKDCJQHBHVASHQ-UHFFFAOYSA-N"
"PDE4B","ZTZYWJBULLPCBI-UHFFFAOYSA-N"
"PDE4D","ZTZYWJBULLPCBI-UHFFFAOYSA-N"
"PDE2A","WWDWOMMRJQGUCP-UHFFFAOYSA-N"
"PDE4B","WWDWOMMRJQGUCP-UHFFFAOYSA-N"
"PDE2A","SNQXTEAQGLZIDL-UHFFFAOYSA-N"
"PDE10","SNQXTEAQGLZIDL-UHFFFAOYSA-N"
"PDE10","CLRZKWDDCHPPFI-UHFFFAOYSA-N"
"PDE4B","UNWPSEOEUTWMDS-MKPDMIMOSA-N"
"PDE4B","IWFKTDGQARWPEC-MAYPULDCSA-N"
"PDE4B","BIEGUOUGXUGXQL-IDXOVHGGSA-N"
"PDE4D","BIEGUOUGXUGXQL-IDXOVHGGSA-N"
"PDE10","SWHQBIRUZBZCMN-UHFFFAOYSA-N"
"PDE7A","IEEUPGCMNMSTBL-UHFFFAOYSA-N"
"PDE7A","HVXLYTLVGVKSCK-UHFFFAOYSA-N"
"PDE4B","HVXLYTLVGVKSCK-UHFFFAOYSA-N"
"PDE7A","KNKPONLBTNMNAZ-UHFFFAOYSA-N"
"PDE4B","KNKPONLBTNMNAZ-UHFFFAOYSA-N"
"PDE1B","YWLVSEKLYMROTP-UHFFFAOYSA-N"
"PDE3A","YWLVSEKLYMROTP-UHFFFAOYSA-N"
"PDE10","YWLVSEKLYMROTP-UHFFFAOYSA-N"
"PDE4D","YWLVSEKLYMROTP-UHFFFAOYSA-N"
"PDE7A","HQKUXNBKAFHBHJ-UHFFFAOYSA-N"
"PDE4B","HQKUXNBKAFHBHJ-UHFFFAOYSA-N"
"PDE3A","OZGMVFAOJFAKML-UHFFFAOYSA-N"
"PDE7A","OZGMVFAOJFAKML-UHFFFAOYSA-N"
"PDE4B","OZGMVFAOJFAKML-UHFFFAOYSA-N"
"PDE3A","XSNLHLHGJSLJQA-UHFFFAOYSA-N"
"PDE7A","XSNLHLHGJSLJQA-UHFFFAOYSA-N"
"PDE5A","XSNLHLHGJSLJQA-UHFFFAOYSA-N"
"PDE4B","XSNLHLHGJSLJQA-UHFFFAOYSA-N"
"PDE1B","UBBCZBKJYNXHGT-GFCCVEGCSA-N"
"PDE5A","UBBCZBKJYNXHGT-GFCCVEGCSA-N"
"PDE7A","OSIAQFSEAYCSKV-UHFFFAOYSA-N"
"PDE4B","OSIAQFSEAYCSKV-UHFFFAOYSA-N"
"PDE7A","RSTAFNGCTLDAPB-UHFFFAOYSA-N"
"PDE4B","RSTAFNGCTLDAPB-UHFFFAOYSA-N"
"PDE1B","KUPWRWKMDGKQKQ-UHFFFAOYSA-N"
"PDE10","RTTCIGVREARCQM-HDJSIYSDSA-N"
"PDE3A","LKMCFTQDIARYFG-UHFFFAOYSA-N"
"PDE10","OOOKPENMJKOYJM-UHFFFAOYSA-N"
"PDE2A","KTVOIZSPBSYWIC-UHFFFAOYSA-N"
"PDE10","KTVOIZSPBSYWIC-UHFFFAOYSA-N"
"PDE10","JDFBORTWMSETMR-UHFFFAOYSA-N"
"PDE2A","GMVMJTOBEXWBGG-UHFFFAOYSA-N"
"PDE10","GMVMJTOBEXWBGG-UHFFFAOYSA-N"
"PDE4B","QBELYPNPJPBHAU-UHFFFAOYSA-N"
"PDE3A","GWIPZYBIMCNGCR-MRXNPFEDSA-N"
"PDE3B","GWIPZYBIMCNGCR-MRXNPFEDSA-N"
"PDE2A","CTBSIWZADWNGPL-UHFFFAOYSA-N"
"PDE10","CTBSIWZADWNGPL-UHFFFAOYSA-N"
"PDE5A","MVMQGWXVSBNFLB-MUUNZHRXSA-N"
"PDE11","SECKRCOLJRRGGV-UHFFFAOYSA-N"
"PDE10","SECKRCOLJRRGGV-UHFFFAOYSA-N"
"PDE5A","SECKRCOLJRRGGV-UHFFFAOYSA-N"
"PDE4A","ZPTWZORADURFAJ-UHFFFAOYSA-N"
"PDE4A","KGVHJHCDZZCOPP-UHFFFAOYSA-N"
"PDE4A","OABYACYIEYCOBM-UHFFFAOYSA-N"
"PDE4A","QHBUBTMCZYKOAQ-UHFFFAOYSA-N"
"PDE4A","YFASTVZAZWFDOS-UHFFFAOYSA-N"
"PDE4A","DDKQRPGJIVXWMQ-UHFFFAOYSA-N"
"PDE4A","CHXCBEJGWFGXHC-UHFFFAOYSA-N"
"PDE4B","ZPTWZORADURFAJ-UHFFFAOYSA-N"
"PDE4B","KGVHJHCDZZCOPP-UHFFFAOYSA-N"
"PDE4B","OABYACYIEYCOBM-UHFFFAOYSA-N"
"PDE4B","QHBUBTMCZYKOAQ-UHFFFAOYSA-N"
"PDE4B","YFASTVZAZWFDOS-UHFFFAOYSA-N"
"PDE4B","DDKQRPGJIVXWMQ-UHFFFAOYSA-N"
"PDE4B","CHXCBEJGWFGXHC-UHFFFAOYSA-N"
"PDE4D","ZPTWZORADURFAJ-UHFFFAOYSA-N"
"PDE4D","KGVHJHCDZZCOPP-UHFFFAOYSA-N"
"PDE4D","OABYACYIEYCOBM-UHFFFAOYSA-N"
"PDE4D","QHBUBTMCZYKOAQ-UHFFFAOYSA-N"
"PDE4D","YFASTVZAZWFDOS-UHFFFAOYSA-N"
"PDE4D","DDKQRPGJIVXWMQ-UHFFFAOYSA-N"
"PDE4D","CHXCBEJGWFGXHC-UHFFFAOYSA-N"
"PDE3A","WQHMBRVYRFOUDL-UHFFFAOYSA-N"
"PDE7A","WQHMBRVYRFOUDL-UHFFFAOYSA-N"
"PDE4D","WQHMBRVYRFOUDL-UHFFFAOYSA-N"
"PDE7A","UMFXVVXAPUQWOC-UHFFFAOYSA-N"
"PDE7A","FHILGPQALCJBPN-UHFFFAOYSA-N"
"PDE2A","FHILGPQALCJBPN-UHFFFAOYSA-N"
"PDE10","FHILGPQALCJBPN-UHFFFAOYSA-N"
"PDE5A","ILKQRTXPJWHTCQ-UHFFFAOYSA-N"
"PDE4C","NRTPACQHCGILGF-MFKUBSTISA-N"
"PDE4C","BQEBFXOTHOXEOX-LQKURTRISA-N"
"PDE4C","YYGZHVJDHMMABU-OGLMXYFKSA-N"
"PDE4C","YYGZHVJDHMMABU-QRQIAZFYSA-N"
"PDE4A","NRTPACQHCGILGF-MFKUBSTISA-N"
"PDE4A","BQEBFXOTHOXEOX-LQKURTRISA-N"
"PDE4A","YYGZHVJDHMMABU-OGLMXYFKSA-N"
"PDE4A","YYGZHVJDHMMABU-QRQIAZFYSA-N"
"PDE4B","NRTPACQHCGILGF-MFKUBSTISA-N"
"PDE4B","BQEBFXOTHOXEOX-LQKURTRISA-N"
"PDE4B","YYGZHVJDHMMABU-OGLMXYFKSA-N"
"PDE4B","YYGZHVJDHMMABU-QRQIAZFYSA-N"
"PDE4D","NRTPACQHCGILGF-MFKUBSTISA-N"
"PDE4D","BQEBFXOTHOXEOX-LQKURTRISA-N"
"PDE4D","YYGZHVJDHMMABU-OGLMXYFKSA-N"
"PDE4D","YYGZHVJDHMMABU-QRQIAZFYSA-N"
"PDE4C","APHANYYADPNRCL-UHFFFAOYSA-N"
"PDE4C","XVFXPIPTQRSUTA-UHFFFAOYSA-N"
"PDE4C","QGELAKDHJSCTHV-UHFFFAOYSA-N"
"PDE4C","RKHSMIVCRGVSAI-UHFFFAOYSA-N"
"PDE4C","MIKQDQMGJFMIAZ-UHFFFAOYSA-N"
"PDE4C","OLDNCOKMXZXSQN-UHFFFAOYSA-N"
"PDE4C","XPEZNWWCRUWHBE-UHFFFAOYSA-N"
"PDE4C","QIGAIOOPCCZYDO-UHFFFAOYSA-N"
"PDE4C","OBKIBWWNAYXLEM-UHFFFAOYSA-N"
"PDE4C","HGDWTVWVCTUICT-UHFFFAOYSA-N"
"PDE4C","DTJGUSJXWUZZHK-STBIYBPSSA-N"
"PDE4C","JCWCKXNSHPKKEK-STBIYBPSSA-N"
"PDE4C","SRUGDVLQDNLYGA-CVKSISIWSA-N"
"PDE4C","DTJGUSJXWUZZHK-RHANQZHGSA-N"
"PDE4C","MFVDHDWORIHHOB-RDRPBHBLSA-N"
"PDE4C","AGNPWVFAZVESPJ-UHFFFAOYSA-N"
"PDE4C","VMARDPGLTIIYGC-UHFFFAOYSA-N"
"PDE4C","BUHIJXWAPNJKFJ-UHFFFAOYSA-N"
"PDE4C","RBRVHCMJYHPWCS-UHFFFAOYSA-N"
"PDE4C","DOKUUHZWXPIFPB-UHFFFAOYSA-N"
"PDE4C","KDAUXYRYNLBXOV-UHFFFAOYSA-N"
"PDE4C","MKNJREMNOZKXPS-UHFFFAOYSA-N"
"PDE4A","APHANYYADPNRCL-UHFFFAOYSA-N"
"PDE4A","XVFXPIPTQRSUTA-UHFFFAOYSA-N"
"PDE4A","QGELAKDHJSCTHV-UHFFFAOYSA-N"
"PDE4A","RKHSMIVCRGVSAI-UHFFFAOYSA-N"
"PDE4A","MIKQDQMGJFMIAZ-UHFFFAOYSA-N"
"PDE4A","OLDNCOKMXZXSQN-UHFFFAOYSA-N"
"PDE4A","XPEZNWWCRUWHBE-UHFFFAOYSA-N"
"PDE4A","QIGAIOOPCCZYDO-UHFFFAOYSA-N"
"PDE4A","OBKIBWWNAYXLEM-UHFFFAOYSA-N"
"PDE4A","HGDWTVWVCTUICT-UHFFFAOYSA-N"
"PDE4A","DTJGUSJXWUZZHK-STBIYBPSSA-N"
"PDE4A","JCWCKXNSHPKKEK-STBIYBPSSA-N"
"PDE4A","SRUGDVLQDNLYGA-CVKSISIWSA-N"
"PDE4A","DTJGUSJXWUZZHK-RHANQZHGSA-N"
"PDE4A","MFVDHDWORIHHOB-RDRPBHBLSA-N"
"PDE4A","AGNPWVFAZVESPJ-UHFFFAOYSA-N"
"PDE4A","VMARDPGLTIIYGC-UHFFFAOYSA-N"
"PDE4A","BUHIJXWAPNJKFJ-UHFFFAOYSA-N"
"PDE4A","RBRVHCMJYHPWCS-UHFFFAOYSA-N"
"PDE4A","DOKUUHZWXPIFPB-UHFFFAOYSA-N"
"PDE4A","KDAUXYRYNLBXOV-UHFFFAOYSA-N"
"PDE4A","MKNJREMNOZKXPS-UHFFFAOYSA-N"
"PDE4B","APHANYYADPNRCL-UHFFFAOYSA-N"
"PDE4B","XVFXPIPTQRSUTA-UHFFFAOYSA-N"
"PDE4B","QGELAKDHJSCTHV-UHFFFAOYSA-N"
"PDE4B","RKHSMIVCRGVSAI-UHFFFAOYSA-N"
"PDE4B","MIKQDQMGJFMIAZ-UHFFFAOYSA-N"
"PDE4B","OLDNCOKMXZXSQN-UHFFFAOYSA-N"
"PDE4B","XPEZNWWCRUWHBE-UHFFFAOYSA-N"
"PDE4B","QIGAIOOPCCZYDO-UHFFFAOYSA-N"
"PDE4B","OBKIBWWNAYXLEM-UHFFFAOYSA-N"
"PDE4B","HGDWTVWVCTUICT-UHFFFAOYSA-N"
"PDE4B","DTJGUSJXWUZZHK-STBIYBPSSA-N"
"PDE4B","JCWCKXNSHPKKEK-STBIYBPSSA-N"
"PDE4B","SRUGDVLQDNLYGA-CVKSISIWSA-N"
"PDE4B","DTJGUSJXWUZZHK-RHANQZHGSA-N"
"PDE4B","MFVDHDWORIHHOB-RDRPBHBLSA-N"
"PDE4B","AGNPWVFAZVESPJ-UHFFFAOYSA-N"
"PDE4B","VMARDPGLTIIYGC-UHFFFAOYSA-N"
"PDE4B","BUHIJXWAPNJKFJ-UHFFFAOYSA-N"
"PDE4B","RBRVHCMJYHPWCS-UHFFFAOYSA-N"
"PDE4B","DOKUUHZWXPIFPB-UHFFFAOYSA-N"
"PDE4B","KDAUXYRYNLBXOV-UHFFFAOYSA-N"
"PDE4B","MKNJREMNOZKXPS-UHFFFAOYSA-N"
"PDE4D","APHANYYADPNRCL-UHFFFAOYSA-N"
"PDE4D","XVFXPIPTQRSUTA-UHFFFAOYSA-N"
"PDE4D","QGELAKDHJSCTHV-UHFFFAOYSA-N"
"PDE4D","RKHSMIVCRGVSAI-UHFFFAOYSA-N"
"PDE4D","MIKQDQMGJFMIAZ-UHFFFAOYSA-N"
"PDE4D","OLDNCOKMXZXSQN-UHFFFAOYSA-N"
"PDE4D","XPEZNWWCRUWHBE-UHFFFAOYSA-N"
"PDE4D","QIGAIOOPCCZYDO-UHFFFAOYSA-N"
"PDE4D","OBKIBWWNAYXLEM-UHFFFAOYSA-N"
"PDE4D","HGDWTVWVCTUICT-UHFFFAOYSA-N"
"PDE4D","DTJGUSJXWUZZHK-STBIYBPSSA-N"
"PDE4D","JCWCKXNSHPKKEK-STBIYBPSSA-N"
"PDE4D","SRUGDVLQDNLYGA-CVKSISIWSA-N"
"PDE4D","DTJGUSJXWUZZHK-RHANQZHGSA-N"
"PDE4D","MFVDHDWORIHHOB-RDRPBHBLSA-N"
"PDE4D","AGNPWVFAZVESPJ-UHFFFAOYSA-N"
"PDE4D","VMARDPGLTIIYGC-UHFFFAOYSA-N"
"PDE4D","BUHIJXWAPNJKFJ-UHFFFAOYSA-N"
"PDE4D","RBRVHCMJYHPWCS-UHFFFAOYSA-N"
"PDE4D","DOKUUHZWXPIFPB-UHFFFAOYSA-N"
"PDE4D","KDAUXYRYNLBXOV-UHFFFAOYSA-N"
"PDE4D","MKNJREMNOZKXPS-UHFFFAOYSA-N"
"PDE4C","UZMVNVNNMNSBTP-UHFFFAOYSA-N"
"PDE4C","QIESARUEQVCDIR-UHFFFAOYSA-N"
"PDE4C","XOGGQRYYRPKZIC-UHFFFAOYSA-N"
"PDE4C","MAFMSYWPKNBAHN-UHFFFAOYSA-N"
"PDE4A","UZMVNVNNMNSBTP-UHFFFAOYSA-N"
"PDE4A","QIESARUEQVCDIR-UHFFFAOYSA-N"
"PDE4A","XOGGQRYYRPKZIC-UHFFFAOYSA-N"
"PDE4A","MAFMSYWPKNBAHN-UHFFFAOYSA-N"
"PDE4B","UZMVNVNNMNSBTP-UHFFFAOYSA-N"
"PDE4B","QIESARUEQVCDIR-UHFFFAOYSA-N"
"PDE4B","XOGGQRYYRPKZIC-UHFFFAOYSA-N"
"PDE4B","MAFMSYWPKNBAHN-UHFFFAOYSA-N"
"PDE4D","UZMVNVNNMNSBTP-UHFFFAOYSA-N"
"PDE4D","QIESARUEQVCDIR-UHFFFAOYSA-N"
"PDE4D","XOGGQRYYRPKZIC-UHFFFAOYSA-N"
"PDE4D","MAFMSYWPKNBAHN-UHFFFAOYSA-N"
"PDE3A","UBIIFKJMNRPNMT-CQSZACIVSA-N"
"PDE3B","UBIIFKJMNRPNMT-CQSZACIVSA-N"
"PDE10","UBIIFKJMNRPNMT-CQSZACIVSA-N"
"VGFR2","CASSAPBDIVDPCC-UHFFFAOYSA-N"
"VGFR2","FCCZSKATTXDLOB-UHFFFAOYSA-N"
"EPHB4","CASSAPBDIVDPCC-UHFFFAOYSA-N"
"EPHB4","FCCZSKATTXDLOB-UHFFFAOYSA-N"
"TIE2","CASSAPBDIVDPCC-UHFFFAOYSA-N"
"TIE2","FCCZSKATTXDLOB-UHFFFAOYSA-N"
"BTK","SJNDZCBRJXLVCY-RMKNXTFCSA-N"
"IGF1R","GFADMHPWADYGAH-HZCBDIJESA-N"
"LCK","NQHLFCVNEBJHOT-UHFFFAOYSA-N"
"VGFR1","KFCVIOJQUCKOOW-UHFFFAOYSA-N"
"TIE2","KFCVIOJQUCKOOW-UHFFFAOYSA-N"
"CHK1","CDRJFYVQRUTQKD-GFCCVEGCSA-N"
"PIM3","SBDJADVTLNKDBC-UHFFFAOYSA-N"
"PIM1","SBDJADVTLNKDBC-UHFFFAOYSA-N"
"PIM2","SBDJADVTLNKDBC-UHFFFAOYSA-N"
"PDK1","KMPBQUHHODGPHP-UHFFFAOYSA-N"
"KPCD","SUQYTYOVPXAUGB-RDPSFJRHSA-N"
"CDC7","QUGLBFISIMJWOG-UHFFFAOYSA-N"
"DYRK2","LAMQDGYKYXRPLW-WQGZHNTLSA-N"
"CDK5","LAMQDGYKYXRPLW-WQGZHNTLSA-N"
"DYR1A","LAMQDGYKYXRPLW-WQGZHNTLSA-N"
"LCK","ZWVZORIKUNOTCS-OAQYLSRUSA-N"
"FAK1","ZWVZORIKUNOTCS-OAQYLSRUSA-N"
"IGF1R","ZWVZORIKUNOTCS-OAQYLSRUSA-N"
"VGFR2","HXHAJRMTJXHJJZ-UHFFFAOYSA-N"
"DDR2","HXHAJRMTJXHJJZ-UHFFFAOYSA-N"
"TIE2","HXHAJRMTJXHJJZ-UHFFFAOYSA-N"
"CHK1","JYRJOQGKGMHTOO-VURMDHGXSA-N"
"CHK2","JYRJOQGKGMHTOO-VURMDHGXSA-N"
"MK01","JYRJOQGKGMHTOO-VURMDHGXSA-N"
"FLT3","MVPRWLBKNHWFPM-UHFFFAOYSA-N"
"CSF1R","MVPRWLBKNHWFPM-UHFFFAOYSA-N"
"KIT","SPZDCHRXPBSIHM-UHFFFAOYSA-N"
"FLT3","SPZDCHRXPBSIHM-UHFFFAOYSA-N"
"CSF1R","SPZDCHRXPBSIHM-UHFFFAOYSA-N"
"NTRK1","SPZDCHRXPBSIHM-UHFFFAOYSA-N"
"VGFR2","BYQDPWAYLMNNKF-UHFFFAOYSA-N"
"LCK","GDQXJQSQYMMKRA-UHFFFAOYSA-N"
"CSK","GDQXJQSQYMMKRA-UHFFFAOYSA-N"
"KPCD1","GDQXJQSQYMMKRA-UHFFFAOYSA-N"
"KAPCA","GDQXJQSQYMMKRA-UHFFFAOYSA-N"
"MK08","GDQXJQSQYMMKRA-UHFFFAOYSA-N"
"RIPK2","GDQXJQSQYMMKRA-UHFFFAOYSA-N"
"ROCK2","VUTDBZFATUOXQL-UHFFFAOYSA-N"
"LIMK1","VUTDBZFATUOXQL-UHFFFAOYSA-N"
"LIMK2","VUTDBZFATUOXQL-UHFFFAOYSA-N"
"FLT3","JPVDLJBFYICXBH-JCMHNJIXSA-N"
"AURKB","JPVDLJBFYICXBH-JCMHNJIXSA-N"
"PIM3","WNRSTFUVBWNELX-UHFFFAOYSA-N"
"DYRK2","WNRSTFUVBWNELX-UHFFFAOYSA-N"
"PIM2","WNRSTFUVBWNELX-UHFFFAOYSA-N"
"KKCC2","WNRSTFUVBWNELX-UHFFFAOYSA-N"
"KKCC1","WNRSTFUVBWNELX-UHFFFAOYSA-N"
"MKNK1","WNRSTFUVBWNELX-UHFFFAOYSA-N"
"TNI3K","CTGTWMKGYMJBNV-UHFFFAOYSA-N"
"BRAF","CTGTWMKGYMJBNV-UHFFFAOYSA-N"
"KPCA","IIMMUGRHSXMDBU-UHFFFAOYSA-N"
"KPCG","IIMMUGRHSXMDBU-UHFFFAOYSA-N"
"KPCB","IIMMUGRHSXMDBU-UHFFFAOYSA-N"
"KCC2D","UGXVRWRXHWTSCU-UHFFFAOYSA-N"
"AKT1","SUCAWRZDHHYRQV-UHFFFAOYSA-N"
"AURKA","KGWWHPZQLVVAPT-HRNDJLQDSA-N"
"AURKB","KGWWHPZQLVVAPT-HRNDJLQDSA-N"
"ERBB2","HSEFNFDMTWKPLM-UHFFFAOYSA-N"
"EGFR","DYYZXRCFCVDSKD-UHFFFAOYSA-N"
"ERBB2","DYYZXRCFCVDSKD-UHFFFAOYSA-N"
"LCK","ILWOIMOKLTUADE-UHFFFAOYSA-N"
"LCK","KCEWOOVCWCPFCY-UHFFFAOYSA-N"
"YES","ILWOIMOKLTUADE-UHFFFAOYSA-N"
"YES","KCEWOOVCWCPFCY-UHFFFAOYSA-N"
"SRC","ILWOIMOKLTUADE-UHFFFAOYSA-N"
"SRC","KCEWOOVCWCPFCY-UHFFFAOYSA-N"
"EPHB4","ILWOIMOKLTUADE-UHFFFAOYSA-N"
"EPHB4","KCEWOOVCWCPFCY-UHFFFAOYSA-N"
"ABL1","KCEWOOVCWCPFCY-UHFFFAOYSA-N"
"VGFR2","DLYHIJZSZUMFEL-UHFFFAOYSA-N"
"MTOR","LKZTUGNQRBBSGT-UHFFFAOYSA-N"
"MTOR","FEBJYEFFVIDUNF-UHFFFAOYSA-N"
"HASP","LBBJNGFCXDOYMQ-UHFFFAOYSA-N"
"AAPK1","CTESJDQKVOEUOY-UHFFFAOYSA-N"
"CSF1R","QQWUGDVOUVUTOY-UHFFFAOYSA-N"
"ALK","QQWUGDVOUVUTOY-UHFFFAOYSA-N"
"INSR","QQWUGDVOUVUTOY-UHFFFAOYSA-N"
"ROS1","QQWUGDVOUVUTOY-UHFFFAOYSA-N"
"INSR","WQROZMCEHXFGBY-UHFFFAOYSA-N"
"MET","WQROZMCEHXFGBY-UHFFFAOYSA-N"
"MET","OHNLONIUYBNNFP-UHFFFAOYSA-N"
"MET","NJPZYQYDYUEVPF-UHFFFAOYSA-N"
"VGFR3","YTFRDKYCZHOSMM-UHFFFAOYSA-N"
"VGFR2","YTFRDKYCZHOSMM-UHFFFAOYSA-N"
"ALK","OVDSPTSBIQCAIN-UHFFFAOYSA-N"
"ROS1","OVDSPTSBIQCAIN-UHFFFAOYSA-N"
"MET","VRYPOQGMPUWCIM-UHFFFAOYSA-N"
"FAK2","LKLWTLXTOVZFAE-UHFFFAOYSA-N"
"FAK1","LKLWTLXTOVZFAE-UHFFFAOYSA-N"
"FAK1","HESLKTSGTIBHJU-UHFFFAOYSA-N"
"CDK1","HESLKTSGTIBHJU-UHFFFAOYSA-N"
"CDK7","HESLKTSGTIBHJU-UHFFFAOYSA-N"
"ALK","RPLNJVBSDCLPJC-UHFFFAOYSA-N"
"PGFRA","OWTUABVVXBPDCL-UUSSSYRCSA-N"
"PGFRB","SAKCKGACQQZAFQ-UHFFFAOYSA-N"
"SRC","SAKCKGACQQZAFQ-UHFFFAOYSA-N"
"SRC","FSFYBWMHVKFOOV-UHFFFAOYSA-N"
"EGFR","FSFYBWMHVKFOOV-UHFFFAOYSA-N"
"FGFR1","SAKCKGACQQZAFQ-UHFFFAOYSA-N"
"FGFR1","FSFYBWMHVKFOOV-UHFFFAOYSA-N"
"ABL1","SAKCKGACQQZAFQ-UHFFFAOYSA-N"
"ABL1","FSFYBWMHVKFOOV-UHFFFAOYSA-N"
"PGFRB","GMRQZYNUHURXII-UHFFFAOYSA-N"
"VGFR2","GMRQZYNUHURXII-UHFFFAOYSA-N"
"FGFR1","GMRQZYNUHURXII-UHFFFAOYSA-N"
"IGF1R","PXOJXTKZVIEYLV-RQNOJGIXSA-N"
"EGFR","PXOJXTKZVIEYLV-RQNOJGIXSA-N"
"ERBB2","PXOJXTKZVIEYLV-RQNOJGIXSA-N"
"KSYK","YILVJKOGTCCHOC-UHFFFAOYSA-N"
"KIT","CXQHYVUVSFXTMY-UHFFFAOYSA-N"
"FLT3","CXQHYVUVSFXTMY-UHFFFAOYSA-N"
"VGFR2","CXQHYVUVSFXTMY-UHFFFAOYSA-N"
"MET","CXQHYVUVSFXTMY-UHFFFAOYSA-N"
"ROS1","CXQHYVUVSFXTMY-UHFFFAOYSA-N"
"RON","NTHLVSPRDLDFRH-UHFFFAOYSA-N"
"MET","NTHLVSPRDLDFRH-UHFFFAOYSA-N"
"KSYK","XAZBDQHARDGYFI-CVEARBPZSA-N"
"ZAP70","XAZBDQHARDGYFI-CVEARBPZSA-N"
"AURKA","XEGSWNKCRGYRFG-HEPSPIFKSA-N"
"AURKB","XEGSWNKCRGYRFG-HEPSPIFKSA-N"
"TIE2","XEGSWNKCRGYRFG-HEPSPIFKSA-N"
"IGF1R","ILKQWXHVEJRPAL-HSZRJFAPSA-N"
"EGFR","NFZYOSOZVKIONF-UHFFFAOYSA-N"
"AKT1","LHNIIDJUOCFXAP-UHFFFAOYSA-N"
"MTOR","LHNIIDJUOCFXAP-UHFFFAOYSA-N"
"KPCT","LTGPAFCQBMWTBC-UHFFFAOYSA-N"
"KPCD","LTGPAFCQBMWTBC-UHFFFAOYSA-N"
"KPCL","LTGPAFCQBMWTBC-UHFFFAOYSA-N"
"KPCE","LTGPAFCQBMWTBC-UHFFFAOYSA-N"
"CDK2","ITFLOJJAVYXCTM-OAHLLOKOSA-N"
"CDK5","ITFLOJJAVYXCTM-OAHLLOKOSA-N"
"CDK7","ITFLOJJAVYXCTM-OAHLLOKOSA-N"
"CDK9","ITFLOJJAVYXCTM-OAHLLOKOSA-N"
"TGFR1","FJCDSQATIJKQKA-UHFFFAOYSA-N"
"TGFR1","MFIQSIKORGZOQM-UHFFFAOYSA-N"
"ACV1B","FJCDSQATIJKQKA-UHFFFAOYSA-N"
"VGFR2","FJCDSQATIJKQKA-UHFFFAOYSA-N"
"MK14","MFIQSIKORGZOQM-UHFFFAOYSA-N"
"RIPK2","FJCDSQATIJKQKA-UHFFFAOYSA-N"
"KPCZ","LPSCCOBGZSKECZ-UHFFFAOYSA-N"
"MKNK1","RYUUMGNHANZHLX-UHFFFAOYSA-N"
"MKNK2","RYUUMGNHANZHLX-UHFFFAOYSA-N"
"MRCKA","OZBHPAKTNOSDFP-GHTZIAJQSA-N"
"AKT2","CQWLALVPQNJOGT-UHFFFAOYSA-N"
"AKT1","CQWLALVPQNJOGT-UHFFFAOYSA-N"
"MK01","JZDAKZQIQGCCGO-UHFFFAOYSA-N"
"JAK2","APYBKHALFMOUFU-UHFFFAOYSA-N"
"TYK2","APYBKHALFMOUFU-UHFFFAOYSA-N"
"JAK1","APYBKHALFMOUFU-UHFFFAOYSA-N"
"DYRK2","FBHZWMCHPUGZRM-DHDCSXOGSA-N"
"DYRK2","OBKVROGZKBOQSW-SDQBBNPISA-N"
"DYRK2","OQGLPYHETIJRBX-ZROIWOOFSA-N"
"DYR1A","FBHZWMCHPUGZRM-DHDCSXOGSA-N"
"DYR1A","OBKVROGZKBOQSW-SDQBBNPISA-N"
"DYR1A","OQGLPYHETIJRBX-ZROIWOOFSA-N"
"CLK3","FBHZWMCHPUGZRM-DHDCSXOGSA-N"
"CLK3","OBKVROGZKBOQSW-SDQBBNPISA-N"
"CLK1","FBHZWMCHPUGZRM-DHDCSXOGSA-N"
"CLK1","OBKVROGZKBOQSW-SDQBBNPISA-N"
"CLK1","OQGLPYHETIJRBX-ZROIWOOFSA-N"
"BMR1B","BBDGBGOVJPEFBT-UHFFFAOYSA-N"
"ACVL1","BBDGBGOVJPEFBT-UHFFFAOYSA-N"
"BMR1A","BBDGBGOVJPEFBT-UHFFFAOYSA-N"
"ACVR1","BBDGBGOVJPEFBT-UHFFFAOYSA-N"
"TGFR2","BBDGBGOVJPEFBT-UHFFFAOYSA-N"
"BMPR2","BBDGBGOVJPEFBT-UHFFFAOYSA-N"
"ACVL1","FVRYPYDPKSZGNS-UHFFFAOYSA-N"
"ACVR1","FVRYPYDPKSZGNS-UHFFFAOYSA-N"
"BMR1B","FAOGJKJCGFIFLI-UHFFFAOYSA-N"
"BMR1B","JMIFGARJSWXZSH-UHFFFAOYSA-N"
"ACVL1","FAOGJKJCGFIFLI-UHFFFAOYSA-N"
"ACVL1","JMIFGARJSWXZSH-UHFFFAOYSA-N"
"BMR1A","FAOGJKJCGFIFLI-UHFFFAOYSA-N"
"ACVR1","FAOGJKJCGFIFLI-UHFFFAOYSA-N"
"ACVR1","JMIFGARJSWXZSH-UHFFFAOYSA-N"
"TGFR2","FAOGJKJCGFIFLI-UHFFFAOYSA-N"
"VGFR2","MGWSCJCLMDQNGB-UHFFFAOYSA-N"
"PLK1","XQVVPGYIWAGRNI-QFIPXVFZSA-N"
"PLK1","DAAGOCSHXCDWDY-ZDUSSCGKSA-N"
"PLK3","DAAGOCSHXCDWDY-ZDUSSCGKSA-N"
"PLK2","DAAGOCSHXCDWDY-ZDUSSCGKSA-N"
"IGF1R","YUXBTAGZCSKZKV-UHFFFAOYSA-N"
"MK10","ULRIGDWMHBUIHG-UHFFFAOYSA-N"
"EGFR","OONFNUWBHFSNBT-FQEVSTJZSA-N"
"KIT","HURVYTRTFBZJAW-UHFFFAOYSA-N"
"ABL1","HURVYTRTFBZJAW-UHFFFAOYSA-N"
"KIT","SHTNULLAAVPXRC-UHFFFAOYSA-N"
"DDR1","SHTNULLAAVPXRC-UHFFFAOYSA-N"
"DDR2","SHTNULLAAVPXRC-UHFFFAOYSA-N"
"ABL1","SHTNULLAAVPXRC-UHFFFAOYSA-N"
"ERBB2","HOYBUULCSXDSPC-KAOUJKNGSA-N"
"MET","NDRBDNKFYLWQEU-UHFFFAOYSA-N"
"DYR1B","QLSWEZZOYCDEGC-UHFFFAOYSA-N"
"DYR1B","MQJVDVMWBFSFHI-UHFFFAOYSA-N"
"DYR1A","QLSWEZZOYCDEGC-UHFFFAOYSA-N"
"DYR1A","MQJVDVMWBFSFHI-UHFFFAOYSA-N"
"CLK1","QLSWEZZOYCDEGC-UHFFFAOYSA-N"
"CLK1","MQJVDVMWBFSFHI-UHFFFAOYSA-N"
"CLK4","QLSWEZZOYCDEGC-UHFFFAOYSA-N"
"CLK4","MQJVDVMWBFSFHI-UHFFFAOYSA-N"
"CLK2","QLSWEZZOYCDEGC-UHFFFAOYSA-N"
"CLK2","MQJVDVMWBFSFHI-UHFFFAOYSA-N"
"MK03","PGWKGYOSINQMSU-CJLVFECKSA-N"
"BRAF","PGWKGYOSINQMSU-CJLVFECKSA-N"
"AURKA","GEUNWTZTVWNSTN-UHFFFAOYSA-N"
"AURKB","GEUNWTZTVWNSTN-UHFFFAOYSA-N"
"PAK4","AONLJIQJHRPQBZ-HAQNSBGRSA-N"
"PAK1","AONLJIQJHRPQBZ-HAQNSBGRSA-N"
"NTRK1","KLLMEVGIAMABTF-NSHDSACASA-N"
"MK09","CGUOXTCHDHXWRO-UHFFFAOYSA-N"
"MK08","CGUOXTCHDHXWRO-UHFFFAOYSA-N"
"AURKA","KLIUCXHHFFVGMK-UHFFFAOYSA-N"
"AURKB","KLIUCXHHFFVGMK-UHFFFAOYSA-N"
"M4K4","PLDRQEZDTLWZIK-UHFFFAOYSA-N"
"KCC2D","UARXXAORGHGNQI-UHFFFAOYSA-N"
"KC1D","VCUXVXLUOHDHKK-UHFFFAOYSA-N"
"KC1A","VCUXVXLUOHDHKK-UHFFFAOYSA-N"
"LRRK2","LYEWAGXEEPXHOF-UHFFFAOYSA-N"
"TYK2","MUZCRXQJZGZDQU-KOLCDFICSA-N"
"TGFR2","PFFYWZYGIPXODD-UHFFFAOYSA-N"
"RIPK1","VNKUEEYDAKRQLH-UHFFFAOYSA-N"
"MTOR","HGVNLRPZOWWDKD-UHFFFAOYSA-N"
"VGFR2","KFLIEZCTIPHBCO-UHFFFAOYSA-N"
"M4K4","LGXMELXVRWYYDN-UHFFFAOYSA-N"
"MK11","QHNXZMWGDCUUFW-UHFFFAOYSA-N"
"MK14","QHNXZMWGDCUUFW-UHFFFAOYSA-N"
"IRAK1","BNVZRFQNZWYPQH-UHFFFAOYSA-N"
"IRAK4","BNVZRFQNZWYPQH-UHFFFAOYSA-N"
"KPCA","ZOIJWFUAAKGRFV-YBFXNURJSA-N"
"PIM3","XYDAVXLWFUQNSH-UHFFFAOYSA-N"
"FLT3","ATMAGFPFVYJWHA-HDJSIYSDSA-N"
"CDK2","XYDAVXLWFUQNSH-UHFFFAOYSA-N"
"PIM1","XYDAVXLWFUQNSH-UHFFFAOYSA-N"
"PIM1","ATMAGFPFVYJWHA-HDJSIYSDSA-N"
"PIM2","XYDAVXLWFUQNSH-UHFFFAOYSA-N"
"PIM2","ATMAGFPFVYJWHA-HDJSIYSDSA-N"
"TGFR1","ZRCZZPPDWCVIOL-UHFFFAOYSA-N"
"ACVR1","ZRCZZPPDWCVIOL-UHFFFAOYSA-N"
"DYRK2","VCFPJHJKTXRDGD-UHFFFAOYSA-N"
"DYRK3","VCFPJHJKTXRDGD-UHFFFAOYSA-N"
"DYR1A","VCFPJHJKTXRDGD-UHFFFAOYSA-N"
"CLK1","VCFPJHJKTXRDGD-UHFFFAOYSA-N"
"CLK2","VCFPJHJKTXRDGD-UHFFFAOYSA-N"
"VGFR3","NOSCHXKCZVKDRR-UHFFFAOYSA-N"
"KPCE","VAPUWJSPUKOQCG-MCJVGQIASA-N"
"KPCG","VAPUWJSPUKOQCG-MCJVGQIASA-N"
"KPCB","VAPUWJSPUKOQCG-MCJVGQIASA-N"
"GSK3B","ZRHRPGSSSVYBRG-UHFFFAOYSA-N"
"GSK3A","ZRHRPGSSSVYBRG-UHFFFAOYSA-N"
"MTOR","VTPBQPROVPRKLB-UHFFFAOYSA-N"
"IKKB","AQRJVDRPEZNKRQ-UHFFFAOYSA-N"
"CSF1R","VMGGYSQUCLDMQG-UHFFFAOYSA-N"
"ROS1","SQHQTOOAHYXFTB-UHFFFAOYSA-N"
"ALK","XNRABRXYGRUDAX-INIZCTEOSA-N"
"MET","XNRABRXYGRUDAX-INIZCTEOSA-N"
"ROS1","XNRABRXYGRUDAX-INIZCTEOSA-N"
"PRKDC","HJSSPYJVWLTYHG-UHFFFAOYSA-N"
"MTOR","HJSSPYJVWLTYHG-UHFFFAOYSA-N"
"AURKB","INYFZUAYEBZZFA-UHFFFAOYSA-N"
"MK09","FEQRWFABERLIOV-UHFFFAOYSA-N"
"MK01","FEQRWFABERLIOV-UHFFFAOYSA-N"
"INSR","USVCWSAJUAARAL-MEMLXQNLSA-N"
"IGF1R","USVCWSAJUAARAL-MEMLXQNLSA-N"
"PDK1","AQFMGFCVDBEMQE-UHFFFAOYSA-N"
"ULK2","AQFMGFCVDBEMQE-UHFFFAOYSA-N"
"ULK1","AQFMGFCVDBEMQE-UHFFFAOYSA-N"
"RET","RAHBGWKEPAQNFF-UHFFFAOYSA-N"
"KIT","YABJJWZLRMPFSI-UHFFFAOYSA-N"
"PGFRB","YABJJWZLRMPFSI-UHFFFAOYSA-N"
"RAF1","YABJJWZLRMPFSI-UHFFFAOYSA-N"
"BRAF","YABJJWZLRMPFSI-UHFFFAOYSA-N"
"IGF1R","LQVXSNNAFNGRAH-QHCPKHFHSA-N"
"AKT1","LQVXSNNAFNGRAH-QHCPKHFHSA-N"
"EGFR","IMDIVOQCLUSJJU-AATRIKPKSA-N"
"KAPCA","PRIKHRTWFXDNDC-UHFFFAOYSA-N"
"ROCK1","PRIKHRTWFXDNDC-UHFFFAOYSA-N"
"LCK","JTWMOWRMSZZHDR-UHFFFAOYSA-N"
"SRC","JTWMOWRMSZZHDR-UHFFFAOYSA-N"
"EPHB4","JTWMOWRMSZZHDR-UHFFFAOYSA-N"
"ABL1","JTWMOWRMSZZHDR-UHFFFAOYSA-N"
"CDK1","MTRJBUWLBZZPJJ-UHFFFAOYSA-N"
"E2AK1","UUDNGLPFGYJJQX-UHFFFAOYSA-N"
"VGFR2","GXFKPANENAOEOK-UTLPMFLDSA-N"
"NEK1","GXFKPANENAOEOK-UTLPMFLDSA-N"
"AKT2","GXFKPANENAOEOK-UTLPMFLDSA-N"
"AKT1","GXFKPANENAOEOK-UTLPMFLDSA-N"
"MK10","MTMRJVWCEXXPBX-UHFFFAOYSA-N"
"MK09","MTMRJVWCEXXPBX-UHFFFAOYSA-N"
"FLT3","DHYPGRVMIOATAE-UHFFFAOYSA-N"
"VGFR2","DHYPGRVMIOATAE-UHFFFAOYSA-N"
"LIMK1","GKSKIDCXRNOUPX-UHFFFAOYSA-N"
"ROCK1","JQXGSDPBFXEDBN-LBPRGKRZSA-N"
"ROCK2","JQXGSDPBFXEDBN-LBPRGKRZSA-N"
"LIMK2","JQXGSDPBFXEDBN-LBPRGKRZSA-N"
"PDPK1","XNXUJUXYVTYIGP-IBGZPJMESA-N"
"KAPCA","CWFBWCJRVBRKPQ-UHFFFAOYSA-N"
"ROCK1","CWFBWCJRVBRKPQ-UHFFFAOYSA-N"
"FAK2","FLNBFIBKDFIVSN-UHFFFAOYSA-N"
"FAK2","DKVMKJCVCCLKAD-UHFFFAOYSA-N"
"MK10","QDMXVKKPYBGIAS-UHFFFAOYSA-N"
"MK10","AHMHIFXJPSHHPH-UHFFFAOYSA-N"
"MK09","QDMXVKKPYBGIAS-UHFFFAOYSA-N"
"MK09","AHMHIFXJPSHHPH-UHFFFAOYSA-N"
"MK08","QDMXVKKPYBGIAS-UHFFFAOYSA-N"
"MK08","AHMHIFXJPSHHPH-UHFFFAOYSA-N"
"MET","QMWKLCXWSJTEFT-UHFFFAOYSA-N"
"LCK","AMECFRVQTXOEEA-UHFFFAOYSA-N"
"AKT2","CMPFTOKTVXYPFY-KRWDZBQOSA-N"
"AKT2","XMNABEGDUNNDFW-HNNXBMFYSA-N"
"AKT2","LAJHRQQVGFRLQL-SFHVURJKSA-N"
"AKT2","XKNDLPMAXNMALL-IBGZPJMESA-N"
"AKT1","CMPFTOKTVXYPFY-KRWDZBQOSA-N"
"AKT1","XMNABEGDUNNDFW-HNNXBMFYSA-N"
"AKT1","LAJHRQQVGFRLQL-SFHVURJKSA-N"
"AKT1","XKNDLPMAXNMALL-IBGZPJMESA-N"
"AKT3","CMPFTOKTVXYPFY-KRWDZBQOSA-N"
"AKT3","XMNABEGDUNNDFW-HNNXBMFYSA-N"
"AKT3","LAJHRQQVGFRLQL-SFHVURJKSA-N"
"AKT3","XKNDLPMAXNMALL-IBGZPJMESA-N"
"GSK3B","CMPFTOKTVXYPFY-KRWDZBQOSA-N"
"GSK3B","XMNABEGDUNNDFW-HNNXBMFYSA-N"
"GSK3B","XKNDLPMAXNMALL-IBGZPJMESA-N"
"PGFRB","CVMUHXWSBHMVGZ-UHFFFAOYSA-N"
"VGFR3","CVMUHXWSBHMVGZ-UHFFFAOYSA-N"
"TIE2","CVMUHXWSBHMVGZ-UHFFFAOYSA-N"
"CDK5","AWGNGVXKXZCWQR-QUARYECHSA-N"
"MTOR","FTGGQWUZBZJPHS-WOJBJXKFSA-N"
"MTOR","CRPBRHLJMIPXTQ-DNQXCXABSA-N"
"ROCK2","LEFZGZYEAILDKJ-UHFFFAOYSA-N"
"ROCK2","YHWQEGXKPZBDKS-UHFFFAOYSA-N"
"ROCK2","BAVQTLJQZAGNJY-UHFFFAOYSA-N"
"ROCK2","QGYPCOPTJYNXJQ-UHFFFAOYSA-N"
"ROCK2","PUOMPMDYBUMBMJ-UHFFFAOYSA-N"
"ROCK2","BMNSOVCKJXEHNM-UHFFFAOYSA-N"
"ROCK2","KSXFPISTQAHGIE-NRFANRHFSA-N"
"AKT2","LEFZGZYEAILDKJ-UHFFFAOYSA-N"
"AKT2","YHWQEGXKPZBDKS-UHFFFAOYSA-N"
"AKT2","BAVQTLJQZAGNJY-UHFFFAOYSA-N"
"AKT2","QGYPCOPTJYNXJQ-UHFFFAOYSA-N"
"AKT2","PUOMPMDYBUMBMJ-UHFFFAOYSA-N"
"AKT2","BMNSOVCKJXEHNM-UHFFFAOYSA-N"
"AKT2","KSXFPISTQAHGIE-NRFANRHFSA-N"
"AKT1","LEFZGZYEAILDKJ-UHFFFAOYSA-N"
"AKT1","YHWQEGXKPZBDKS-UHFFFAOYSA-N"
"AKT1","BAVQTLJQZAGNJY-UHFFFAOYSA-N"
"AKT1","QGYPCOPTJYNXJQ-UHFFFAOYSA-N"
"AKT1","PUOMPMDYBUMBMJ-UHFFFAOYSA-N"
"AKT1","BMNSOVCKJXEHNM-UHFFFAOYSA-N"
"AKT1","KSXFPISTQAHGIE-NRFANRHFSA-N"
"AKT3","LEFZGZYEAILDKJ-UHFFFAOYSA-N"
"AKT3","YHWQEGXKPZBDKS-UHFFFAOYSA-N"
"AKT3","BAVQTLJQZAGNJY-UHFFFAOYSA-N"
"AKT3","QGYPCOPTJYNXJQ-UHFFFAOYSA-N"
"AKT3","PUOMPMDYBUMBMJ-UHFFFAOYSA-N"
"AKT3","BMNSOVCKJXEHNM-UHFFFAOYSA-N"
"AKT3","KSXFPISTQAHGIE-NRFANRHFSA-N"
"YES","ZGBGPEDJXCYQPH-UHFFFAOYSA-N"
"RAF1","ZGBGPEDJXCYQPH-UHFFFAOYSA-N"
"ROCK1","VCLRIAOEGHANHZ-UHFFFAOYSA-N"
"ROCK2","VCLRIAOEGHANHZ-UHFFFAOYSA-N"
"ALK","KTEIFNKAUNYNJU-GFCCVEGCSA-N"
"UFO","KTEIFNKAUNYNJU-GFCCVEGCSA-N"
"TIE2","KTEIFNKAUNYNJU-GFCCVEGCSA-N"
"RON","KTEIFNKAUNYNJU-GFCCVEGCSA-N"
"MET","KTEIFNKAUNYNJU-GFCCVEGCSA-N"
"ROS1","KTEIFNKAUNYNJU-GFCCVEGCSA-N"
"KPCA","IHPBZPYDPATSLB-QQXSKIMKSA-N"
"MK14","NEWYDBNQBPEMGO-UHFFFAOYSA-N"
"IKKB","MIDKPVLYXNLFGZ-UHFFFAOYSA-N"
"VGFR2","KXEMINRANVTICS-WOJBJXKFSA-N"
"EGFR","KXEMINRANVTICS-WOJBJXKFSA-N"
"FYN","KXEMINRANVTICS-WOJBJXKFSA-N"
"PGFRA","HHFBDROWDBDFBR-UHFFFAOYSA-N"
"AURKA","HHFBDROWDBDFBR-UHFFFAOYSA-N"
"AURKB","HHFBDROWDBDFBR-UHFFFAOYSA-N"
"JAK2","GWIYWVOOKZDFBH-UHFFFAOYSA-N"
"JAK3","GWIYWVOOKZDFBH-UHFFFAOYSA-N"
"KS6A2","HWXDZAYQHRBBQT-UHFFFAOYSA-N"
"HCK","NVRXTLZYXZNATH-UHFFFAOYSA-N"
"SRC","NVRXTLZYXZNATH-UHFFFAOYSA-N"
"VGFR2","NVRXTLZYXZNATH-UHFFFAOYSA-N"
"EGFR","NVRXTLZYXZNATH-UHFFFAOYSA-N"
"ABL1","NVRXTLZYXZNATH-UHFFFAOYSA-N"
"MTOR","NVRXTLZYXZNATH-UHFFFAOYSA-N"
"MK11","OHMPXDCOVKOOAN-UHFFFAOYSA-N"
"MK14","OHMPXDCOVKOOAN-UHFFFAOYSA-N"
"MK10","OHMPXDCOVKOOAN-UHFFFAOYSA-N"
"MK09","OHMPXDCOVKOOAN-UHFFFAOYSA-N"
"EPHB3","NFPDLYRGXRIUTG-UHFFFAOYSA-N"
"EPHB4","IVWHSTCJCURGMH-UHFFFAOYSA-N"
"SRC","PGYXMFATLWTNBT-UHFFFAOYSA-N"
"ABL1","PGYXMFATLWTNBT-UHFFFAOYSA-N"
"MK14","XQRUWZMHPKNIDA-UHFFFAOYSA-N"
"MAPK2","XQRUWZMHPKNIDA-UHFFFAOYSA-N"
"AURKA","DWMNINPORGJSKR-UHFFFAOYSA-N"
"AURKB","DWMNINPORGJSKR-UHFFFAOYSA-N"
"STK26","BHTWDJBVZQBRKP-UHFFFAOYSA-N"
"LRRK2","BHTWDJBVZQBRKP-UHFFFAOYSA-N"
"STK3","BHTWDJBVZQBRKP-UHFFFAOYSA-N"
"KPCT","ZVYLAQPDMUKXOT-UHFFFAOYSA-N"
"KS6A5","ZVYLAQPDMUKXOT-UHFFFAOYSA-N"
"KS6A3","ZVYLAQPDMUKXOT-UHFFFAOYSA-N"
"KS6A2","ZVYLAQPDMUKXOT-UHFFFAOYSA-N"
"GSK3B","ZVYLAQPDMUKXOT-UHFFFAOYSA-N"
"TGFR1","HGJGLMBKNFJBHW-UHFFFAOYSA-N"
"MK14","HGJGLMBKNFJBHW-UHFFFAOYSA-N"
"GRK5","RDEKYROQCDTNPC-UHFFFAOYSA-N"
"ALK","MWVKLRSIDOXBSE-UHFFFAOYSA-N"
"GRK5","MWVKLRSIDOXBSE-UHFFFAOYSA-N"
"ARBK1","MWVKLRSIDOXBSE-UHFFFAOYSA-N"
"MET","MWVKLRSIDOXBSE-UHFFFAOYSA-N"
"AKT1","CIUDTEMUAJXOJA-SFHVURJKSA-N"
"EGFR","CROUCCLWECZKHT-PXPVJAHISA-N"
"BTK","FYEWVKCORNQLFP-UHFFFAOYSA-N"
"BTK","RBGDHOWBGHJPIH-UHFFFAOYSA-N"
"BTK","DZUSPKFBRQRYNR-UHFFFAOYSA-N"
"JAK2","FYEWVKCORNQLFP-UHFFFAOYSA-N"
"JAK2","VBMFXGFCLWKXEL-UHFFFAOYSA-N"
"JAK2","UEKYUVIQMYQIRA-UHFFFAOYSA-N"
"JAK2","ZZGGDCGLTJQHTA-UHFFFAOYSA-N"
"JAK2","RBGDHOWBGHJPIH-UHFFFAOYSA-N"
"JAK2","DZUSPKFBRQRYNR-UHFFFAOYSA-N"
"JAK2","DGRFIHYNHHVHTN-KRWDZBQOSA-N"
"TYK2","FYEWVKCORNQLFP-UHFFFAOYSA-N"
"TYK2","VBMFXGFCLWKXEL-UHFFFAOYSA-N"
"TYK2","UEKYUVIQMYQIRA-UHFFFAOYSA-N"
"TYK2","ZZGGDCGLTJQHTA-UHFFFAOYSA-N"
"TYK2","RBGDHOWBGHJPIH-UHFFFAOYSA-N"
"TYK2","DZUSPKFBRQRYNR-UHFFFAOYSA-N"
"TYK2","DGRFIHYNHHVHTN-KRWDZBQOSA-N"
"JAK1","FYEWVKCORNQLFP-UHFFFAOYSA-N"
"JAK1","VBMFXGFCLWKXEL-UHFFFAOYSA-N"
"JAK1","UEKYUVIQMYQIRA-UHFFFAOYSA-N"
"JAK1","ZZGGDCGLTJQHTA-UHFFFAOYSA-N"
"JAK1","RBGDHOWBGHJPIH-UHFFFAOYSA-N"
"JAK1","DZUSPKFBRQRYNR-UHFFFAOYSA-N"
"JAK1","DGRFIHYNHHVHTN-KRWDZBQOSA-N"
"JAK3","FYEWVKCORNQLFP-UHFFFAOYSA-N"
"JAK3","VBMFXGFCLWKXEL-UHFFFAOYSA-N"
"JAK3","UEKYUVIQMYQIRA-UHFFFAOYSA-N"
"JAK3","ZZGGDCGLTJQHTA-UHFFFAOYSA-N"
"JAK3","RBGDHOWBGHJPIH-UHFFFAOYSA-N"
"JAK3","DZUSPKFBRQRYNR-UHFFFAOYSA-N"
"JAK3","DGRFIHYNHHVHTN-KRWDZBQOSA-N"
"SRC","NIMPKNBPEACPAH-UHFFFAOYSA-N"
"SRC","WRSMBOCJQHDXNC-UHFFFAOYSA-N"
"EGFR","NIMPKNBPEACPAH-UHFFFAOYSA-N"
"EGFR","WRSMBOCJQHDXNC-UHFFFAOYSA-N"
"FGFR1","NIMPKNBPEACPAH-UHFFFAOYSA-N"
"FGFR1","WRSMBOCJQHDXNC-UHFFFAOYSA-N"
"ABL1","NIMPKNBPEACPAH-UHFFFAOYSA-N"
"ABL1","WRSMBOCJQHDXNC-UHFFFAOYSA-N"
"MK14","BBZXKDAPACZAMH-UHFFFAOYSA-N"
"BRAF","BBZXKDAPACZAMH-UHFFFAOYSA-N"
"ABL1","BBZXKDAPACZAMH-UHFFFAOYSA-N"
"ABL1","RQLWMLCETYOBRR-UHFFFAOYSA-N"
"KPCT","KHGDEZDNICAMOO-UHFFFAOYSA-N"
"KPCD","KHGDEZDNICAMOO-UHFFFAOYSA-N"
"KPCD","UNULBQHMZBESJQ-UHFFFAOYSA-N"
"KPCL","KHGDEZDNICAMOO-UHFFFAOYSA-N"
"KPCL","UNULBQHMZBESJQ-UHFFFAOYSA-N"
"KPCE","KHGDEZDNICAMOO-UHFFFAOYSA-N"
"KPCE","UNULBQHMZBESJQ-UHFFFAOYSA-N"
"KPCA","KHGDEZDNICAMOO-UHFFFAOYSA-N"
"KPCA","UNULBQHMZBESJQ-UHFFFAOYSA-N"
"KPCB","KHGDEZDNICAMOO-UHFFFAOYSA-N"
"KPCT","GVSRILDMSGVJTR-UHFFFAOYSA-N"
"KPCD","GVSRILDMSGVJTR-UHFFFAOYSA-N"
"KPCL","GVSRILDMSGVJTR-UHFFFAOYSA-N"
"KPCE","GVSRILDMSGVJTR-UHFFFAOYSA-N"
"KPCB","GVSRILDMSGVJTR-UHFFFAOYSA-N"
"KPCL","VSSNHBWGDBKVPE-UHFFFAOYSA-N"
"KPCE","VSSNHBWGDBKVPE-UHFFFAOYSA-N"
"IGF1R","GZRCWJUTTURNJO-UHFFFAOYSA-N"
"BTK","RVUVEXMFWAUCEF-UHFFFAOYSA-N"
"MAPK5","XXKMGNYNRUVACE-UHFFFAOYSA-N"
"CSK21","YQTMYRNBXJDYDN-UHFFFAOYSA-N"
"CSK22","YQTMYRNBXJDYDN-UHFFFAOYSA-N"
"MK10","SLHHRPHWICLQNW-UHFFFAOYSA-N"
"MK08","SLHHRPHWICLQNW-UHFFFAOYSA-N"
"HCK","ITOYZJGFTNTKKR-UHFFFAOYSA-N"
"SRC","ITOYZJGFTNTKKR-UHFFFAOYSA-N"
"ABL1","ITOYZJGFTNTKKR-UHFFFAOYSA-N"
"AKT1","SAQMYGKYGQDHJG-HDJSIYSDSA-N"
"MTOR","SAQMYGKYGQDHJG-HDJSIYSDSA-N"
"MK14","VJEIRWRVFCVZSA-UHFFFAOYSA-N"
"FGFR4","OHQOURUADKYVHS-UHFFFAOYSA-N"
"FGFR1","OHQOURUADKYVHS-UHFFFAOYSA-N"
"FGFR2","OHQOURUADKYVHS-UHFFFAOYSA-N"
"FGFR3","OHQOURUADKYVHS-UHFFFAOYSA-N"
"VGFR2","VBATWIHUVYQTSY-UHFFFAOYSA-N"
"VGFR2","CYGVOJDKMSFPSA-UHFFFAOYSA-N"
"EGFR","FLFHZVYTVPANLR-UHFFFAOYSA-N"
"ERBB2","FLFHZVYTVPANLR-UHFFFAOYSA-N"
"KS6B1","VWBUFACHINJXSO-UHFFFAOYSA-N"
"AKT1","VWBUFACHINJXSO-UHFFFAOYSA-N"
"CDC7","WKZNRECKZVYTNT-UHFFFAOYSA-N"
"KIT","ZAXCRUCBIGQULY-FQEVSTJZSA-N"
"FLT3","ZAXCRUCBIGQULY-FQEVSTJZSA-N"
"VGFR2","ZAXCRUCBIGQULY-FQEVSTJZSA-N"
"LIMK1","UFKYESYAQAUVNW-UHFFFAOYSA-N"
"JAK2","CZUQYAXYBOEHCY-UHFFFAOYSA-N"
"ABL1","CZUQYAXYBOEHCY-UHFFFAOYSA-N"
"KPCE","FJQLQQSUKIIOJC-UHFFFAOYSA-N"
"KPCA","XULMLPZWWAPYHV-UHFFFAOYSA-N"
"KPCA","FJQLQQSUKIIOJC-UHFFFAOYSA-N"
"KPCB","XULMLPZWWAPYHV-UHFFFAOYSA-N"
"KPCB","FJQLQQSUKIIOJC-UHFFFAOYSA-N"
"CLK4","SYSMKUYXLICNHZ-UHFFFAOYSA-N"
"CDK4","JKFGTURSEBTJIZ-UHFFFAOYSA-N"
"PGFRB","CCIRQCXOVCNPBI-LGMDPLHJSA-N"
"VGFR2","CCIRQCXOVCNPBI-LGMDPLHJSA-N"
"TNI3K","GMVVBHGDCSWBIU-UHFFFAOYSA-N"
"BRAF","GMVVBHGDCSWBIU-UHFFFAOYSA-N"
"TYK2","NDUDLSAXSTVEQW-UHFFFAOYSA-N"
"JAK1","NDUDLSAXSTVEQW-UHFFFAOYSA-N"
"LCK","JWXOLXZYHPKDLX-YHBQERECSA-N"
"LCK","RLVCBYBGVBOVFV-HZCBDIJESA-N"
"LCK","CUIYKFICQYRIMQ-DIVCQZSQSA-N"
"SRC","JWXOLXZYHPKDLX-YHBQERECSA-N"
"SRC","RLVCBYBGVBOVFV-HZCBDIJESA-N"
"SRC","CUIYKFICQYRIMQ-DIVCQZSQSA-N"
"VGFR2","JWXOLXZYHPKDLX-YHBQERECSA-N"
"TIE2","JWXOLXZYHPKDLX-YHBQERECSA-N"
"TIE2","RLVCBYBGVBOVFV-HZCBDIJESA-N"
"TIE2","CUIYKFICQYRIMQ-DIVCQZSQSA-N"
"EGFR","HRIQVCCRXNQUAH-KPKJPENVSA-N"
"KIT","PUIMLXYJXGFFNV-UHFFFAOYSA-N"
"PGFRB","PUIMLXYJXGFFNV-UHFFFAOYSA-N"
"VGFR3","PUIMLXYJXGFFNV-UHFFFAOYSA-N"
"VGFR2","PUIMLXYJXGFFNV-UHFFFAOYSA-N"
"KPCD1","AACFPJSJOWQNBN-UHFFFAOYSA-N"
"KPCD","VGNZVGQPQQCWRG-WMGOWQMCSA-N"
"KPCD","YWYVOVMZTWOTHK-XPRIRYNCSA-N"
"CDK4","OUSFTKFNBAZUKL-UHFFFAOYSA-N"
"CDK2","OUSFTKFNBAZUKL-UHFFFAOYSA-N"
"CDK1","OUSFTKFNBAZUKL-UHFFFAOYSA-N"
"CDK9","OUSFTKFNBAZUKL-UHFFFAOYSA-N"
"VGFR2","KSOVGRCOLZZTPF-QMKUDKLTSA-N"
"AURKB","KSOVGRCOLZZTPF-QMKUDKLTSA-N"
"ALK","UNVJKMKVJXWKNX-UHFFFAOYSA-N"
"MET","UNVJKMKVJXWKNX-UHFFFAOYSA-N"
"M3K5","SMJAMOAYGIVKRI-UHFFFAOYSA-N"
"ROCK1","IZFFAYAQVHNZHH-IBGZPJMESA-N"
"FLT3","JWTUFAOHKVRJNA-PPOCWRSBSA-N"
"PGFRA","JWTUFAOHKVRJNA-PPOCWRSBSA-N"
"VGFR3","JWTUFAOHKVRJNA-PPOCWRSBSA-N"
"VGFR2","JWTUFAOHKVRJNA-PPOCWRSBSA-N"
"PIM1","WHSNSKLEZGKYLB-UHFFFAOYSA-N"
"PIM1","AKOHJQLWPFONMJ-UHFFFAOYSA-N"
"PIM2","WHSNSKLEZGKYLB-UHFFFAOYSA-N"
"PIM2","AKOHJQLWPFONMJ-UHFFFAOYSA-N"
"MK07","BFRFMGINYAWFLS-UHFFFAOYSA-N"
"LRRK2","IWMCPJZTADUIFX-UHFFFAOYSA-N"
"CDK1","UDFDIIVNIYWXDM-UHFFFAOYSA-N"
"CDC7","UDFDIIVNIYWXDM-UHFFFAOYSA-N"
"GSK3B","CALAEFSQWBJMDU-UHFFFAOYSA-N"
"GSK3B","YQLLEUGSUHENGA-UHFFFAOYSA-N"
"ROCK1","BSULSXCQOXQGND-INIZCTEOSA-N"
"ROCK2","BSULSXCQOXQGND-INIZCTEOSA-N"
"CSF1R","XQGUIRKPWAXDLW-UHFFFAOYSA-N"
"LYN","XQGUIRKPWAXDLW-UHFFFAOYSA-N"
"RAF1","XQGUIRKPWAXDLW-UHFFFAOYSA-N"
"BRAF","XQGUIRKPWAXDLW-UHFFFAOYSA-N"
"TTK","KRIUNPBAQZGFQA-UHFFFAOYSA-N"
"MK10","KRIUNPBAQZGFQA-UHFFFAOYSA-N"
"MK09","KRIUNPBAQZGFQA-UHFFFAOYSA-N"
"MK08","KRIUNPBAQZGFQA-UHFFFAOYSA-N"
"MK14","JYYLVUFNAHSSFE-UHFFFAOYSA-N"
"DDR1","DZVQBRGQNWDWIG-UHFFFAOYSA-N"
"DDR2","DZVQBRGQNWDWIG-UHFFFAOYSA-N"
"KPCD","IRGJDPZJEUYSKS-DYESRHJHSA-N"
"KPCD","MGLBGUZLARZAOR-AUSIDOKSSA-N"
"KPCD","FCVHMDURXUOCFY-DAESXHAQSA-N"
"KPCD","XDTAJQIDTGQFQG-HYBUGGRVSA-N"
"KPCD","JOOTZGPUMCZHLH-XMSQKQJNSA-N"
"KPCD","OWJIKBAZUBPKGN-HZUJVAHNSA-N"
"KPCD","CKJRKRPDNLRZPQ-CBJTVTONSA-N"
"KPCD","BPNNZZBLGSVSAA-CBJTVTONSA-N"
"KPCD","BPNNZZBLGSVSAA-KVYZTJHFSA-N"
"KPCD","CKJRKRPDNLRZPQ-KVYZTJHFSA-N"
"KPCD","IRGJDPZJEUYSKS-OQHSHRKDSA-N"
"KPCD","PJCGGXOMTFXJTG-WLWAFDKFSA-N"
"KPCL","IRGJDPZJEUYSKS-DYESRHJHSA-N"
"KPCL","MGLBGUZLARZAOR-AUSIDOKSSA-N"
"KPCL","FCVHMDURXUOCFY-DAESXHAQSA-N"
"KPCL","XDTAJQIDTGQFQG-HYBUGGRVSA-N"
"KPCL","JOOTZGPUMCZHLH-XMSQKQJNSA-N"
"KPCL","OWJIKBAZUBPKGN-HZUJVAHNSA-N"
"KPCL","CKJRKRPDNLRZPQ-CBJTVTONSA-N"
"KPCL","BPNNZZBLGSVSAA-CBJTVTONSA-N"
"KPCL","BPNNZZBLGSVSAA-KVYZTJHFSA-N"
"KPCL","CKJRKRPDNLRZPQ-KVYZTJHFSA-N"
"KPCL","IRGJDPZJEUYSKS-OQHSHRKDSA-N"
"KPCL","PJCGGXOMTFXJTG-WLWAFDKFSA-N"
"KPCE","IRGJDPZJEUYSKS-DYESRHJHSA-N"
"KPCE","MGLBGUZLARZAOR-AUSIDOKSSA-N"
"KPCE","FCVHMDURXUOCFY-DAESXHAQSA-N"
"KPCE","JOOTZGPUMCZHLH-XMSQKQJNSA-N"
"KPCE","OWJIKBAZUBPKGN-HZUJVAHNSA-N"
"KPCE","CKJRKRPDNLRZPQ-CBJTVTONSA-N"
"KPCE","BPNNZZBLGSVSAA-CBJTVTONSA-N"
"KPCE","BPNNZZBLGSVSAA-KVYZTJHFSA-N"
"KPCE","CKJRKRPDNLRZPQ-KVYZTJHFSA-N"
"KPCE","IRGJDPZJEUYSKS-OQHSHRKDSA-N"
"KPCE","PJCGGXOMTFXJTG-WLWAFDKFSA-N"
"KPCA","IRGJDPZJEUYSKS-DYESRHJHSA-N"
"KPCA","MGLBGUZLARZAOR-AUSIDOKSSA-N"
"KPCA","FCVHMDURXUOCFY-DAESXHAQSA-N"
"KPCA","JOOTZGPUMCZHLH-XMSQKQJNSA-N"
"KPCA","OWJIKBAZUBPKGN-HZUJVAHNSA-N"
"KPCA","CKJRKRPDNLRZPQ-CBJTVTONSA-N"
"KPCA","BPNNZZBLGSVSAA-CBJTVTONSA-N"
"KPCA","BPNNZZBLGSVSAA-KVYZTJHFSA-N"
"KPCA","CKJRKRPDNLRZPQ-KVYZTJHFSA-N"
"KPCA","IRGJDPZJEUYSKS-OQHSHRKDSA-N"
"KPCA","PJCGGXOMTFXJTG-WLWAFDKFSA-N"
"KPCG","IRGJDPZJEUYSKS-DYESRHJHSA-N"
"KPCG","FCVHMDURXUOCFY-DAESXHAQSA-N"
"KPCG","OWJIKBAZUBPKGN-HZUJVAHNSA-N"
"KPCG","CKJRKRPDNLRZPQ-CBJTVTONSA-N"
"KPCG","BPNNZZBLGSVSAA-CBJTVTONSA-N"
"KPCG","BPNNZZBLGSVSAA-KVYZTJHFSA-N"
"KPCG","CKJRKRPDNLRZPQ-KVYZTJHFSA-N"
"KPCG","IRGJDPZJEUYSKS-OQHSHRKDSA-N"
"KPCG","PJCGGXOMTFXJTG-WLWAFDKFSA-N"
"KPCB","IRGJDPZJEUYSKS-DYESRHJHSA-N"
"KPCB","FCVHMDURXUOCFY-DAESXHAQSA-N"
"KPCB","XDTAJQIDTGQFQG-HYBUGGRVSA-N"
"KPCB","JOOTZGPUMCZHLH-XMSQKQJNSA-N"
"KPCB","OWJIKBAZUBPKGN-HZUJVAHNSA-N"
"KPCB","CKJRKRPDNLRZPQ-CBJTVTONSA-N"
"KPCB","BPNNZZBLGSVSAA-CBJTVTONSA-N"
"KPCB","BPNNZZBLGSVSAA-KVYZTJHFSA-N"
"KPCB","CKJRKRPDNLRZPQ-KVYZTJHFSA-N"
"KPCB","IRGJDPZJEUYSKS-OQHSHRKDSA-N"
"KPCB","PJCGGXOMTFXJTG-WLWAFDKFSA-N"
"KPCD","RYJIUYPHHDCWNM-YIXXDRMTSA-N"
"KPCL","RYJIUYPHHDCWNM-YIXXDRMTSA-N"
"VGFR2","ACTSTIBGWRUXHI-UHFFFAOYSA-N"
"MK10","HGQHCYUSXPTRID-UHFFFAOYSA-N"
"MK09","HGQHCYUSXPTRID-UHFFFAOYSA-N"
"MK08","HGQHCYUSXPTRID-UHFFFAOYSA-N"
"AKT1","DNCWCPDSMUNNAM-UHFFFAOYSA-N"
"MTOR","KWNMYUCUGZGVSI-UHFFFAOYSA-N"
"KPCD","MKPSMRQVGPTYRL-UHFFFAOYSA-N"
"KPCD","PEZLAFKDOMGSEL-UHFFFAOYSA-N"
"KPCG","MKPSMRQVGPTYRL-UHFFFAOYSA-N"
"KPCG","PEZLAFKDOMGSEL-UHFFFAOYSA-N"
"KPCB","MKPSMRQVGPTYRL-UHFFFAOYSA-N"
"KPCB","PEZLAFKDOMGSEL-UHFFFAOYSA-N"
"PIM3","UFKSWYKDQZBJTH-UHFFFAOYSA-N"
"RAF1","UFKSWYKDQZBJTH-UHFFFAOYSA-N"
"BRAF","UFKSWYKDQZBJTH-UHFFFAOYSA-N"
"PIM1","UFKSWYKDQZBJTH-UHFFFAOYSA-N"
"PIM2","UFKSWYKDQZBJTH-UHFFFAOYSA-N"
"MK14","WMXJYEDCJIDCNY-UHFFFAOYSA-N"
"RAF1","WMXJYEDCJIDCNY-UHFFFAOYSA-N"
"DYRK2","QKACFWBQLNCAPU-XGICHPGQSA-N"
"DYR1A","QKACFWBQLNCAPU-XGICHPGQSA-N"
"CLK3","QKACFWBQLNCAPU-XGICHPGQSA-N"
"CLK1","QKACFWBQLNCAPU-XGICHPGQSA-N"
"DYR1A","MMWGSUYGZVUNCC-ZSOIEALJSA-N"
"CLK1","MMWGSUYGZVUNCC-ZSOIEALJSA-N"
"PIM1","YCUFFCKRBVGCAI-NSIKDUERSA-N"
"CLK1","YCUFFCKRBVGCAI-NSIKDUERSA-N"
"FLT3","YADAQXVHBLKOIU-UHFFFAOYSA-N"
"FLT3","VQWQMCSERGTZMF-UHFFFAOYSA-N"
"FLT3","RRLMXJYNEGEVPP-UHFFFAOYSA-N"
"FLT3","FVAPHAVJOTYNMT-UHFFFAOYSA-N"
"FLT3","MZOIOQHNRFBXRZ-UHFFFAOYSA-N"
"FLT3","KZOKUOXISXMSOB-UHFFFAOYSA-N"
"VGFR2","YADAQXVHBLKOIU-UHFFFAOYSA-N"
"VGFR2","VQWQMCSERGTZMF-UHFFFAOYSA-N"
"VGFR2","RRLMXJYNEGEVPP-UHFFFAOYSA-N"
"VGFR2","FVAPHAVJOTYNMT-UHFFFAOYSA-N"
"VGFR2","MZOIOQHNRFBXRZ-UHFFFAOYSA-N"
"VGFR2","KZOKUOXISXMSOB-UHFFFAOYSA-N"
"VGFR1","YADAQXVHBLKOIU-UHFFFAOYSA-N"
"VGFR1","VQWQMCSERGTZMF-UHFFFAOYSA-N"
"VGFR1","RRLMXJYNEGEVPP-UHFFFAOYSA-N"
"AURKA","YADAQXVHBLKOIU-UHFFFAOYSA-N"
"AURKA","FVAPHAVJOTYNMT-UHFFFAOYSA-N"
"AURKA","MZOIOQHNRFBXRZ-UHFFFAOYSA-N"
"AURKA","KZOKUOXISXMSOB-UHFFFAOYSA-N"
"FGFR1","VRQMAABPASPXMW-HDICACEKSA-N"
"FGFR2","VRQMAABPASPXMW-HDICACEKSA-N"
"FGFR3","VRQMAABPASPXMW-HDICACEKSA-N"
"AKT1","FHOXICOTPQTJOQ-UHFFFAOYSA-N"
"AURKB","FIAJCYVGOYDLFU-UHFFFAOYSA-N"
"JAK2","RJSFPBZAQWNTND-UHFFFAOYSA-N"
"MET","VRFBKBFDZDKNBO-UHFFFAOYSA-N"
"PIM3","GDSQVLMYYCNAGP-UHFFFAOYSA-N"
"DYRK3","GDSQVLMYYCNAGP-UHFFFAOYSA-N"
"HIPK2","GDSQVLMYYCNAGP-UHFFFAOYSA-N"
"ILK","GHBUPSVATJKTRR-UHFFFAOYSA-N"
"KSYK","ODRSUVBAJITCIK-GFCCVEGCSA-N"
"TGFR1","YRLPENQUGQKFDF-UHFFFAOYSA-N"
"KIT","FELCCLMGXTVEGI-UHFFFAOYSA-N"
"FLT3","FELCCLMGXTVEGI-UHFFFAOYSA-N"
"DYR1B","OIUXUISHRLJKGO-UHFFFAOYSA-N"
"CLK4","OIUXUISHRLJKGO-UHFFFAOYSA-N"
"BMX","XYFPWWZEPKGCCK-GOSISDBHSA-N"
"BTK","XYFPWWZEPKGCCK-GOSISDBHSA-N"
"BLK","XYFPWWZEPKGCCK-GOSISDBHSA-N"
"RET","XYFPWWZEPKGCCK-GOSISDBHSA-N"
"JAK3","JOGKUKXHTYWRGZ-UHFFFAOYSA-N"
"MTOR","JOGKUKXHTYWRGZ-UHFFFAOYSA-N"
"PIM1","XUQANXIOTPWFQW-UHFFFAOYSA-N"
"PIM1","WNOHFJIMKSDPHP-UHFFFAOYSA-N"
"PIM1","IFKCLLHUGZYAPV-UHFFFAOYSA-N"
"PIM2","WNOHFJIMKSDPHP-UHFFFAOYSA-N"
"PIM2","IFKCLLHUGZYAPV-UHFFFAOYSA-N"
"GSK3B","BDRSCIWOUKYOAH-NRFANRHFSA-N"
"GSK3A","BDRSCIWOUKYOAH-NRFANRHFSA-N"
"ERBB4","FKXXCQSSSCJHOZ-UHFFFAOYSA-N"
"ERBB4","JJHXVSSJRMTBMC-UHFFFAOYSA-N"
"EGFR","FKXXCQSSSCJHOZ-UHFFFAOYSA-N"
"EGFR","JJHXVSSJRMTBMC-UHFFFAOYSA-N"
"ERBB2","FKXXCQSSSCJHOZ-UHFFFAOYSA-N"
"ERBB2","JJHXVSSJRMTBMC-UHFFFAOYSA-N"
"FAK1","HEBHVXJRMDQONJ-UHFFFAOYSA-N"
"JAK2","HEBHVXJRMDQONJ-UHFFFAOYSA-N"
"FLT3","PHSIYDUUMNRJIN-DAFODLJHSA-N"
"JAK2","PHSIYDUUMNRJIN-DAFODLJHSA-N"
"ALK","WLTMYDRAYRGWMO-UHFFFAOYSA-N"
"FAK1","WLTMYDRAYRGWMO-UHFFFAOYSA-N"
"JAK2","WLTMYDRAYRGWMO-UHFFFAOYSA-N"
"FLT3","ZGLMOHGZOVHVIU-VOTSOKGWSA-N"
"JAK2","ZGLMOHGZOVHVIU-VOTSOKGWSA-N"
"JAK1","CLGRAWDGLMENOD-UHFFFAOYSA-N"
"JAK3","CLGRAWDGLMENOD-UHFFFAOYSA-N"
"PIM1","YOXRHHNVUJXJFA-BJHJDKERSA-N"
"PLK1","HLHNFPFYQRRGPP-MSOLQXFVSA-N"
"PLK3","HLHNFPFYQRRGPP-MSOLQXFVSA-N"
"FLT3","YWPZNZDBYDEVCY-UHFFFAOYSA-N"
"VGFR2","YWPZNZDBYDEVCY-UHFFFAOYSA-N"
"JAK1","YWPZNZDBYDEVCY-UHFFFAOYSA-N"
"AURKA","YWPZNZDBYDEVCY-UHFFFAOYSA-N"
"KPCT","IYXLXYYJVSGEMN-SSDOTTSWSA-N"
"KPCD","IYXLXYYJVSGEMN-SSDOTTSWSA-N"
"KPCE","IYXLXYYJVSGEMN-SSDOTTSWSA-N"
"JAK2","OUAYPLUHINPFJL-MWLCHTKSSA-N"
"TYK2","OUAYPLUHINPFJL-MWLCHTKSSA-N"
"JAK1","OUAYPLUHINPFJL-MWLCHTKSSA-N"
"JAK3","OUAYPLUHINPFJL-MWLCHTKSSA-N"
"LCK","RZDRBCYADHCOMG-YHBQERECSA-N"
"SRC","RZDRBCYADHCOMG-YHBQERECSA-N"
"TIE2","RZDRBCYADHCOMG-YHBQERECSA-N"
"CHK1","VUQDZGWRLHHYTB-ZDUSSCGKSA-N"
"MAPK2","VUQDZGWRLHHYTB-ZDUSSCGKSA-N"
"EF2K","KNBMWPBPZFBGQW-UHFFFAOYSA-N"
"IRAK4","DASFSPDIWCMVRW-UHFFFAOYSA-N"
"LCK","DASFSPDIWCMVRW-UHFFFAOYSA-N"
"MK01","DASFSPDIWCMVRW-UHFFFAOYSA-N"
"AURKB","DASFSPDIWCMVRW-UHFFFAOYSA-N"
"KPCD","DKHPQQRGPHOKBV-DYESRHJHSA-N"
"KPCB","DKHPQQRGPHOKBV-DYESRHJHSA-N"
"MET","DSXKHNQVXUJTRO-UHFFFAOYSA-N"
"IRAK4","FMCYOILPKLBTED-SECBINFHSA-N"
"PIM1","DCHLKSOMTRDQCG-UHFFFAOYSA-N"
"PIM2","DCHLKSOMTRDQCG-UHFFFAOYSA-N"
"KPCD","QHZHJSWWHXUNNZ-PXDATVDWSA-N"
"KPCE","QHZHJSWWHXUNNZ-PXDATVDWSA-N"
"LYN","KADWYJUBGMHRCN-NNXBCOKFSA-N"
"TYRO3","KADWYJUBGMHRCN-NNXBCOKFSA-N"
"TYRO3","ISMSJIQPYLYXKJ-UHFFFAOYSA-N"
"PIM3","CXGNKWVDMVOVTL-NSHDSACASA-N"
"PIM1","CXGNKWVDMVOVTL-NSHDSACASA-N"
"PIM2","CXGNKWVDMVOVTL-NSHDSACASA-N"
"UFO","VEBSKSLIQGSHRV-UHFFFAOYSA-N"
"TGFR1","OWIYYKSTVQMPLM-UHFFFAOYSA-N"
"RAF1","BFSMGDJOXZAERB-UHFFFAOYSA-N"
"ARAF","BFSMGDJOXZAERB-UHFFFAOYSA-N"
"BRAF","BFSMGDJOXZAERB-UHFFFAOYSA-N"
"BRAF","UGODIOOKONOGOI-UHFFFAOYSA-N"
"ATR","UUEAFRKZMCDHFV-UHFFFAOYSA-N"
"MTOR","UUEAFRKZMCDHFV-UHFFFAOYSA-N"
"MET","HKGJCZLDFIJHIO-UHFFFAOYSA-N"
"KPCL","WORLFHNBHSSAJQ-FQEVSTJZSA-N"
"KPCB","WORLFHNBHSSAJQ-FQEVSTJZSA-N"
"KIT","HMMBZLXOFKQWRQ-UCQKPKSFSA-N"
"CSF1R","HMMBZLXOFKQWRQ-UCQKPKSFSA-N"
"PGFRB","HMMBZLXOFKQWRQ-UCQKPKSFSA-N"
"KIT","JECVRFZSSMBKTJ-VEILYXNESA-N"
"PGFRB","JECVRFZSSMBKTJ-VEILYXNESA-N"
"RET","JECVRFZSSMBKTJ-VEILYXNESA-N"
"M3K8","RSNHCVNHNTXPIN-UHFFFAOYSA-N"
"DYR1A","PMXIKEQFDKDKSV-UHFFFAOYSA-N"
"CLK1","PMXIKEQFDKDKSV-UHFFFAOYSA-N"
"CLK1","XBPSBLTUCDXDKJ-UHFFFAOYSA-N"
"CSK21","DVDLZLUKYIFIOR-UHFFFAOYSA-N"
"HIPK2","DVDLZLUKYIFIOR-UHFFFAOYSA-N"
"GSK3B","DVDLZLUKYIFIOR-UHFFFAOYSA-N"
"CSK21","NUDFPMSBYIFHBD-UHFFFAOYSA-N"
"HIPK2","SYFFUKLBOFFLLY-UHFFFAOYSA-N"
"GSK3B","SYFFUKLBOFFLLY-UHFFFAOYSA-N"
"CSK21","UZZGMJZTCZOSGC-UHFFFAOYSA-N"
"GSK3B","UZZGMJZTCZOSGC-UHFFFAOYSA-N"
"FAK1","QYLHIQHJHCIUAA-UHFFFAOYSA-N"
"FAK1","CGKOJXZSERSZFD-UHFFFAOYSA-N"
"FAK1","WGUPYSJTXMOQKK-UHFFFAOYSA-N"
"FAK1","DDQHOFUNXAOJKD-UHFFFAOYSA-N"
"FAK1","HJNUCQAIWCULOY-UHFFFAOYSA-N"
"JAK2","QYLHIQHJHCIUAA-UHFFFAOYSA-N"
"JAK2","CGKOJXZSERSZFD-UHFFFAOYSA-N"
"JAK2","WGUPYSJTXMOQKK-UHFFFAOYSA-N"
"JAK2","DDQHOFUNXAOJKD-UHFFFAOYSA-N"
"JAK2","HJNUCQAIWCULOY-UHFFFAOYSA-N"
"JAK3","QYLHIQHJHCIUAA-UHFFFAOYSA-N"
"JAK3","CGKOJXZSERSZFD-UHFFFAOYSA-N"
"JAK3","WGUPYSJTXMOQKK-UHFFFAOYSA-N"
"JAK3","DDQHOFUNXAOJKD-UHFFFAOYSA-N"
"JAK3","HJNUCQAIWCULOY-UHFFFAOYSA-N"
"JAK2","GYQHHRDRGBGZKH-UHFFFAOYSA-N"
"JAK3","GYQHHRDRGBGZKH-UHFFFAOYSA-N"
"FLT3","COAWOLGBXJWLNS-UHFFFAOYSA-N"
"FLT3","JCKZGURUGPXEEO-UHFFFAOYSA-N"
"VGFR2","COAWOLGBXJWLNS-UHFFFAOYSA-N"
"VGFR2","JCKZGURUGPXEEO-UHFFFAOYSA-N"
"VGFR1","JCKZGURUGPXEEO-UHFFFAOYSA-N"
"TESK1","WUCYRTXFXRZKSV-UHFFFAOYSA-N"
"LIMK1","WUCYRTXFXRZKSV-UHFFFAOYSA-N"
"LIMK2","WUCYRTXFXRZKSV-UHFFFAOYSA-N"
"VGFR2","RAVOJQLJGOGZMT-FCLUMBPUSA-N"
"AURKB","RAVOJQLJGOGZMT-FCLUMBPUSA-N"
"ACK1","ZJLXSIPWULUCRJ-UHFFFAOYSA-N"
"VGFR2","JNSMYVIVQDWCFM-UHFFFAOYSA-N"
"VGFR2","IMXLKPSPRSVIRB-UHFFFAOYSA-N"
"INSR","IMXLKPSPRSVIRB-UHFFFAOYSA-N"
"IGF1R","JNSMYVIVQDWCFM-UHFFFAOYSA-N"
"IGF1R","IMXLKPSPRSVIRB-UHFFFAOYSA-N"
"FGFR1","JNSMYVIVQDWCFM-UHFFFAOYSA-N"
"FGFR1","IMXLKPSPRSVIRB-UHFFFAOYSA-N"
"IGF1R","OCTJJTONFVZCDV-UHFFFAOYSA-N"
"FGFR1","OCTJJTONFVZCDV-UHFFFAOYSA-N"
"MK11","QLOKOUOGVWMVKM-UHFFFAOYSA-N"
"MK14","QLOKOUOGVWMVKM-UHFFFAOYSA-N"
"LCK","ZMHVJFIIASNLTM-UHFFFAOYSA-N"
"VGFR2","ZMHVJFIIASNLTM-UHFFFAOYSA-N"
"TIE2","ZMHVJFIIASNLTM-UHFFFAOYSA-N"
"MP2K1","LIRYPHYGHXZJBZ-UHFFFAOYSA-N"
"MP2K2","LIRYPHYGHXZJBZ-UHFFFAOYSA-N"
"KIT","ONIQOQHATWINJY-UHFFFAOYSA-N"
"VGFR2","ONIQOQHATWINJY-UHFFFAOYSA-N"
"RET","ONIQOQHATWINJY-UHFFFAOYSA-N"
"MET","ONIQOQHATWINJY-UHFFFAOYSA-N"
"VGFR2","LNPGEMWHMALOTH-UHFFFAOYSA-N"
"MK14","RULZSIQMRFGMKN-UHFFFAOYSA-N"
"MET","SQYNPZYBHGTSOY-ZDUSSCGKSA-N"
"MET","QRWHTFXNHZLJAL-HNNXBMFYSA-N"
"MET","VQYHPUHKYSSEOB-ZDUSSCGKSA-N"
"ATM","SCELLOWTHJGVIC-BGYRXZFFSA-N"
"JAK2","HEMGMIJDFOQHRV-UHFFFAOYSA-N"
"JAK1","HEMGMIJDFOQHRV-UHFFFAOYSA-N"
"YES","WJAKMUHDSIHSPY-MOHJPFBDSA-N"
"JAK2","MOUYAYZHJSOPGL-UHFFFAOYSA-N"
"JAK2","LIEFFTZBSWVRMX-UHFFFAOYSA-N"
"TYK2","HIXYDBSLZYKHEU-IJLUTSLNSA-N"
"TYK2","LLRNGFSFYHDPKW-MGPQQGTHSA-N"
"JAK1","MOUYAYZHJSOPGL-UHFFFAOYSA-N"
"JAK1","HIXYDBSLZYKHEU-IJLUTSLNSA-N"
"JAK1","LLRNGFSFYHDPKW-MGPQQGTHSA-N"
"JAK1","LIEFFTZBSWVRMX-UHFFFAOYSA-N"
"JAK3","MOUYAYZHJSOPGL-UHFFFAOYSA-N"
"JAK3","HIXYDBSLZYKHEU-IJLUTSLNSA-N"
"JAK3","LLRNGFSFYHDPKW-MGPQQGTHSA-N"
"JAK3","LIEFFTZBSWVRMX-UHFFFAOYSA-N"
"FLT3","BMGQWWVMWDBQGC-IIFHNQTCSA-N"
"CSF1R","BMGQWWVMWDBQGC-IIFHNQTCSA-N"
"VGFR2","BMGQWWVMWDBQGC-IIFHNQTCSA-N"
"AURKA","BMGQWWVMWDBQGC-IIFHNQTCSA-N"
"MK13","LYHNSWOZRDSWLX-MRXNPFEDSA-N"
"MK11","LYHNSWOZRDSWLX-MRXNPFEDSA-N"
"E2AK4","QAEKSWBVYBVLNO-UHFFFAOYSA-N"
"E2AK2","QAEKSWBVYBVLNO-UHFFFAOYSA-N"
"E2AK2","PRWSIEBRGXYXAJ-UHFFFAOYSA-N"
"E2AK3","QAEKSWBVYBVLNO-UHFFFAOYSA-N"
"E2AK3","PRWSIEBRGXYXAJ-UHFFFAOYSA-N"
"E2AK1","QAEKSWBVYBVLNO-UHFFFAOYSA-N"
"E2AK1","PRWSIEBRGXYXAJ-UHFFFAOYSA-N"
"DAPK3","HUHGJLNVHFJWTE-JYRVWZFOSA-N"
"PIM1","LRJIEZPKWFBSEJ-UHFFFAOYSA-N"
"DYR1A","LRJIEZPKWFBSEJ-UHFFFAOYSA-N"
"CLK3","LRJIEZPKWFBSEJ-UHFFFAOYSA-N"
"GSK3B","AFLCJXMOBVSHJB-UHFFFAOYSA-N"
"AKT2","WWGYSLWSIAEYKJ-AZUAARDMSA-N"
"AKT2","FKWGZLUCQAOQDJ-KBRIMQKVSA-N"
"AKT2","GRZXWCHAXNAUHY-NSISKUIASA-N"
"AKT2","FYEWVYNHLZNOSJ-NSISKUIASA-N"
"AKT2","HRAHACAUFMCZSB-KBRIMQKVSA-N"
"AKT2","GRZXWCHAXNAUHY-AHRSYUTCSA-N"
"AKT2","MGQHBEKIVYECCS-DUXKGJEZSA-N"
"AKT2","OSDYJCFGRBVWAT-WRWLIDTKSA-N"
"AKT1","WWGYSLWSIAEYKJ-AZUAARDMSA-N"
"AKT1","FKWGZLUCQAOQDJ-KBRIMQKVSA-N"
"AKT1","GRZXWCHAXNAUHY-NSISKUIASA-N"
"AKT1","FYEWVYNHLZNOSJ-NSISKUIASA-N"
"AKT1","HRAHACAUFMCZSB-KBRIMQKVSA-N"
"AKT1","GRZXWCHAXNAUHY-AHRSYUTCSA-N"
"AKT1","MGQHBEKIVYECCS-DUXKGJEZSA-N"
"AKT1","OSDYJCFGRBVWAT-WRWLIDTKSA-N"
"AKT3","WWGYSLWSIAEYKJ-AZUAARDMSA-N"
"AKT3","FKWGZLUCQAOQDJ-KBRIMQKVSA-N"
"AKT3","GRZXWCHAXNAUHY-NSISKUIASA-N"
"AKT3","FYEWVYNHLZNOSJ-NSISKUIASA-N"
"AKT3","HRAHACAUFMCZSB-KBRIMQKVSA-N"
"AKT3","GRZXWCHAXNAUHY-AHRSYUTCSA-N"
"AKT3","MGQHBEKIVYECCS-DUXKGJEZSA-N"
"AKT3","OSDYJCFGRBVWAT-WRWLIDTKSA-N"
"LCK","TXGKRVFSSHPBAJ-JKSUJKDBSA-N"
"LYN","TXGKRVFSSHPBAJ-JKSUJKDBSA-N"
"KSYK","TXGKRVFSSHPBAJ-JKSUJKDBSA-N"
"ZAP70","TXGKRVFSSHPBAJ-JKSUJKDBSA-N"
"KPCA","TXGKRVFSSHPBAJ-JKSUJKDBSA-N"
"AKT1","WFDHLKUQFQCHKF-UHFFFAOYSA-N"
"JAK2","BAJWFUQPOIPLDS-UHFFFAOYSA-N"
"KIT","QXUCXWRNTARBGK-FXBPSFAMSA-N"
"KIT","NUAJOPNJJAYNJG-PYCFMQQDSA-N"
"KIT","MWDKQVZICDCEDA-PYCFMQQDSA-N"
"KIT","OIXCGPYMAZCOHK-PYCFMQQDSA-N"
"KIT","KSXXLYFDRDYXJK-FXBPSFAMSA-N"
"PGFRB","QXUCXWRNTARBGK-FXBPSFAMSA-N"
"PGFRB","NUAJOPNJJAYNJG-PYCFMQQDSA-N"
"PGFRB","MWDKQVZICDCEDA-PYCFMQQDSA-N"
"PGFRB","OIXCGPYMAZCOHK-PYCFMQQDSA-N"
"PGFRB","KSXXLYFDRDYXJK-FXBPSFAMSA-N"
"VGFR2","QXUCXWRNTARBGK-FXBPSFAMSA-N"
"VGFR2","NUAJOPNJJAYNJG-PYCFMQQDSA-N"
"VGFR2","MWDKQVZICDCEDA-PYCFMQQDSA-N"
"VGFR2","OIXCGPYMAZCOHK-PYCFMQQDSA-N"
"VGFR2","KSXXLYFDRDYXJK-FXBPSFAMSA-N"
"VGFR2","FISKNRRMNMXILF-UHFFFAOYSA-N"
"EGFR","QXHOCHWKUSXBGX-UHFFFAOYSA-N"
"FLT3","HWXVIOGONBBTBY-UHFFFAOYSA-N"
"E2AK2","GUBLLHZACKGVEX-UHFFFAOYSA-N"
"MTOR","WQBAZXIQANTUOY-KRWDZBQOSA-N"
"FAK1","KWGCEVMOYJHJRB-UHFFFAOYSA-N"
"KIT","GVFQHBBRWBJGNU-UHFFFAOYSA-N"
"KIT","JVCWPUFNLFSKFS-UHFFFAOYSA-N"
"FLT3","GVFQHBBRWBJGNU-UHFFFAOYSA-N"
"FLT3","JVCWPUFNLFSKFS-UHFFFAOYSA-N"
"CSF1R","GVFQHBBRWBJGNU-UHFFFAOYSA-N"
"CSF1R","JVCWPUFNLFSKFS-UHFFFAOYSA-N"
"PGFRA","GVFQHBBRWBJGNU-UHFFFAOYSA-N"
"PGFRA","JVCWPUFNLFSKFS-UHFFFAOYSA-N"
"KC1G2","CIUATZJWGJGLPW-UHFFFAOYSA-N"
"AURKA","ZYQKMYRXVHUATB-UHFFFAOYSA-N"
"JAK1","LPYMOKHINZPBSQ-UHFFFAOYSA-N"
"FAK2","JGLDTVOUIXAPKU-UHFFFAOYSA-N"
"KPCB","VCGDMSXJUNSZGP-CYBMUJFWSA-N"
"MK14","CNLKCCXRGDSZMZ-UHFFFAOYSA-N"
"TNIK","GOMSKBLQVUFHHS-UHFFFAOYSA-N"
"TYRO3","BQICBFKSXAVIBF-UHFFFAOYSA-N"
"MERTK","BQICBFKSXAVIBF-UHFFFAOYSA-N"
"UFO","BQICBFKSXAVIBF-UHFFFAOYSA-N"
"ABL1","BQICBFKSXAVIBF-UHFFFAOYSA-N"
"TYRO3","XYASHXPUZJDWIO-UHFFFAOYSA-N"
"MERTK","XYASHXPUZJDWIO-UHFFFAOYSA-N"
"LCK","SQKBBDOFPPNVCL-UHFFFAOYSA-N"
"TYRO3","SQKBBDOFPPNVCL-UHFFFAOYSA-N"
"M4K4","SQKBBDOFPPNVCL-UHFFFAOYSA-N"
"ABL1","MLJBVAHRZATRDE-UHFFFAOYSA-N"
"FLT3","NQKQBQVEFPTHFU-UHFFFAOYSA-N"
"FLT3","ITJOPOBKLBQUJE-UHFFFAOYSA-N"
"VGFR2","NQKQBQVEFPTHFU-UHFFFAOYSA-N"
"VGFR2","ITJOPOBKLBQUJE-UHFFFAOYSA-N"
"JAK2","NQKQBQVEFPTHFU-UHFFFAOYSA-N"
"JAK2","ITJOPOBKLBQUJE-UHFFFAOYSA-N"
"TYK2","NQKQBQVEFPTHFU-UHFFFAOYSA-N"
"TYK2","ITJOPOBKLBQUJE-UHFFFAOYSA-N"
"JAK1","NQKQBQVEFPTHFU-UHFFFAOYSA-N"
"JAK1","ITJOPOBKLBQUJE-UHFFFAOYSA-N"
"AURKA","NQKQBQVEFPTHFU-UHFFFAOYSA-N"
"AURKA","ITJOPOBKLBQUJE-UHFFFAOYSA-N"
"VGFR2","MNRAJFUSWSJXCI-UHFFFAOYSA-N"
"JAK2","MNRAJFUSWSJXCI-UHFFFAOYSA-N"
"TYK2","MNRAJFUSWSJXCI-UHFFFAOYSA-N"
"JAK1","MNRAJFUSWSJXCI-UHFFFAOYSA-N"
"AURKA","MNRAJFUSWSJXCI-UHFFFAOYSA-N"
"TYK2","FIOJSASVXZIWJI-UHFFFAOYSA-N"
"MTOR","ROWRIIZUTZDVNX-UHFFFAOYSA-N"
"PIM1","BYTKNUOMWLJVNQ-UHFFFAOYSA-N"
"MTOR","BYTKNUOMWLJVNQ-UHFFFAOYSA-N"
"MK14","QAZSOKNYSVTMPH-UHFFFAOYSA-N"
"ABL1","QAZSOKNYSVTMPH-UHFFFAOYSA-N"
"ABL2","QAZSOKNYSVTMPH-UHFFFAOYSA-N"
"ABL1","SWWHQLAUNHTMIH-UHFFFAOYSA-N"
"ABL2","SWWHQLAUNHTMIH-UHFFFAOYSA-N"
"EGFR","WRQKYTMPGPMLPI-UHFFFAOYSA-N"
"EGFR","MXWHQDKBDRIKNI-UHFFFAOYSA-N"
"JAK2","STEKXUJMQOKLQV-LLVKDONJSA-N"
"JAK2","MGBQLTSHRNLWDQ-UHFFFAOYSA-N"
"JAK2","GYUYXDVWIXPSBG-RRKGBCIJSA-N"
"JAK2","QDCKKDJBUXQBNC-SECBINFHSA-N"
"JAK2","XUHZZDAPCLYTNF-SECBINFHSA-N"
"JAK1","STEKXUJMQOKLQV-LLVKDONJSA-N"
"JAK1","MGBQLTSHRNLWDQ-UHFFFAOYSA-N"
"JAK1","GYUYXDVWIXPSBG-RRKGBCIJSA-N"
"JAK1","QDCKKDJBUXQBNC-SECBINFHSA-N"
"JAK1","XUHZZDAPCLYTNF-SECBINFHSA-N"
"JAK3","STEKXUJMQOKLQV-LLVKDONJSA-N"
"JAK3","MGBQLTSHRNLWDQ-UHFFFAOYSA-N"
"JAK3","GYUYXDVWIXPSBG-RRKGBCIJSA-N"
"JAK3","QDCKKDJBUXQBNC-SECBINFHSA-N"
"JAK3","XUHZZDAPCLYTNF-SECBINFHSA-N"
"JAK2","WRLLXWRAXRGFBQ-BDJLRTHQSA-N"
"JAK1","WRLLXWRAXRGFBQ-BDJLRTHQSA-N"
"JAK3","WRLLXWRAXRGFBQ-BDJLRTHQSA-N"
"MP2K1","KEEFYWUVYWZFPQ-UHFFFAOYSA-N"
"MK01","KEEFYWUVYWZFPQ-UHFFFAOYSA-N"
"KIT","NZCHGHMPHKCWLR-UHFFFAOYSA-N"
"FLT3","NZCHGHMPHKCWLR-UHFFFAOYSA-N"
"PGFRA","NZCHGHMPHKCWLR-UHFFFAOYSA-N"
"PGFRB","NZCHGHMPHKCWLR-UHFFFAOYSA-N"
"VGFR2","NZCHGHMPHKCWLR-UHFFFAOYSA-N"
"RAF1","NZCHGHMPHKCWLR-UHFFFAOYSA-N"
"CSF1R","HAZVCDSGCISCHC-GFCCVEGCSA-N"
"PGFRA","HAZVCDSGCISCHC-GFCCVEGCSA-N"
"LRRK2","HAZVCDSGCISCHC-GFCCVEGCSA-N"
"M3K9","ISXAVIPPPMJTPN-UHFFFAOYSA-N"
"FAK1","ISXAVIPPPMJTPN-UHFFFAOYSA-N"
"PTK6","RXPZOSHFGJWSLQ-UHFFFAOYSA-N"
"ACVR1","RXPZOSHFGJWSLQ-UHFFFAOYSA-N"
"AURKA","RXPZOSHFGJWSLQ-UHFFFAOYSA-N"
"AURKC","RXPZOSHFGJWSLQ-UHFFFAOYSA-N"
"M3K14","MEOWHQIIZUZBTO-UHFFFAOYSA-N"
"KCC2A","RJQKIIUKVQSZKI-OWULKIJKSA-N"
"BTK","ZCWXCBKGPJOAFQ-UHFFFAOYSA-N"
"DDR1","ZCWXCBKGPJOAFQ-UHFFFAOYSA-N"
"DDR2","ZCWXCBKGPJOAFQ-UHFFFAOYSA-N"
"KIT","DNMQPIQPJLMWPY-UHFFFAOYSA-N"
"KIT","CZCBVFVSSWZKPW-UHFFFAOYSA-N"
"KIT","ZHAGZTJIWAFRBI-UHFFFAOYSA-N"
"DDR1","DNMQPIQPJLMWPY-UHFFFAOYSA-N"
"DDR1","CZCBVFVSSWZKPW-UHFFFAOYSA-N"
"DDR1","ZHAGZTJIWAFRBI-UHFFFAOYSA-N"
"DDR2","DNMQPIQPJLMWPY-UHFFFAOYSA-N"
"DDR2","CZCBVFVSSWZKPW-UHFFFAOYSA-N"
"DDR2","ZHAGZTJIWAFRBI-UHFFFAOYSA-N"
"KIT","VUJQGYIVERKNSC-UHFFFAOYSA-N"
"DDR1","VUJQGYIVERKNSC-UHFFFAOYSA-N"
"EPHA2","CHLFLLKJECWTRG-KSDWDQPISA-N"
"JAK2","MJJPFIFLAMTXHQ-GFCCVEGCSA-N"
"JAK2","PVVVYOIGLMKRJI-GFCCVEGCSA-N"
"JAK2","VBBBMVLVNAZHSI-LLVKDONJSA-N"
"JAK1","MJJPFIFLAMTXHQ-GFCCVEGCSA-N"
"JAK1","PVVVYOIGLMKRJI-GFCCVEGCSA-N"
"JAK1","VBBBMVLVNAZHSI-LLVKDONJSA-N"
"JAK3","MJJPFIFLAMTXHQ-GFCCVEGCSA-N"
"JAK3","PVVVYOIGLMKRJI-GFCCVEGCSA-N"
"JAK3","VBBBMVLVNAZHSI-LLVKDONJSA-N"
"KSYK","XZSAELDLIRYMCC-UHFFFAOYSA-N"
"JAK2","CHHLXGOWLAGVTK-LLVKDONJSA-N"
"JAK1","CHHLXGOWLAGVTK-LLVKDONJSA-N"
"JAK3","CHHLXGOWLAGVTK-LLVKDONJSA-N"
"CDC7","AWCHMFGQIYZKHQ-UHFFFAOYSA-N"
"MP2K5","QHUDPFOODLMGQO-UHFFFAOYSA-N"
"ERBB4","QHUDPFOODLMGQO-UHFFFAOYSA-N"
"EGFR","QHUDPFOODLMGQO-UHFFFAOYSA-N"
"ERBB2","QHUDPFOODLMGQO-UHFFFAOYSA-N"
"BRAF","QHUDPFOODLMGQO-UHFFFAOYSA-N"
"MAPK2","SCZSZUZHNGMDLI-UHFFFAOYSA-N"
"JAK2","VFFSAQXTKFQKMB-LLVKDONJSA-N"
"JAK1","VFFSAQXTKFQKMB-LLVKDONJSA-N"
"JAK3","VFFSAQXTKFQKMB-LLVKDONJSA-N"
"PIM3","IEFSYAIPOMVBKO-UHFFFAOYSA-N"
"PIM1","IEFSYAIPOMVBKO-UHFFFAOYSA-N"
"TTK","DCQJOTPFAGUJNC-UHFFFAOYSA-N"
"MK08","DCQJOTPFAGUJNC-UHFFFAOYSA-N"
"M3K11","MEXUTNIFSHFQRG-UHFFFAOYSA-N"
"CHK1","UIBANLKKSQACJD-UHFFFAOYSA-N"
"LCK","JBUBKVHDFJCRSZ-UHFFFAOYSA-N"
"SRC","JBUBKVHDFJCRSZ-UHFFFAOYSA-N"
"VGFR2","JBUBKVHDFJCRSZ-UHFFFAOYSA-N"
"SRC","ZAECRZKMCOYFJV-RQJUBWCJSA-N"
"CSK","ZAECRZKMCOYFJV-RQJUBWCJSA-N"
"PAK2","GHYZGSZITPRQRZ-UHFFFAOYSA-N"
"PAK2","FTGUWURNNBVUBC-UHFFFAOYSA-N"
"PAK1","GHYZGSZITPRQRZ-UHFFFAOYSA-N"
"PAK1","FTGUWURNNBVUBC-UHFFFAOYSA-N"
"PAK3","GHYZGSZITPRQRZ-UHFFFAOYSA-N"
"PAK3","FTGUWURNNBVUBC-UHFFFAOYSA-N"
"PAK2","PVZRBQHDDWNKDW-ZDUSSCGKSA-N"
"PAK1","PVZRBQHDDWNKDW-ZDUSSCGKSA-N"
"PAK3","PVZRBQHDDWNKDW-ZDUSSCGKSA-N"
"PAK4","LXAVLHJMLKIDME-UHFFFAOYSA-N"
"PAK4","LDWBULFGVRAVMR-UHFFFAOYSA-N"
"PAK2","WTEGSNARHOVIJM-NUHJPDEHSA-N"
"PAK1","WTEGSNARHOVIJM-NUHJPDEHSA-N"
"PAK1","LXAVLHJMLKIDME-UHFFFAOYSA-N"
"PAK1","LDWBULFGVRAVMR-UHFFFAOYSA-N"
"PAK3","WTEGSNARHOVIJM-NUHJPDEHSA-N"
"AURKA","LXAVLHJMLKIDME-UHFFFAOYSA-N"
"AURKA","LDWBULFGVRAVMR-UHFFFAOYSA-N"
"PAK4","SIXQNSLYMZXLPF-UHFFFAOYSA-N"
"PAK1","SIXQNSLYMZXLPF-UHFFFAOYSA-N"
"AURKA","SIXQNSLYMZXLPF-UHFFFAOYSA-N"
"DYR1B","ZLFXEVGPZWFVCB-UHFFFAOYSA-N"
"DYR1A","ZLFXEVGPZWFVCB-UHFFFAOYSA-N"
"JAK2","COGIAVJREKAVDL-SNVBAGLBSA-N"
"JAK2","HFCJAKGWADMYJC-HAQNSBGRSA-N"
"JAK2","AATBKSLPLAFVJV-UHFFFAOYSA-N"
"TYK2","COGIAVJREKAVDL-SNVBAGLBSA-N"
"TYK2","HFCJAKGWADMYJC-HAQNSBGRSA-N"
"TYK2","AATBKSLPLAFVJV-UHFFFAOYSA-N"
"JAK1","COGIAVJREKAVDL-SNVBAGLBSA-N"
"JAK1","HFCJAKGWADMYJC-HAQNSBGRSA-N"
"JAK1","AATBKSLPLAFVJV-UHFFFAOYSA-N"
"JAK3","COGIAVJREKAVDL-SNVBAGLBSA-N"
"JAK3","HFCJAKGWADMYJC-HAQNSBGRSA-N"
"JAK3","AATBKSLPLAFVJV-UHFFFAOYSA-N"
"PLK1","RXDSAQWDJRAMCT-UHFFFAOYSA-N"
"ALK","LVYXERPKYAQGKM-SNVBAGLBSA-N"
"AURKB","LVYXERPKYAQGKM-SNVBAGLBSA-N"
"RON","LVYXERPKYAQGKM-SNVBAGLBSA-N"
"MET","LVYXERPKYAQGKM-SNVBAGLBSA-N"
"PLK1","JMDRAMDTWLAOHD-GOSISDBHSA-N"
"PLK2","JMDRAMDTWLAOHD-GOSISDBHSA-N"
"PGFRA","OFUBWOTWQPAEDG-SXGWCWSVSA-N"
"PGFRA","XCJXNMGPLVXHMC-PXNMLYILSA-N"
"PGFRA","OQBJXGADOAMRSR-NVNXTCNLSA-N"
"ALK","OFUBWOTWQPAEDG-SXGWCWSVSA-N"
"LCK","OFUBWOTWQPAEDG-SXGWCWSVSA-N"
"LCK","OUDNHJQPMQFCDI-PXNMLYILSA-N"
"LCK","OQBJXGADOAMRSR-NVNXTCNLSA-N"
"VGFR2","OFUBWOTWQPAEDG-SXGWCWSVSA-N"
"VGFR2","XCJXNMGPLVXHMC-PXNMLYILSA-N"
"VGFR2","OUDNHJQPMQFCDI-PXNMLYILSA-N"
"VGFR2","OQBJXGADOAMRSR-NVNXTCNLSA-N"
"LRRK2","OFUBWOTWQPAEDG-SXGWCWSVSA-N"
"LRRK2","XCJXNMGPLVXHMC-PXNMLYILSA-N"
"LRRK2","OUDNHJQPMQFCDI-PXNMLYILSA-N"
"LRRK2","OQBJXGADOAMRSR-NVNXTCNLSA-N"
"RET","OFUBWOTWQPAEDG-SXGWCWSVSA-N"
"RET","XCJXNMGPLVXHMC-PXNMLYILSA-N"
"RET","OUDNHJQPMQFCDI-PXNMLYILSA-N"
"RET","OQBJXGADOAMRSR-NVNXTCNLSA-N"
"PGFRA","WQTDKOSNNMUDQK-KQWNVCNZSA-N"
"ALK","WQTDKOSNNMUDQK-KQWNVCNZSA-N"
"LCK","WQTDKOSNNMUDQK-KQWNVCNZSA-N"
"VGFR2","WQTDKOSNNMUDQK-KQWNVCNZSA-N"
"RET","WQTDKOSNNMUDQK-KQWNVCNZSA-N"
"ALK","UAVBPSVJXCTZOC-UHFFFAOYSA-N"
"INSR","UAVBPSVJXCTZOC-UHFFFAOYSA-N"
"PLK4","KFZCNVWXULQFPN-MKMNVTDBSA-N"
"M3K7","CQMWAJCVQYHQCJ-JOCQHMNTSA-N"
"M3K7","WFHQLAWBICSWPO-HDJSIYSDSA-N"
"VGFR2","WFHQLAWBICSWPO-HDJSIYSDSA-N"
"AURKB","WFHQLAWBICSWPO-HDJSIYSDSA-N"
"M3K7","QWDMOLLUOYFWOV-SHTZXODSSA-N"
"VGFR2","QWDMOLLUOYFWOV-SHTZXODSSA-N"
"LRRK2","VZXASDIAEPBUEJ-UHFFFAOYSA-N"
"KIT","UYWCBKUMESQOKL-UHFFFAOYSA-N"
"PGFRB","UYWCBKUMESQOKL-UHFFFAOYSA-N"
"VGFR2","UYWCBKUMESQOKL-UHFFFAOYSA-N"
"VGFR1","UYWCBKUMESQOKL-UHFFFAOYSA-N"
"AURKA","UYWCBKUMESQOKL-UHFFFAOYSA-N"
"FAK1","DZTXICSQKJSHPP-UHFFFAOYSA-N"
"FAK1","IVIRENTUOCBACV-UHFFFAOYSA-N"
"JAK2","DZTXICSQKJSHPP-UHFFFAOYSA-N"
"JAK2","IVIRENTUOCBACV-UHFFFAOYSA-N"
"JAK3","DZTXICSQKJSHPP-UHFFFAOYSA-N"
"JAK3","IVIRENTUOCBACV-UHFFFAOYSA-N"
"FAK1","HSFOWOLIJOQLCU-UHFFFAOYSA-N"
"JAK2","HSFOWOLIJOQLCU-UHFFFAOYSA-N"
"JAK2","PFUHEDXCYMUYNJ-UHFFFAOYSA-N"
"TYK2","PFUHEDXCYMUYNJ-UHFFFAOYSA-N"
"JAK1","PFUHEDXCYMUYNJ-UHFFFAOYSA-N"
"JAK3","HSFOWOLIJOQLCU-UHFFFAOYSA-N"
"JAK3","PFUHEDXCYMUYNJ-UHFFFAOYSA-N"
"KIT","DQVUCDBOFDTXMU-LALXJTNGSA-N"
"FLT3","DQVUCDBOFDTXMU-LALXJTNGSA-N"
"VGFR2","DQVUCDBOFDTXMU-LALXJTNGSA-N"
"MET","DQVUCDBOFDTXMU-LALXJTNGSA-N"
"MAST3","KLRKVNKANBJQPN-SFHLNBCPSA-N"
"MK09","KLRKVNKANBJQPN-SFHLNBCPSA-N"
"MK08","KLRKVNKANBJQPN-SFHLNBCPSA-N"
"MK08","DYKHPUDSEYVCKM-MEMLXQNLSA-N"
"KC1D","RDUXJEGWTNOYDA-UHFFFAOYSA-N"
"KC1E","RDUXJEGWTNOYDA-UHFFFAOYSA-N"
"JAK2","OEJGMGIHVHSGAE-UHFFFAOYSA-N"
"TYK2","OEJGMGIHVHSGAE-UHFFFAOYSA-N"
"JAK1","OEJGMGIHVHSGAE-UHFFFAOYSA-N"
"JAK2","YJMGZFGQBBEAQT-UHFFFAOYSA-N"
"TYK2","YJMGZFGQBBEAQT-UHFFFAOYSA-N"
"FLT3","TVJRAGSLXXBXQQ-UHFFFAOYSA-N"
"NUAK1","TVJRAGSLXXBXQQ-UHFFFAOYSA-N"
"M3K11","GNZKXRXWADXJOQ-UHFFFAOYSA-N"
"FLT3","GOTKZROZHBWZJH-UHFFFAOYSA-N"
"M3K11","GOTKZROZHBWZJH-UHFFFAOYSA-N"
"CDK2","GOTKZROZHBWZJH-UHFFFAOYSA-N"
"IKKA","GOTKZROZHBWZJH-UHFFFAOYSA-N"
"IKKB","GOTKZROZHBWZJH-UHFFFAOYSA-N"
"ABL1","GOTKZROZHBWZJH-UHFFFAOYSA-N"
"M3K11","YVKIJUOXNIWLHR-UHFFFAOYSA-N"
"LRRK2","YVKIJUOXNIWLHR-UHFFFAOYSA-N"
"M3K11","NMMATNQHSAAIGY-UHFFFAOYSA-N"
"ROCK2","WCHCYBGLVMXBGU-UHFFFAOYSA-N"
"ITK","GTMDZIKJMWLLBV-KESTWPANSA-N"
"LCK","GTMDZIKJMWLLBV-KESTWPANSA-N"
"AURKB","GTMDZIKJMWLLBV-KESTWPANSA-N"
"ITK","VPCCZGPEHVCFOJ-QAQDUYKDSA-N"
"AURKB","VPCCZGPEHVCFOJ-QAQDUYKDSA-N"
"KIT","UURBEBBVEFUFRK-UHFFFAOYSA-N"
"CSF1R","UURBEBBVEFUFRK-UHFFFAOYSA-N"
"ITK","JZGAYLCRVBPMQG-MSOLQXFVSA-N"
"AURKA","AFWWHBTVEBALQB-UHFFFAOYSA-N"
"AURKB","AFWWHBTVEBALQB-UHFFFAOYSA-N"
"ALK","PIRWRQQYRXWTII-CQSZACIVSA-N"
"UFO","PIRWRQQYRXWTII-CQSZACIVSA-N"
"MET","PIRWRQQYRXWTII-CQSZACIVSA-N"
"CLK1","HVFHRTRYKXOGOE-UHFFFAOYSA-N"
"MP2K1","XONVFTCAGXZIPY-UHFFFAOYSA-N"
"RAF1","XONVFTCAGXZIPY-UHFFFAOYSA-N"
"SGK1","MBNNXCKHRKSGSU-UHFFFAOYSA-N"
"SGK2","MBNNXCKHRKSGSU-UHFFFAOYSA-N"
"TYRO3","DBWBCGYTGWUQRF-WKILWMFISA-N"
"MERTK","DBWBCGYTGWUQRF-WKILWMFISA-N"
"UFO","DBWBCGYTGWUQRF-WKILWMFISA-N"
"GRK5","LTLLZDPWFKVOQY-UHFFFAOYSA-N"
"GRK5","XWCWGOOBIPAWPA-UHFFFAOYSA-N"
"ARBK1","XWCWGOOBIPAWPA-UHFFFAOYSA-N"
"PIM3","KYSZTDYOKABQLB-AWEZNQCLSA-N"
"PIM2","KYSZTDYOKABQLB-AWEZNQCLSA-N"
"RIPK1","SLRYMOUSQMDJPH-UHFFFAOYSA-N"
"JAK1","ULLVSXLCIMTNQM-UHFFFAOYSA-N"
"JAK3","ULLVSXLCIMTNQM-UHFFFAOYSA-N"
"MK14","SCFAXAIGJNYTQW-UHFFFAOYSA-N"
"KC1D","SCFAXAIGJNYTQW-UHFFFAOYSA-N"
"IKKE","LLHGFGUOUWJTLQ-UHFFFAOYSA-N"
"AURKB","LLHGFGUOUWJTLQ-UHFFFAOYSA-N"
"TBK1","LLHGFGUOUWJTLQ-UHFFFAOYSA-N"
"IKKE","ULGOPTXVFIQHMI-UHFFFAOYSA-N"
"CDK2","ULGOPTXVFIQHMI-UHFFFAOYSA-N"
"TBK1","ULGOPTXVFIQHMI-UHFFFAOYSA-N"
"PAK5","RZXMIHOUHYSGJO-UHFFFAOYSA-N"
"PAK4","RZXMIHOUHYSGJO-UHFFFAOYSA-N"
"PAK6","RZXMIHOUHYSGJO-UHFFFAOYSA-N"
"PAK2","RZXMIHOUHYSGJO-UHFFFAOYSA-N"
"PAK5","AYCPARAPKDAOEN-LJQANCHMSA-N"
"PAK4","AYCPARAPKDAOEN-LJQANCHMSA-N"
"PAK6","AYCPARAPKDAOEN-LJQANCHMSA-N"
"PAK2","AYCPARAPKDAOEN-LJQANCHMSA-N"
"PAK1","AYCPARAPKDAOEN-LJQANCHMSA-N"
"PAK3","AYCPARAPKDAOEN-LJQANCHMSA-N"
"VGFR2","PJJYEJOYFHFLRW-UHFFFAOYSA-N"
"EGFR","PJJYEJOYFHFLRW-UHFFFAOYSA-N"
"BRAF","PJJYEJOYFHFLRW-UHFFFAOYSA-N"
"EGFR","SMQXTKSNVNONRG-BPJJOFIESA-N"
"IKKB","OFYZZTBHDAWADY-UHFFFAOYSA-N"
"VGFR2","PFJQIOWJYSSLDU-UHFFFAOYSA-N"
"PIM1","CZQHHVNHHHRRDU-UHFFFAOYSA-N"
"EGFR","SEVGOOROBLVJGK-UHFFFAOYSA-N"
"EGFR","RGIXMSXCHQWNPC-UHFFFAOYSA-N"
"ERBB2","SEVGOOROBLVJGK-UHFFFAOYSA-N"
"ERBB2","RGIXMSXCHQWNPC-UHFFFAOYSA-N"
"ALK","ILSYFQQNAQIMBK-BBNYVJOESA-N"
"INSR","ILSYFQQNAQIMBK-BBNYVJOESA-N"
"DYR1A","QWRCFZGHYPOUIQ-UHFFFAOYSA-N"
"FLT3","OCWUTKMYDDZSPG-UHFFFAOYSA-N"
"JAK2","VWZIWKHACUENGU-UHFFFAOYSA-N"
"KIT","CGWDFIYFJPIFIK-UHFFFAOYSA-N"
"VGFR3","CGWDFIYFJPIFIK-UHFFFAOYSA-N"
"VGFR2","CGWDFIYFJPIFIK-UHFFFAOYSA-N"
"CDK6","IEPYZPJZYINELK-UHFFFAOYSA-N"
"CDK6","MCPPMOSBWNMSOA-UHFFFAOYSA-N"
"FLT3","IEPYZPJZYINELK-UHFFFAOYSA-N"
"FLT3","MCPPMOSBWNMSOA-UHFFFAOYSA-N"
"CDK6","ZURIPGCQHWFPSQ-UHFFFAOYSA-N"
"CDK4","AXXUSLKWELMYSS-KESTWPANSA-N"
"FLT3","AXXUSLKWELMYSS-KESTWPANSA-N"
"CDK4","BBUVDDPUURMFOX-SAABIXHNSA-N"
"FLT3","BBUVDDPUURMFOX-SAABIXHNSA-N"
"KSYK","NTTIWAXCPUSMSY-JKSUJKDBSA-N"
"ZAP70","NTTIWAXCPUSMSY-JKSUJKDBSA-N"
"JAK2","NTTIWAXCPUSMSY-JKSUJKDBSA-N"
"LYN","GVRXIDPSFXZQGC-JTQLQIEISA-N"
"KSYK","GVRXIDPSFXZQGC-JTQLQIEISA-N"
"ZAP70","GVRXIDPSFXZQGC-JTQLQIEISA-N"
"JAK2","GVRXIDPSFXZQGC-JTQLQIEISA-N"
"FLT3","JZLUCFJMWJDRIK-UONOGXRCSA-N"
"LYN","JZLUCFJMWJDRIK-UONOGXRCSA-N"
"LYN","ZTMATBOBWAXBCV-LSDHHAIUSA-N"
"LYN","LZAOAQYGUGHFQO-QWHCGFSZSA-N"
"LYN","WCSCGZHKZNEMNJ-UONOGXRCSA-N"
"KSYK","JZLUCFJMWJDRIK-UONOGXRCSA-N"
"KSYK","ZTMATBOBWAXBCV-LSDHHAIUSA-N"
"KSYK","LZAOAQYGUGHFQO-QWHCGFSZSA-N"
"KSYK","WCSCGZHKZNEMNJ-UONOGXRCSA-N"
"ZAP70","JZLUCFJMWJDRIK-UONOGXRCSA-N"
"ZAP70","ZTMATBOBWAXBCV-LSDHHAIUSA-N"
"ZAP70","LZAOAQYGUGHFQO-QWHCGFSZSA-N"
"ZAP70","WCSCGZHKZNEMNJ-UONOGXRCSA-N"
"JAK2","JZLUCFJMWJDRIK-UONOGXRCSA-N"
"JAK2","ZTMATBOBWAXBCV-LSDHHAIUSA-N"
"JAK2","LZAOAQYGUGHFQO-QWHCGFSZSA-N"
"JAK2","WCSCGZHKZNEMNJ-UONOGXRCSA-N"
"RET","JZLUCFJMWJDRIK-UONOGXRCSA-N"
"LYN","UILXYBOXAAJRAE-WMLDXEAASA-N"
"KSYK","UILXYBOXAAJRAE-WMLDXEAASA-N"
"ZAP70","UILXYBOXAAJRAE-WMLDXEAASA-N"
"FLT3","VPFQXVNSENBLHV-LSDHHAIUSA-N"
"LYN","LJRBXGZFMWMQNY-DLBZAZTESA-N"
"KSYK","VPFQXVNSENBLHV-LSDHHAIUSA-N"
"KSYK","LJRBXGZFMWMQNY-DLBZAZTESA-N"
"ZAP70","VPFQXVNSENBLHV-LSDHHAIUSA-N"
"ZAP70","LJRBXGZFMWMQNY-DLBZAZTESA-N"
"JAK2","VPFQXVNSENBLHV-LSDHHAIUSA-N"
"JAK2","LJRBXGZFMWMQNY-DLBZAZTESA-N"
"ITK","LBYBJJIMARLHMV-UHFFFAOYSA-N"
"AURKA","LBYBJJIMARLHMV-UHFFFAOYSA-N"
"EGFR","DOTUMOAINSRLGC-UHFFFAOYSA-N"
"MET","DOTUMOAINSRLGC-UHFFFAOYSA-N"
"KIT","XSMSNFMDVXXHGJ-UHFFFAOYSA-N"
"FLT3","XSMSNFMDVXXHGJ-UHFFFAOYSA-N"
"KSYK","XSMSNFMDVXXHGJ-UHFFFAOYSA-N"
"JAK2","XSMSNFMDVXXHGJ-UHFFFAOYSA-N"
"ITK","XFYUTGIEFKGWND-OAQYLSRUSA-N"
"AURKA","XFYUTGIEFKGWND-OAQYLSRUSA-N"
"FLT3","JYBQEMYHVMILOJ-UHFFFAOYSA-N"
"PGFRB","JYBQEMYHVMILOJ-UHFFFAOYSA-N"
"VGFR2","JYBQEMYHVMILOJ-UHFFFAOYSA-N"
"MET","JYBQEMYHVMILOJ-UHFFFAOYSA-N"
"JAK2","ZWUCWBYYVLQXEP-UHFFFAOYSA-N"
"KS6A2","ZWUCWBYYVLQXEP-UHFFFAOYSA-N"
"AURKA","ZWUCWBYYVLQXEP-UHFFFAOYSA-N"
"CDK2","TYQOIFDVJMCWNW-XOKHGSTOSA-N"
"MK01","TYQOIFDVJMCWNW-XOKHGSTOSA-N"
"MK01","DXLFCNCRKRXJJA-UHFFFAOYSA-N"
"CDK2","MFMLSRTXWSRZJT-UHFFFAOYSA-N"
"GSK3B","MFMLSRTXWSRZJT-UHFFFAOYSA-N"
"PIM2","MFMLSRTXWSRZJT-UHFFFAOYSA-N"
"CDC7","MFMLSRTXWSRZJT-UHFFFAOYSA-N"
"FLT3","VAPOMSIOLKMAIW-DBPFDUESSA-N"
"FLT3","UVHNIMCYDWMRAE-LOTSEXGMSA-N"
"SRC","UVHNIMCYDWMRAE-LOTSEXGMSA-N"
"JAK2","VAPOMSIOLKMAIW-DBPFDUESSA-N"
"JAK2","UVHNIMCYDWMRAE-LOTSEXGMSA-N"
"KAPCA","VAPOMSIOLKMAIW-DBPFDUESSA-N"
"PLK1","VAPOMSIOLKMAIW-DBPFDUESSA-N"
"PLK1","UVHNIMCYDWMRAE-LOTSEXGMSA-N"
"MK01","BQCBWCAJXUXWIA-UHFFFAOYSA-N"
"AURKB","BQCBWCAJXUXWIA-UHFFFAOYSA-N"
"FLT3","JHVBIUJTSAGFKH-BKUYFWCQSA-N"
"AURKB","JHVBIUJTSAGFKH-BKUYFWCQSA-N"
"FLT3","QBOWGZQRUNUQGL-ZDLGFXPLSA-N"
"AURKB","QBOWGZQRUNUQGL-ZDLGFXPLSA-N"
"FLT3","KAAPXWSYROPAEL-MXVIHJGJSA-N"
"TYRO3","KAAPXWSYROPAEL-MXVIHJGJSA-N"
"MERTK","KAAPXWSYROPAEL-MXVIHJGJSA-N"
"UFO","KAAPXWSYROPAEL-MXVIHJGJSA-N"
"FLT3","LFOWPAZJQIZNHI-MEMLXQNLSA-N"
"TYRO3","LFOWPAZJQIZNHI-MEMLXQNLSA-N"
"MERTK","LFOWPAZJQIZNHI-MEMLXQNLSA-N"
"UFO","LFOWPAZJQIZNHI-MEMLXQNLSA-N"
"FLT3","LBEJYFVJIPQSNX-SOAUALDESA-N"
"TYRO3","LBEJYFVJIPQSNX-SOAUALDESA-N"
"MERTK","LBEJYFVJIPQSNX-SOAUALDESA-N"
"UFO","LBEJYFVJIPQSNX-SOAUALDESA-N"
"FLT3","ATZVMUKUKXZZAJ-UQQQWYQISA-N"
"AURKB","ATZVMUKUKXZZAJ-UQQQWYQISA-N"
"FLT3","SZJNVWAZUIGEQD-STZFKDTASA-N"
"AURKB","SZJNVWAZUIGEQD-STZFKDTASA-N"
"FLT3","JWFVSAJXAAUKIH-JLPGSUDCSA-N"
"AURKB","JWFVSAJXAAUKIH-JLPGSUDCSA-N"
"JAK2","GTPKZTQLTICGMS-UHFFFAOYSA-N"
"ABL1","GTPKZTQLTICGMS-UHFFFAOYSA-N"
"CHK1","MRBNLCLXWRXFJX-UHFFFAOYSA-N"
"AURKA","MRBNLCLXWRXFJX-UHFFFAOYSA-N"
"TTK","WGEHOPBYUQXTMK-UHFFFAOYSA-N"
"TTK","JBZRAEUHDPMQSF-UHFFFAOYSA-N"
"CHK2","JBZRAEUHDPMQSF-UHFFFAOYSA-N"
"AURKA","JBZRAEUHDPMQSF-UHFFFAOYSA-N"
"AURKB","JBZRAEUHDPMQSF-UHFFFAOYSA-N"
"PLK4","JBZRAEUHDPMQSF-UHFFFAOYSA-N"
"KC1D","DVVVOLSRHWJCHV-UHFFFAOYSA-N"
"KC1E","DVVVOLSRHWJCHV-UHFFFAOYSA-N"
"KC1G3","DVVVOLSRHWJCHV-UHFFFAOYSA-N"
"KPCT","GMLKJSOWCKBKLX-UHFFFAOYSA-N"
"KPCL","GMLKJSOWCKBKLX-UHFFFAOYSA-N"
"PKN2","GMLKJSOWCKBKLX-UHFFFAOYSA-N"
"ROCK1","GMLKJSOWCKBKLX-UHFFFAOYSA-N"
"ROCK2","GMLKJSOWCKBKLX-UHFFFAOYSA-N"
"KPCT","PTOPXBFSXASLNA-UHFFFAOYSA-N"
"KPCL","PTOPXBFSXASLNA-UHFFFAOYSA-N"
"PKN1","PTOPXBFSXASLNA-UHFFFAOYSA-N"
"PKN2","PTOPXBFSXASLNA-UHFFFAOYSA-N"
"ROCK1","PTOPXBFSXASLNA-UHFFFAOYSA-N"
"ROCK2","PTOPXBFSXASLNA-UHFFFAOYSA-N"
"PKN1","RDSJJFGKRCBYRH-UHFFFAOYSA-N"
"PKN2","RDSJJFGKRCBYRH-UHFFFAOYSA-N"
"ROCK1","RDSJJFGKRCBYRH-UHFFFAOYSA-N"
"ROCK2","RDSJJFGKRCBYRH-UHFFFAOYSA-N"
"PKN2","ICYHTLOSQWNNMN-UHFFFAOYSA-N"
"ROCK1","ICYHTLOSQWNNMN-UHFFFAOYSA-N"
"ROCK2","ICYHTLOSQWNNMN-UHFFFAOYSA-N"
"IRAK1","BUJSZRICYLPWCM-UHFFFAOYSA-N"
"IRAK4","BUJSZRICYLPWCM-UHFFFAOYSA-N"
"KSYK","BUJSZRICYLPWCM-UHFFFAOYSA-N"
"PLK4","UKLKLYDMCXCYEN-JDGYGVNSSA-N"
"JAK2","BZYZLWXWWROSRX-UHFFFAOYSA-N"
"TYK2","BZYZLWXWWROSRX-UHFFFAOYSA-N"
"EGFR","BZYZLWXWWROSRX-UHFFFAOYSA-N"
"CDK2","BZYZLWXWWROSRX-UHFFFAOYSA-N"
"VGFR2","ZYQLGVMUVCWJRA-UHFFFAOYSA-N"
"VGFR2","GZCREURYZWXRHS-UHFFFAOYSA-N"
"JAK2","ZYQLGVMUVCWJRA-UHFFFAOYSA-N"
"JAK2","GZCREURYZWXRHS-UHFFFAOYSA-N"
"TYK2","ZYQLGVMUVCWJRA-UHFFFAOYSA-N"
"CDK2","ZYQLGVMUVCWJRA-UHFFFAOYSA-N"
"CDK2","GZCREURYZWXRHS-UHFFFAOYSA-N"
"AURKB","GZCREURYZWXRHS-UHFFFAOYSA-N"
"JAK2","FQXIPYVUOFUNCY-UHFFFAOYSA-N"
"CDK2","FQXIPYVUOFUNCY-UHFFFAOYSA-N"
"JAK2","BYMFSZLMPVZBJV-UHFFFAOYSA-N"
"EGFR","BYMFSZLMPVZBJV-UHFFFAOYSA-N"
"CDK2","BYMFSZLMPVZBJV-UHFFFAOYSA-N"
"EGFR","GKMHWPHQBQHBKR-UHFFFAOYSA-N"
"CDK2","GKMHWPHQBQHBKR-UHFFFAOYSA-N"
"MKNK1","ZVTOPUTUABIMNX-UHFFFAOYSA-N"
"MKNK1","QKLGQNYZGDJVHG-UHFFFAOYSA-N"
"E2AK3","ATJJFEIBMCHMAP-UHFFFAOYSA-N"
"MELK","SSBLXEABMBMHKV-UHFFFAOYSA-N"
"ATR","ZPRINXXEBIDTGA-UHFFFAOYSA-N"
"CHK1","ZPRINXXEBIDTGA-UHFFFAOYSA-N"
"ATM","UFZMEAYSFGBIBJ-CQSZACIVSA-N"
"ATR","UFZMEAYSFGBIBJ-CQSZACIVSA-N"
"PRKDC","UFZMEAYSFGBIBJ-CQSZACIVSA-N"
"CHK1","UFZMEAYSFGBIBJ-CQSZACIVSA-N"
"KPCT","BYDKAYRDAFQMFD-ZMSDIMECSA-N"
"KPCA","BYDKAYRDAFQMFD-ZMSDIMECSA-N"
"MK10","GFABXPYEGAFBKF-UHFFFAOYSA-N"
"MK08","GFABXPYEGAFBKF-UHFFFAOYSA-N"
"ATR","VTCHWSGDIXAKIE-GFCCVEGCSA-N"
"CHK1","VTCHWSGDIXAKIE-GFCCVEGCSA-N"
"WEE1","IICGNJDSNUEEHR-UHFFFAOYSA-N"
"ROCK1","PAOJADRMYANSIV-UHFFFAOYSA-N"
"LIMK2","PAOJADRMYANSIV-UHFFFAOYSA-N"
"PGFRB","BAJXJKMGTOHSDZ-UHFFFAOYSA-N"
"KIT","HKJTXJSNNOJDKA-UHFFFAOYSA-N"
"PGFRB","HKJTXJSNNOJDKA-UHFFFAOYSA-N"
"VGFR2","OSDSLNBKGDENNX-UHFFFAOYSA-N"
"NTRK1","OSDSLNBKGDENNX-UHFFFAOYSA-N"
"RET","OSDSLNBKGDENNX-UHFFFAOYSA-N"
"CHK1","XWNUTLMQEJHZAD-UHFFFAOYSA-N"
"M3K10","RHFIAUKMKYHHFA-UHFFFAOYSA-N"
"M3K11","RHFIAUKMKYHHFA-UHFFFAOYSA-N"
"M3K9","RHFIAUKMKYHHFA-UHFFFAOYSA-N"
"MK10","RHFIAUKMKYHHFA-UHFFFAOYSA-N"
"MK09","RHFIAUKMKYHHFA-UHFFFAOYSA-N"
"MK08","RHFIAUKMKYHHFA-UHFFFAOYSA-N"
"LRRK2","SAOVTENLRUIQAM-MRXNPFEDSA-N"
"AURKA","GNSDDKAAHUFOKJ-UHFFFAOYSA-N"
"AURKA","KNOIFPSQNXJZDE-UHFFFAOYSA-N"
"AURKB","GNSDDKAAHUFOKJ-UHFFFAOYSA-N"
"AURKB","KNOIFPSQNXJZDE-UHFFFAOYSA-N"
"AURKA","NLJHGKLCSVZNRM-UHFFFAOYSA-N"
"AURKB","NLJHGKLCSVZNRM-UHFFFAOYSA-N"
"AURKA","YXMQIWJYPNBZJS-QFIPXVFZSA-N"
"AURKB","YXMQIWJYPNBZJS-QFIPXVFZSA-N"
"AURKC","YXMQIWJYPNBZJS-QFIPXVFZSA-N"
"LRRK2","MBZXMVKLFZXZRB-UHFFFAOYSA-N"
"MK10","MBZXMVKLFZXZRB-UHFFFAOYSA-N"
"MK09","MBZXMVKLFZXZRB-UHFFFAOYSA-N"
"MK08","MBZXMVKLFZXZRB-UHFFFAOYSA-N"
"PIM3","FCGLYPSBPNFQRF-FQEVSTJZSA-N"
"PIM1","FCGLYPSBPNFQRF-FQEVSTJZSA-N"
"PIM2","FCGLYPSBPNFQRF-FQEVSTJZSA-N"
"BTK","YWQXPHBYNMDYTN-UHFFFAOYSA-N"
"FLT3","DFYXXJJSVFEUQI-DJZCKWSOSA-N"
"JAK2","DFYXXJJSVFEUQI-DJZCKWSOSA-N"
"KAPCA","DFYXXJJSVFEUQI-DJZCKWSOSA-N"
"PLK1","DFYXXJJSVFEUQI-DJZCKWSOSA-N"
"PGFRB","OOMQDNGMHFWFTE-UHFFFAOYSA-N"
"VGFR2","OOMQDNGMHFWFTE-UHFFFAOYSA-N"
"EGFR","OOMQDNGMHFWFTE-UHFFFAOYSA-N"
"E2AK3","LTKYUQAQPQMHNJ-UHFFFAOYSA-N"
"BRAF","LTKYUQAQPQMHNJ-UHFFFAOYSA-N"
"PLK4","HQCQFKQGMPBYGP-HQXRPOMGSA-N"
"PLK4","UYYCHKFCCDPBMQ-AFYCESQPSA-N"
"MK01","MEPJUBFFZUKRSK-UHFFFAOYSA-N"
"DDR1","AOZPVMOOEJAZGK-UHFFFAOYSA-N"
"CDK2","MGLSXXJUCASPKK-UHFFFAOYSA-N"
"DYR1B","MGLSXXJUCASPKK-UHFFFAOYSA-N"
"DYR1B","SSUYSUSCBUXMBR-VOTSOKGWSA-N"
"IGF1R","DUQLWBPQEZFAKS-UHFFFAOYSA-N"
"CDK2","DUQLWBPQEZFAKS-UHFFFAOYSA-N"
"DYR1B","DUQLWBPQEZFAKS-UHFFFAOYSA-N"
"CDK2","OAAPSDVPLURZJC-UHFFFAOYSA-N"
"DYR1B","OAAPSDVPLURZJC-UHFFFAOYSA-N"
"TTK","XTULNCWAJUYUIA-PNTNLKMUSA-N"
"TTK","KFENBNGSHOHELN-BSYJTBJZSA-N"
"TTK","JQONSQMAQRQLRF-KBSXYSMTSA-N"
"TTK","XRBFZYFJBUZBIE-NDIVSWGXSA-N"
"TTK","UVHDAKLRGJSVKQ-NDIVSWGXSA-N"
"LCK","NKKSIIYIDSJFSX-UHFFFAOYSA-N"
"VGFR2","NKKSIIYIDSJFSX-UHFFFAOYSA-N"
"TIE2","NKKSIIYIDSJFSX-UHFFFAOYSA-N"
"MK03","RZUOCXOYPYGSKL-GOSISDBHSA-N"
"MK01","RZUOCXOYPYGSKL-GOSISDBHSA-N"
"CDK4","RHXHGRAEPCAFML-UHFFFAOYSA-N"
"CDK6","RHXHGRAEPCAFML-UHFFFAOYSA-N"
"MK14","AWYBZWZHSOYTQI-VEILYXNESA-N"
"MK14","BJYWRQNXDNLTBY-USHMODERSA-N"
"MK14","IHUXBTPTPDXDMS-CEUNXORHSA-N"
"MK14","OURYQBCLSCGNMX-CEUNXORHSA-N"
"MK14","UUCFLLIALOFCDH-VEILYXNESA-N"
"MK14","OJSJZUVJRVIKSH-BRPDVVIDSA-N"
"MK14","SEMPYBYEGODUIH-CEUNXORHSA-N"
"MK14","VCSYGZJLTSXJIR-USHMODERSA-N"
"MK03","AWYBZWZHSOYTQI-VEILYXNESA-N"
"MK03","BJYWRQNXDNLTBY-USHMODERSA-N"
"MK03","IHUXBTPTPDXDMS-CEUNXORHSA-N"
"MK03","OURYQBCLSCGNMX-CEUNXORHSA-N"
"MK03","UUCFLLIALOFCDH-VEILYXNESA-N"
"MK03","OJSJZUVJRVIKSH-BRPDVVIDSA-N"
"MK03","SEMPYBYEGODUIH-CEUNXORHSA-N"
"MK03","VCSYGZJLTSXJIR-USHMODERSA-N"
"MK01","AWYBZWZHSOYTQI-VEILYXNESA-N"
"MK01","BJYWRQNXDNLTBY-USHMODERSA-N"
"MK01","IHUXBTPTPDXDMS-CEUNXORHSA-N"
"MK01","OURYQBCLSCGNMX-CEUNXORHSA-N"
"MK01","UUCFLLIALOFCDH-VEILYXNESA-N"
"MK01","OJSJZUVJRVIKSH-BRPDVVIDSA-N"
"MK01","SEMPYBYEGODUIH-CEUNXORHSA-N"
"MK01","VCSYGZJLTSXJIR-USHMODERSA-N"
"PAK4","QXQGBBYXXQZSKI-MSRIBSCDSA-N"
"PAK1","QXQGBBYXXQZSKI-MSRIBSCDSA-N"
"PAK4","GDXPJJSKIKGEOQ-UHFFFAOYSA-N"
"PAK1","GDXPJJSKIKGEOQ-UHFFFAOYSA-N"
"PAK4","FHIUVWSTDWOTLV-UHFFFAOYSA-N"
"PAK1","FHIUVWSTDWOTLV-UHFFFAOYSA-N"
"KAPCA","IZBXLPNFYAKSMH-UHFFFAOYSA-N"
"ROCK1","IZBXLPNFYAKSMH-UHFFFAOYSA-N"
"CHK1","HFRNGSUSVIONOS-UHFFFAOYSA-N"
"CHK1","FQUTYOZUGJMHGR-UHFFFAOYSA-N"
"CHK1","HKQUHJFCVOBXLG-UHFFFAOYSA-N"
"CHK1","PAGGEPNXUBSPSP-UHFFFAOYSA-N"
"CHK1","MJGVCCPVNPTNCM-UHFFFAOYSA-N"
"CHK1","IANXMZMJBKUVLQ-UHFFFAOYSA-N"
"CHK1","CJPWVSWHUPXWHU-UHFFFAOYSA-N"
"NTRK2","BYKSLICDLDTYLA-UHFFFAOYSA-N"
"NTRK3","BYKSLICDLDTYLA-UHFFFAOYSA-N"
"NTRK1","BYKSLICDLDTYLA-UHFFFAOYSA-N"
"NTRK2","WJSPZKYFHWWSDK-UHFFFAOYSA-N"
"NTRK3","WJSPZKYFHWWSDK-UHFFFAOYSA-N"
"NTRK1","WJSPZKYFHWWSDK-UHFFFAOYSA-N"
"NTRK2","OGLFUDJJJDTBFS-UHFFFAOYSA-N"
"NTRK3","OGLFUDJJJDTBFS-UHFFFAOYSA-N"
"NTRK1","OGLFUDJJJDTBFS-UHFFFAOYSA-N"
"NTRK2","NNDVLAPMFXYAAS-HXUWFJFHSA-N"
"NTRK2","NNDVLAPMFXYAAS-UHFFFAOYSA-N"
"NTRK3","NNDVLAPMFXYAAS-HXUWFJFHSA-N"
"NTRK3","NNDVLAPMFXYAAS-UHFFFAOYSA-N"
"NTRK1","NNDVLAPMFXYAAS-HXUWFJFHSA-N"
"NTRK1","NNDVLAPMFXYAAS-UHFFFAOYSA-N"
"NTRK2","RKERQEKFTWWCEY-GOSISDBHSA-N"
"NTRK3","RKERQEKFTWWCEY-GOSISDBHSA-N"
"NTRK1","RKERQEKFTWWCEY-GOSISDBHSA-N"
"ROS1","RKERQEKFTWWCEY-GOSISDBHSA-N"
"NTRK2","AFEWFPBEQADGDP-JOCHJYFZSA-N"
"NTRK3","AFEWFPBEQADGDP-JOCHJYFZSA-N"
"NTRK1","AFEWFPBEQADGDP-JOCHJYFZSA-N"
"KIT","UQKLTKAHTNLXPA-JOCHJYFZSA-N"
"VGFR2","UQKLTKAHTNLXPA-JOCHJYFZSA-N"
"NTRK2","UQKLTKAHTNLXPA-JOCHJYFZSA-N"
"NTRK1","UQKLTKAHTNLXPA-JOCHJYFZSA-N"
"ROS1","UQKLTKAHTNLXPA-JOCHJYFZSA-N"
"NTRK2","QSGGLLCPVRJDDE-JOCHJYFZSA-N"
"NTRK3","QSGGLLCPVRJDDE-JOCHJYFZSA-N"
"NTRK1","QSGGLLCPVRJDDE-JOCHJYFZSA-N"
"ROS1","QSGGLLCPVRJDDE-JOCHJYFZSA-N"
"KPCT","YVROVJDTIQYIIT-UHFFFAOYSA-N"
"CSF1R","UFKLYTOEMRFKAD-SHTZXODSSA-N"
"VGFR3","UFKLYTOEMRFKAD-SHTZXODSSA-N"
"MTOR","UFKLYTOEMRFKAD-SHTZXODSSA-N"
"CDK9","JVOJITSSVWIBHZ-UHFFFAOYSA-N"
"DYR1A","JVOJITSSVWIBHZ-UHFFFAOYSA-N"
"CLK1","JVOJITSSVWIBHZ-UHFFFAOYSA-N"
"DYR1A","MUVCSDSMBYPVGX-UHFFFAOYSA-N"
"CLK1","MUVCSDSMBYPVGX-UHFFFAOYSA-N"
"CLK4","MUVCSDSMBYPVGX-UHFFFAOYSA-N"
"VGFR2","CDDPJDLHZKCERB-UHFFFAOYSA-N"
"VGFR2","GDCXQTWGESMOSP-UHFFFAOYSA-N"
"IRAK4","LXDDQHJOKPIMHL-QWHCGFSZSA-N"
"FLT3","ZFPXSZDEOYAFBZ-UHFFFAOYSA-N"
"FLT3","GYQLUHTWPIEBEW-UHFFFAOYSA-N"
"FLT3","DXJBIXWCJZKEHQ-UHFFFAOYSA-N"
"VGFR2","ZFPXSZDEOYAFBZ-UHFFFAOYSA-N"
"VGFR2","GYQLUHTWPIEBEW-UHFFFAOYSA-N"
"VGFR2","DXJBIXWCJZKEHQ-UHFFFAOYSA-N"
"AURKA","ZFPXSZDEOYAFBZ-UHFFFAOYSA-N"
"AURKA","GYQLUHTWPIEBEW-UHFFFAOYSA-N"
"AURKA","DXJBIXWCJZKEHQ-UHFFFAOYSA-N"
"PAK4","OFBJDUJZLIENIO-BZUAXINKSA-N"
"PAK1","OFBJDUJZLIENIO-BZUAXINKSA-N"
"NTRK1","LTTAHJWMYYUXHI-UHFFFAOYSA-N"
"RET","LTTAHJWMYYUXHI-UHFFFAOYSA-N"
"NTRK1","SOLRFWOVULTERW-UHFFFAOYSA-N"
"RET","SOLRFWOVULTERW-UHFFFAOYSA-N"
"NTRK1","DJYWRQSMWCFDQX-UHFFFAOYSA-N"
"RET","DJYWRQSMWCFDQX-UHFFFAOYSA-N"
"EPHB2","DJYWRQSMWCFDQX-UHFFFAOYSA-N"
"LCK","ZRHPGLYANANTSD-UHFFFAOYSA-N"
"KPCD","FYHDYXSOJZTOJN-PGRDOPGGSA-N"
"KPCL","FYHDYXSOJZTOJN-PGRDOPGGSA-N"
"KPCG","FYHDYXSOJZTOJN-PGRDOPGGSA-N"
"KS6A3","GIFPFLKKKQLPLV-UHFFFAOYSA-N"
"PDK1","DLCOOKRUECVLCI-UHFFFAOYSA-N"
"ULK2","DLCOOKRUECVLCI-UHFFFAOYSA-N"
"ULK1","DLCOOKRUECVLCI-UHFFFAOYSA-N"
"PDK1","UKBGBACORPRCGG-UHFFFAOYSA-N"
"ULK2","UKBGBACORPRCGG-UHFFFAOYSA-N"
"ULK1","UKBGBACORPRCGG-UHFFFAOYSA-N"
"BTK","GFOIQLNLIWYHQN-UHFFFAOYSA-N"
"VGFR2","GFOIQLNLIWYHQN-UHFFFAOYSA-N"
"KPCD","VBBJIIXIIXRQOK-PGRDOPGGSA-N"
"KPCL","VBBJIIXIIXRQOK-PGRDOPGGSA-N"
"KPCG","VBBJIIXIIXRQOK-PGRDOPGGSA-N"
"KPCL","XBPFVZLERGRBPY-PGRDOPGGSA-N"
"TNI3K","FLWDQXQPTMVOLP-UHFFFAOYSA-N"
"BRAF","FLWDQXQPTMVOLP-UHFFFAOYSA-N"
"TNI3K","CVKDTMOMVBGJJS-UHFFFAOYSA-N"
"BRAF","CVKDTMOMVBGJJS-UHFFFAOYSA-N"
"TNI3K","KTIDFNQTLHQGAM-UHFFFAOYSA-N"
"BRAF","KTIDFNQTLHQGAM-UHFFFAOYSA-N"
"HCK","DMXWTHVOLSODIU-RUZDIDTESA-N"
"SRC","DMXWTHVOLSODIU-RUZDIDTESA-N"
"ABL1","DMXWTHVOLSODIU-RUZDIDTESA-N"
"KSYK","BOAKEOMCZWRBDF-RDDDGLTNSA-N"
"AURKA","BOAKEOMCZWRBDF-RDDDGLTNSA-N"
"AURKB","BOAKEOMCZWRBDF-RDDDGLTNSA-N"
"KSYK","UVAKITWUHZQGNR-NXEZZACHSA-N"
"AURKA","UVAKITWUHZQGNR-NXEZZACHSA-N"
"KSYK","WVDKJJLIGILVRJ-UHFFFAOYSA-N"
"KSYK","XHZDAKAAKUZJHY-UHFFFAOYSA-N"
"VGFR2","WVDKJJLIGILVRJ-UHFFFAOYSA-N"
"VGFR2","XHZDAKAAKUZJHY-UHFFFAOYSA-N"
"JAK3","WVDKJJLIGILVRJ-UHFFFAOYSA-N"
"JAK3","XHZDAKAAKUZJHY-UHFFFAOYSA-N"
"RET","XHZDAKAAKUZJHY-UHFFFAOYSA-N"
"AURKB","WVDKJJLIGILVRJ-UHFFFAOYSA-N"
"PIM3","JEVIKKKBDOXJFA-LLVKDONJSA-N"
"RIPK2","POWKQVBMRCSBOT-UHFFFAOYSA-N"
"RIPK2","GALXSGLZQVWBNV-UHFFFAOYSA-N"
"KIT","LDACHLNBCOVNBL-UHFFFAOYSA-N"
"KIT","SCUGTCMSRMQNNQ-UHFFFAOYSA-N"
"PGFRB","LDACHLNBCOVNBL-UHFFFAOYSA-N"
"PGFRB","SCUGTCMSRMQNNQ-UHFFFAOYSA-N"
"LCK","LDACHLNBCOVNBL-UHFFFAOYSA-N"
"BRAF","LDACHLNBCOVNBL-UHFFFAOYSA-N"
"BRAF","SCUGTCMSRMQNNQ-UHFFFAOYSA-N"
"FYN","LDACHLNBCOVNBL-UHFFFAOYSA-N"
"FYN","SCUGTCMSRMQNNQ-UHFFFAOYSA-N"
"SRC","UWNVRISRGNCNMT-XDHUDOTRSA-N"
"PIM3","BDYUVBLOKBRWER-UHFFFAOYSA-N"
"PIM3","BVEIZVVTRHJPMZ-UHFFFAOYSA-N"
"PIM3","FTQIZXVNFDCIQI-UHFFFAOYSA-N"
"PIM1","BDYUVBLOKBRWER-UHFFFAOYSA-N"
"PIM1","BVEIZVVTRHJPMZ-UHFFFAOYSA-N"
"PIM1","FTQIZXVNFDCIQI-UHFFFAOYSA-N"
"PIM2","BDYUVBLOKBRWER-UHFFFAOYSA-N"
"PIM2","BVEIZVVTRHJPMZ-UHFFFAOYSA-N"
"PIM2","FTQIZXVNFDCIQI-UHFFFAOYSA-N"
"FAK1","LIQZZZOADFYIDR-UHFFFAOYSA-N"
"JAK3","LIQZZZOADFYIDR-UHFFFAOYSA-N"
"STK33","SILDFGYFAMVRIF-UHFFFAOYSA-N"
"BRAF","RXVJOHHWPJUJPH-AWEZNQCLSA-N"
"ATR","XTCHTCPRCZGDFP-AOODYEMOSA-N"
"PIM3","BXMIWWRRFNMNOL-UHFFFAOYSA-N"
"PIM3","OPXDNPAGMKMBTA-UHFFFAOYSA-N"
"MK08","HBKNYCNRLQRBEQ-UHFFFAOYSA-N"
"BRAF","ZBZGWPWATXMCSH-UHFFFAOYSA-N"
"CHK1","MYHOUKHXSVKHBA-UHFFFAOYSA-N"
"SGK1","MYHOUKHXSVKHBA-UHFFFAOYSA-N"
"CSF1R","ZVYSJHZJAAQVSG-RUASYHTCSA-N"
"VGFR2","WMBYWABZHUPZDB-UHFFFAOYSA-N"
"CDK2","BHBDKGIDYKROMY-BAJJQUEBSA-N"
"MK10","FJVVBMGXZMJPOI-WKILWMFISA-N"
"MK10","OYXVJMGNNKEOSX-UHFFFAOYSA-N"
"MK10","YTNDEFNPJUZDTP-UHFFFAOYSA-N"
"MK10","ZEAYLBFKDUMFPX-UHFFFAOYSA-N"
"MK09","FJVVBMGXZMJPOI-WKILWMFISA-N"
"MK09","OYXVJMGNNKEOSX-UHFFFAOYSA-N"
"MK09","YTNDEFNPJUZDTP-UHFFFAOYSA-N"
"MK09","ZEAYLBFKDUMFPX-UHFFFAOYSA-N"
"MK08","FJVVBMGXZMJPOI-WKILWMFISA-N"
"MK08","OYXVJMGNNKEOSX-UHFFFAOYSA-N"
"MK08","YTNDEFNPJUZDTP-UHFFFAOYSA-N"
"MK08","ZEAYLBFKDUMFPX-UHFFFAOYSA-N"
"TNI3K","KDNOQIGPPRAKPY-UHFFFAOYSA-N"
"BRAF","KDNOQIGPPRAKPY-UHFFFAOYSA-N"
"TNI3K","QVQALZRFHOCGOG-UHFFFAOYSA-N"
"BRAF","QVQALZRFHOCGOG-UHFFFAOYSA-N"
"TNI3K","QMRCGCBWNRHDTC-UHFFFAOYSA-N"
"BRAF","QMRCGCBWNRHDTC-UHFFFAOYSA-N"
"PGFRB","AJIVJAKIEIICSU-UHFFFAOYSA-N"
"KSYK","JRJFRHPDXVGXKH-UHFFFAOYSA-N"
"AKT2","MMUXGKIVENLORJ-UHFFFAOYSA-N"
"AKT2","CSQHKJHWPNRMFJ-UHFFFAOYSA-N"
"AKT2","FBUCOOIGVSXPDV-UHFFFAOYSA-N"
"AKT2","WVJKVFMFFXKXKV-UHFFFAOYSA-N"
"AKT2","TYKASWNTXXFCLK-UHFFFAOYSA-N"
"AKT2","LGQONMWQDOJDKI-UHFFFAOYSA-N"
"AKT2","OFNWQVSLGHRSNF-UHFFFAOYSA-N"
"AKT2","INAQLFYULDZTOX-UHFFFAOYSA-N"
"AKT2","YTWTVQHWLVSHFR-UHFFFAOYSA-N"
"MK14","BSUVWPUSJVKBDS-UHFFFAOYSA-N"
"GSK3B","GGJONJCXWVQCBH-UHFFFAOYSA-N"
"AKT1","UWJCJSXOLBVAPX-PXPVJAHISA-N"
"KPCT","DZBJTZXFZCERBJ-UHFFFAOYSA-N"
"KPCD","DZBJTZXFZCERBJ-UHFFFAOYSA-N"
"KPCA","DZBJTZXFZCERBJ-UHFFFAOYSA-N"
"INSR","ZSQKHJXLUFGBIE-UHFFFAOYSA-N"
"PRKDC","QDLHCMPXEPAAMD-QAIWCSMKSA-N"
"PLK3","QDLHCMPXEPAAMD-QAIWCSMKSA-N"
"MTOR","QDLHCMPXEPAAMD-QAIWCSMKSA-N"
"LCK","GGCYNGKPFFUEPC-UHFFFAOYSA-N"
"CSF1R","PEJCGJUJBCLDFV-UHFFFAOYSA-N"
"KC1D","UEPOHWWKVBWCFV-UHFFFAOYSA-N"
"KC1E","UEPOHWWKVBWCFV-UHFFFAOYSA-N"
"MK15","YFBPGSDPFRCNOY-UHFFFAOYSA-N"
"CHK1","YFBPGSDPFRCNOY-UHFFFAOYSA-N"
"KC1D","YFBPGSDPFRCNOY-UHFFFAOYSA-N"
"MK10","JSQNZBQJTQNCFK-JOCQHMNTSA-N"
"MK09","JSQNZBQJTQNCFK-JOCQHMNTSA-N"
"MK08","JSQNZBQJTQNCFK-JOCQHMNTSA-N"
"PGFRB","LHPLWSQPNALMBZ-UHFFFAOYSA-N"
"SRC","LHPLWSQPNALMBZ-UHFFFAOYSA-N"
"SRC","WYQRWWCPRIGMCS-UHFFFAOYSA-N"
"VGFR2","LHPLWSQPNALMBZ-UHFFFAOYSA-N"
"EGFR","LHPLWSQPNALMBZ-UHFFFAOYSA-N"
"EGFR","WYQRWWCPRIGMCS-UHFFFAOYSA-N"
"FGFR1","LHPLWSQPNALMBZ-UHFFFAOYSA-N"
"FGFR1","WYQRWWCPRIGMCS-UHFFFAOYSA-N"
"ABL1","LHPLWSQPNALMBZ-UHFFFAOYSA-N"
"ABL1","WYQRWWCPRIGMCS-UHFFFAOYSA-N"
"MK14","YAWZIQKDHQIHOS-UHFFFAOYSA-N"
"MK14","XGITUPSJWBUNCL-UHFFFAOYSA-N"
"LCK","KERAXCVZALMMNG-UHFFFAOYSA-N"
"TIE2","KERAXCVZALMMNG-UHFFFAOYSA-N"
"JAK2","VKVXEWNGPFYOGR-UHFFFAOYSA-N"
"JAK2","YOVOSWQKQOPRCG-UHFFFAOYSA-N"
"JAK2","XISWHQQHCZRLLC-UHFFFAOYSA-N"
"JAK2","ZYYHYWCLONWJSJ-UHFFFAOYSA-N"
"TYK2","VKVXEWNGPFYOGR-UHFFFAOYSA-N"
"TYK2","YOVOSWQKQOPRCG-UHFFFAOYSA-N"
"TYK2","XISWHQQHCZRLLC-UHFFFAOYSA-N"
"TYK2","ZYYHYWCLONWJSJ-UHFFFAOYSA-N"
"JAK1","VKVXEWNGPFYOGR-UHFFFAOYSA-N"
"JAK1","YOVOSWQKQOPRCG-UHFFFAOYSA-N"
"JAK1","XISWHQQHCZRLLC-UHFFFAOYSA-N"
"JAK1","ZYYHYWCLONWJSJ-UHFFFAOYSA-N"
"JAK3","VKVXEWNGPFYOGR-UHFFFAOYSA-N"
"JAK3","YOVOSWQKQOPRCG-UHFFFAOYSA-N"
"JAK3","XISWHQQHCZRLLC-UHFFFAOYSA-N"
"JAK3","ZYYHYWCLONWJSJ-UHFFFAOYSA-N"
"MTOR","BHGHZFAGDKIPAL-UNTCJKLUSA-N"
"KC1D","WUDBUIUHVNECTM-UHFFFAOYSA-N"
"KC1E","WUDBUIUHVNECTM-UHFFFAOYSA-N"
"MK10","RNYLBHVQMFNTKV-RVDMUPIBSA-N"
"DYR1A","BGVLELSCIHASRV-QPEQYQDCSA-N"
"CLK1","BGVLELSCIHASRV-QPEQYQDCSA-N"
"CLK4","BGVLELSCIHASRV-QPEQYQDCSA-N"
"CLK2","BGVLELSCIHASRV-QPEQYQDCSA-N"
"MK14","FSGQSNMSKKPBHY-RUZDIDTESA-N"
"MTOR","QJJXYPPXXYFBGM-LFZNUXCKSA-N"
"KIT","SHKVYTQIJOOEMA-UHFFFAOYSA-N"
"KIT","MOEODMGOTIIAHE-UHFFFAOYSA-N"
"PGFRB","SHKVYTQIJOOEMA-UHFFFAOYSA-N"
"PGFRB","MOEODMGOTIIAHE-UHFFFAOYSA-N"
"VGFR3","SHKVYTQIJOOEMA-UHFFFAOYSA-N"
"VGFR3","MOEODMGOTIIAHE-UHFFFAOYSA-N"
"VGFR2","SHKVYTQIJOOEMA-UHFFFAOYSA-N"
"VGFR2","MOEODMGOTIIAHE-UHFFFAOYSA-N"
"VGFR1","SHKVYTQIJOOEMA-UHFFFAOYSA-N"
"VGFR1","MOEODMGOTIIAHE-UHFFFAOYSA-N"
"RAF1","SHKVYTQIJOOEMA-UHFFFAOYSA-N"
"CDK6","BIIVYFLTOXDAOV-YVEFUNNKSA-N"
"CDK2","BIIVYFLTOXDAOV-YVEFUNNKSA-N"
"CDK1","BIIVYFLTOXDAOV-YVEFUNNKSA-N"
"CDK9","BIIVYFLTOXDAOV-YVEFUNNKSA-N"
"DYR1A","BIIVYFLTOXDAOV-YVEFUNNKSA-N"
"KPCD","KDIRIFZBLUSLJU-UPVQGACJSA-N"
"KPCE","KDIRIFZBLUSLJU-UPVQGACJSA-N"
"KPCA","KDIRIFZBLUSLJU-UPVQGACJSA-N"
"KPCG","KDIRIFZBLUSLJU-UPVQGACJSA-N"
"KPCB","KDIRIFZBLUSLJU-UPVQGACJSA-N"
"KIT","UXXQOJXBIDBUAC-UHFFFAOYSA-N"
"FLT3","UXXQOJXBIDBUAC-UHFFFAOYSA-N"
"PGFRA","SOTRSERIYXCWEZ-UHFFFAOYSA-N"
"PGFRB","SOTRSERIYXCWEZ-UHFFFAOYSA-N"
"MP2K1","JVSMBUXACUSJML-UHFFFAOYSA-N"
"DDR2","MVCOAUNKQVWQHZ-UHFFFAOYSA-N"
"MK14","MVCOAUNKQVWQHZ-UHFFFAOYSA-N"
"MK09","MVCOAUNKQVWQHZ-UHFFFAOYSA-N"
"BRAF","MVCOAUNKQVWQHZ-UHFFFAOYSA-N"
"IGF1R","JHXINQXFXGCUKE-UHFFFAOYSA-N"
"PIM1","STJQTLCHUQJELE-UHFFFAOYSA-N"
"PIM2","STJQTLCHUQJELE-UHFFFAOYSA-N"
"EGFR","BGPAHUNSGVWHIG-AREMUKBSSA-N"
"ERBB2","BGPAHUNSGVWHIG-AREMUKBSSA-N"
"KIT","BYRBUVTUGSOTSC-UHFFFAOYSA-N"
"SRC","BYRBUVTUGSOTSC-UHFFFAOYSA-N"
"SRC","XOVYHZSDUHWRJV-UHFFFAOYSA-N"
"MK14","BYRBUVTUGSOTSC-UHFFFAOYSA-N"
"MK14","XOVYHZSDUHWRJV-UHFFFAOYSA-N"
"ABL1","BYRBUVTUGSOTSC-UHFFFAOYSA-N"
"ABL1","XOVYHZSDUHWRJV-UHFFFAOYSA-N"
"PRKDC","XQTRMYUJFYVIMG-UHFFFAOYSA-N"
"RET","BHEHWPCMASWZFW-YVLHZVERSA-N"
"PGFRB","TWGNTRGLYZCJJT-UHFFFAOYSA-N"
"PGFRB","WQZLHIFJXAIOQL-UHFFFAOYSA-N"
"VGFR2","TWGNTRGLYZCJJT-UHFFFAOYSA-N"
"VGFR2","WQZLHIFJXAIOQL-UHFFFAOYSA-N"
"FGFR1","TWGNTRGLYZCJJT-UHFFFAOYSA-N"
"FGFR1","WQZLHIFJXAIOQL-UHFFFAOYSA-N"
"PGFRB","QVJHVQPCRIXTMX-UHFFFAOYSA-N"
"VGFR2","QVJHVQPCRIXTMX-UHFFFAOYSA-N"
"FGFR1","QVJHVQPCRIXTMX-UHFFFAOYSA-N"
"SRC","XZEJMVDCQZRHLN-UHFFFAOYSA-N"
"FGFR1","XZEJMVDCQZRHLN-UHFFFAOYSA-N"
"MET","NWUDSUXTTGVNMW-ZVHZXABRSA-N"
"CDC7","KQILIEQOKXOCSD-UHFFFAOYSA-N"
"DYR1B","MYHMILRQDXANLR-UHFFFAOYSA-N"
"DYR1A","MYHMILRQDXANLR-UHFFFAOYSA-N"
"KC1D","KIXUMWAIYCKDQQ-UHFFFAOYSA-N"
"KC1E","KIXUMWAIYCKDQQ-UHFFFAOYSA-N"
"KC1G3","KIXUMWAIYCKDQQ-UHFFFAOYSA-N"
"MP2K1","LVHMCPRJISQGAK-UHFFFAOYSA-N"
"CDK2","OWXORKPNCHJYOF-UHFFFAOYSA-N"
"GSK3B","OWXORKPNCHJYOF-UHFFFAOYSA-N"
"MK11","CYLBEDISTPRRAJ-UHFFFAOYSA-N"
"BRAF","SEOLDYFMKMKGLS-UHFFFAOYSA-N"
"CHK1","BKQWQBLPYIQUFB-UHFFFAOYSA-N"
"VGFR2","IVKQYQMLUAZKPB-UHFFFAOYSA-N"
"KIT","VBYMFAOTZHNONG-UHFFFAOYSA-N"
"FLT3","VBYMFAOTZHNONG-UHFFFAOYSA-N"
"CSF1R","VBYMFAOTZHNONG-UHFFFAOYSA-N"
"PGFRA","VBYMFAOTZHNONG-UHFFFAOYSA-N"
"RET","VBYMFAOTZHNONG-UHFFFAOYSA-N"
"TGFR1","IVRXNBXKWIJUQB-UHFFFAOYSA-N"
"ACV1B","IVRXNBXKWIJUQB-UHFFFAOYSA-N"
"VGFR2","IVRXNBXKWIJUQB-UHFFFAOYSA-N"
"MK14","IVRXNBXKWIJUQB-UHFFFAOYSA-N"
"RIPK2","IVRXNBXKWIJUQB-UHFFFAOYSA-N"
"SRC","DGUCATVGNKWMHQ-UHFFFAOYSA-N"
"ABL1","DGUCATVGNKWMHQ-UHFFFAOYSA-N"
"NEK2","LLEOOSLUHRQCHZ-LMVHVUTASA-N"
"NTRK2","AJDJDSOIQFUPTC-UHFFFAOYSA-N"
"NTRK3","AJDJDSOIQFUPTC-UHFFFAOYSA-N"
"NTRK1","AJDJDSOIQFUPTC-UHFFFAOYSA-N"
"KIT","YZQRAQOSAPWELU-UHFFFAOYSA-O"
"PGFRA","YZQRAQOSAPWELU-UHFFFAOYSA-O"
"FGFR3","YZQRAQOSAPWELU-UHFFFAOYSA-O"
"PGFRB","MLNZPKUVAATQRY-UHFFFAOYSA-N"
"VGFR2","MLNZPKUVAATQRY-UHFFFAOYSA-N"
"EGFR","MLNZPKUVAATQRY-UHFFFAOYSA-N"
"KAPCA","VPXODNSZPGOPSV-UHFFFAOYSA-N"
"ROCK1","VPXODNSZPGOPSV-UHFFFAOYSA-N"
"GSK3B","SAQUSDSPQYQNBG-UHFFFAOYSA-N"
"EGFR","XOWGESNQLHDSON-UHFFFAOYSA-N"
"TGFR1","IBCXZJCWDGCXQT-UHFFFAOYSA-N"
"TGFR2","IBCXZJCWDGCXQT-UHFFFAOYSA-N"
"RAF1","JHSPKBWIYMIFKX-UHFFFAOYSA-N"
"KPCT","COCSQCRETSHJCO-UHFFFAOYSA-N"
"KPCA","COCSQCRETSHJCO-UHFFFAOYSA-N"
"KPCB","COCSQCRETSHJCO-UHFFFAOYSA-N"
"CDK2","COCSQCRETSHJCO-UHFFFAOYSA-N"
"GSK3B","COCSQCRETSHJCO-UHFFFAOYSA-N"
"KPCT","SYLBCDWZFLYHIX-UHFFFAOYSA-N"
"KPCA","SYLBCDWZFLYHIX-UHFFFAOYSA-N"
"KPCB","SYLBCDWZFLYHIX-UHFFFAOYSA-N"
"GSK3B","SYLBCDWZFLYHIX-UHFFFAOYSA-N"
"IKKA","UOQMKZIYNRHZEF-UHFFFAOYSA-N"
"IKKB","UOQMKZIYNRHZEF-UHFFFAOYSA-N"
"IKKA","VAYBIKAXZPWVBH-UHFFFAOYSA-N"
"KPCD","QZVQSVZEEJEZSI-YXRKCGNLSA-N"
"KPCE","QZVQSVZEEJEZSI-YXRKCGNLSA-N"
"KPCA","QZVQSVZEEJEZSI-YXRKCGNLSA-N"
"KPCG","QZVQSVZEEJEZSI-YXRKCGNLSA-N"
"KPCB","QZVQSVZEEJEZSI-YXRKCGNLSA-N"
"FGFR1","HNGPDEJIWHVMBL-UHFFFAOYSA-N"
"PIM1","LGRJHSGKEBRDHI-UHFFFAOYSA-N"
"CDC7","LGRJHSGKEBRDHI-UHFFFAOYSA-N"
"TNI3K","OXYDWXPXCUXJQZ-UHFFFAOYSA-N"
"BTK","QWRCMCNZGCYTPB-UHFFFAOYSA-N"
"VGFR2","NIVYQYSNRUIFIF-KAVGSWPWSA-N"
"AKT2","NIVYQYSNRUIFIF-KAVGSWPWSA-N"
"AKT1","NIVYQYSNRUIFIF-KAVGSWPWSA-N"
"MK11","QQEWAIUOEYEOLT-UHFFFAOYSA-N"
"MK14","QQEWAIUOEYEOLT-UHFFFAOYSA-N"
"VGFR2","ONSKSKMJNHEONW-XHCCPWGMSA-N"
"NTRK1","ONSKSKMJNHEONW-XHCCPWGMSA-N"
"MK14","NDKHUEXUSJSUTB-INIZCTEOSA-N"
"MK09","STNCBMGTCZRJPA-UHFFFAOYSA-N"
"MK08","STNCBMGTCZRJPA-UHFFFAOYSA-N"
"CDK4","KLVYMYQTRZCMLE-CYBMUJFWSA-N"
"CDK6","KLVYMYQTRZCMLE-CYBMUJFWSA-N"
"CDK2","KLVYMYQTRZCMLE-CYBMUJFWSA-N"
"CDK1","KLVYMYQTRZCMLE-CYBMUJFWSA-N"
"CDK4","CGHADMRBCNGDHX-UWJYYQICSA-N"
"CDK2","CGHADMRBCNGDHX-UWJYYQICSA-N"
"MET","JQNWYOYBMABACN-UHFFFAOYSA-N"
"JAK2","ZGAVFQNBUNSEFY-LBPRGKRZSA-N"
"JAK3","ZGAVFQNBUNSEFY-LBPRGKRZSA-N"
"INSR","AJYHOWJQVXCRRS-UHFFFAOYSA-N"
"TGFR1","SIJSCVJIJBPGEP-UHFFFAOYSA-N"
"KS6B1","GPNUVUGMFDKAJH-UHFFFAOYSA-N"
"CHK1","MKJOYZLSTNIBNH-UVTDQMKNSA-N"
"CDK1","MKJOYZLSTNIBNH-UVTDQMKNSA-N"
"M3K11","ABMSAGZBJYEZGT-UHFFFAOYSA-N"
"VGFR2","ABMSAGZBJYEZGT-UHFFFAOYSA-N"
"NTRK1","ABMSAGZBJYEZGT-UHFFFAOYSA-N"
"LIMK1","IWAGHIAOERSNDT-UHFFFAOYSA-N"
"LIMK2","IWAGHIAOERSNDT-UHFFFAOYSA-N"
"PLK1","MOSNATYSIYEVTF-MRXNPFEDSA-N"
"PLK3","MOSNATYSIYEVTF-MRXNPFEDSA-N"
"PIM3","FRRLLRQAGKSVMU-SECBINFHSA-N"
"PIM3","FRRLLRQAGKSVMU-VIFPVBQESA-N"
"PIM3","HNIDDGUBRPIXPG-VIFPVBQESA-N"
"PIM3","MZXRFYLHTPTREK-UHFFFAOYSA-N"
"PIM3","OOINHKLROPYETD-UHFFFAOYSA-N"
"PIM3","UUIYNZNVNQVZOT-UHFFFAOYSA-N"
"PIM3","UGRPNQCFWPYERM-UHFFFAOYSA-N"
"PIM3","LVKVPSJZKQLBMV-UHFFFAOYSA-N"
"PIM3","URLSXEUWUQRQEM-UHFFFAOYSA-N"
"PIM3","HNXYPVWPNANYAO-UHFFFAOYSA-N"
"PIM1","FRRLLRQAGKSVMU-SECBINFHSA-N"
"PIM1","FRRLLRQAGKSVMU-VIFPVBQESA-N"
"PIM1","HNIDDGUBRPIXPG-VIFPVBQESA-N"
"PIM1","MZXRFYLHTPTREK-UHFFFAOYSA-N"
"PIM1","OOINHKLROPYETD-UHFFFAOYSA-N"
"PIM1","UUIYNZNVNQVZOT-UHFFFAOYSA-N"
"PIM1","UGRPNQCFWPYERM-UHFFFAOYSA-N"
"PIM1","LVKVPSJZKQLBMV-UHFFFAOYSA-N"
"PIM1","URLSXEUWUQRQEM-UHFFFAOYSA-N"
"PIM1","HNXYPVWPNANYAO-UHFFFAOYSA-N"
"PIM2","FRRLLRQAGKSVMU-SECBINFHSA-N"
"PIM2","FRRLLRQAGKSVMU-VIFPVBQESA-N"
"PIM2","HNIDDGUBRPIXPG-VIFPVBQESA-N"
"PIM2","MZXRFYLHTPTREK-UHFFFAOYSA-N"
"PIM2","OOINHKLROPYETD-UHFFFAOYSA-N"
"PIM2","UUIYNZNVNQVZOT-UHFFFAOYSA-N"
"PIM2","UGRPNQCFWPYERM-UHFFFAOYSA-N"
"PIM2","LVKVPSJZKQLBMV-UHFFFAOYSA-N"
"PIM2","URLSXEUWUQRQEM-UHFFFAOYSA-N"
"PIM2","HNXYPVWPNANYAO-UHFFFAOYSA-N"
"CDC7","FRRLLRQAGKSVMU-SECBINFHSA-N"
"CDC7","FRRLLRQAGKSVMU-VIFPVBQESA-N"
"CDC7","HNIDDGUBRPIXPG-VIFPVBQESA-N"
"DYR1A","FXDMBCMWUZIXKM-UHFFFAOYSA-N"
"KIT","QZTWUDDGLIDXSE-UHFFFAOYSA-N"
"PGFRA","QZTWUDDGLIDXSE-UHFFFAOYSA-N"
"FGFR3","QZTWUDDGLIDXSE-UHFFFAOYSA-N"
"GSK3A","BRAUILVAENFWMQ-UHFFFAOYSA-N"
"FLT3","QNNCAUNEIPNZAQ-UHFFFAOYSA-N"
"PGFRB","QNNCAUNEIPNZAQ-UHFFFAOYSA-N"
"ERBB2","ZNIHSZIOJYSEMQ-UHFFFAOYSA-N"
"ALK","BJOYXJIBLVCOFN-SFHVURJKSA-N"
"CHK1","HBUYAUJNLFOQGG-UHFFFAOYSA-N"
"JAK2","VNDWQCSOSCCWIP-UHFFFAOYSA-N"
"TYK2","VNDWQCSOSCCWIP-UHFFFAOYSA-N"
"JAK1","VNDWQCSOSCCWIP-UHFFFAOYSA-N"
"JAK3","VNDWQCSOSCCWIP-UHFFFAOYSA-N"
"WEE1","YZYPLNUVOXFRDU-UHFFFAOYSA-N"
"PGFRB","ZSCAQLQIHHLYDC-UHFFFAOYSA-N"
"VGFR2","ZSCAQLQIHHLYDC-UHFFFAOYSA-N"
"EGFR","ZSCAQLQIHHLYDC-UHFFFAOYSA-N"
"SRC","XKHSUSZUHQRZFF-UHFFFAOYSA-N"
"VGFR2","XKHSUSZUHQRZFF-UHFFFAOYSA-N"
"FLT3","OEQLYHXNGSLNQN-UHFFFAOYSA-N"
"CSF1R","OEQLYHXNGSLNQN-UHFFFAOYSA-N"
"PGFRB","OEQLYHXNGSLNQN-UHFFFAOYSA-N"
"VGFR2","OEQLYHXNGSLNQN-UHFFFAOYSA-N"
"PGFRB","HEAUVWMQZFRPLK-UHFFFAOYSA-N"
"KPCE","PXONMVAMARNSJO-RXYYUPRCSA-N"
"KPCE","KLYPYTHLYUUKMT-GWZVJQKXSA-N"
"KPCA","PXONMVAMARNSJO-RXYYUPRCSA-N"
"KPCA","KLYPYTHLYUUKMT-GWZVJQKXSA-N"
"KPCG","PXONMVAMARNSJO-RXYYUPRCSA-N"
"KPCG","KLYPYTHLYUUKMT-GWZVJQKXSA-N"
"KPCB","PXONMVAMARNSJO-RXYYUPRCSA-N"
"KPCB","KLYPYTHLYUUKMT-GWZVJQKXSA-N"
"MKNK1","GEWLYFZWVLXQME-INIZCTEOSA-N"
"MKNK2","GEWLYFZWVLXQME-INIZCTEOSA-N"
"KPCD","NNVINYYJNCKGRA-LFHRXCRSSA-N"
"KPCD","NNVINYYJNCKGRA-RPLLCQBOSA-N"
"KPCE","NNVINYYJNCKGRA-LFHRXCRSSA-N"
"KPCA","NNVINYYJNCKGRA-LFHRXCRSSA-N"
"KPCA","NNVINYYJNCKGRA-RPLLCQBOSA-N"
"KPCG","NNVINYYJNCKGRA-LFHRXCRSSA-N"
"KPCG","NNVINYYJNCKGRA-RPLLCQBOSA-N"
"KPCB","NNVINYYJNCKGRA-LFHRXCRSSA-N"
"KPCB","NNVINYYJNCKGRA-RPLLCQBOSA-N"
"VGFR2","FANRZXFLTSHAKQ-UHFFFAOYSA-N"
"CDK1","FANRZXFLTSHAKQ-UHFFFAOYSA-N"
"VGFR2","UCHQCSDTPQKAKL-UHFFFAOYSA-N"
"FGFR2","UCHQCSDTPQKAKL-UHFFFAOYSA-N"
"KPCA","KOVNFJBXMBASSU-UHFFFAOYSA-N"
"KPCG","KOVNFJBXMBASSU-UHFFFAOYSA-N"
"KPCB","KOVNFJBXMBASSU-UHFFFAOYSA-N"
"KPCA","XYUYSDBKGVJSKN-UHFFFAOYSA-N"
"KPCG","XYUYSDBKGVJSKN-UHFFFAOYSA-N"
"KPCB","XYUYSDBKGVJSKN-UHFFFAOYSA-N"
"KPCA","DNPFEENAAKLCMC-UHFFFAOYSA-N"
"KPCA","WPSBCJTXGDVGAZ-UHFFFAOYSA-N"
"KPCG","DNPFEENAAKLCMC-UHFFFAOYSA-N"
"KPCG","WPSBCJTXGDVGAZ-UHFFFAOYSA-N"
"KPCB","DNPFEENAAKLCMC-UHFFFAOYSA-N"
"KPCB","WPSBCJTXGDVGAZ-UHFFFAOYSA-N"
"CDK1","DNPFEENAAKLCMC-UHFFFAOYSA-N"
"CDK1","WPSBCJTXGDVGAZ-UHFFFAOYSA-N"
"KPCA","MVMGNWUSDKNEKN-UHFFFAOYSA-N"
"KPCA","LMIPLKOPDQGFNB-UHFFFAOYSA-N"
"KPCG","MVMGNWUSDKNEKN-UHFFFAOYSA-N"
"KPCG","LMIPLKOPDQGFNB-UHFFFAOYSA-N"
"KPCB","MVMGNWUSDKNEKN-UHFFFAOYSA-N"
"KPCB","LMIPLKOPDQGFNB-UHFFFAOYSA-N"
"KPCA","DVXSJBDRMIDVMC-UHFFFAOYSA-N"
"KPCG","DVXSJBDRMIDVMC-UHFFFAOYSA-N"
"KPCB","DVXSJBDRMIDVMC-UHFFFAOYSA-N"
"KPCT","CLGKERUQODCNJI-BQYQJAHWSA-N"
"DYR1A","BKQKPRMOYMYOAI-UHFFFAOYSA-N"
"CDK2","NGHCWGJHYFQFOG-WGSAOQKQSA-N"
"CDK2","VESKGNRSKDNTQM-WKILWMFISA-N"
"GSK3B","VESKGNRSKDNTQM-WKILWMFISA-N"
"KPCB","HHSIUHRARDLCPM-UHFFFAOYSA-N"
"GSK3B","HHSIUHRARDLCPM-UHFFFAOYSA-N"
"KPCB","GCNSUXMONRYRHL-UHFFFAOYSA-N"
"GSK3B","GCNSUXMONRYRHL-UHFFFAOYSA-N"
"VGFR2","LMHPBVGQEGWFGF-UHFFFAOYSA-N"
"VGFR2","ITQSJZWWFWDOKJ-UHFFFAOYSA-N"
"FGFR1","ITQSJZWWFWDOKJ-UHFFFAOYSA-N"
"CDK9","JFSGUSJACVSEKX-HAQNSBGRSA-N"
"CDK4","RBHCYWNSENRQLN-UHFFFAOYSA-N"
"CDK2","RBHCYWNSENRQLN-UHFFFAOYSA-N"
"GSK3B","RBHCYWNSENRQLN-UHFFFAOYSA-N"
"CDK2","ILJWGWQUBUXSLL-UHFFFAOYSA-N"
"GSK3B","ILJWGWQUBUXSLL-UHFFFAOYSA-N"
"PGFRB","XCQKFUQOEIHSBV-UHFFFAOYSA-N"
"PGFRB","LYSQWVNEFZTXHD-UHFFFAOYSA-N"
"PGFRB","KVMLMFRXRZLEGU-UHFFFAOYSA-N"
"PGFRB","NTMALOHZZAUBAI-UHFFFAOYSA-N"
"VGFR2","XCQKFUQOEIHSBV-UHFFFAOYSA-N"
"VGFR2","LYSQWVNEFZTXHD-UHFFFAOYSA-N"
"VGFR2","KVMLMFRXRZLEGU-UHFFFAOYSA-N"
"VGFR2","NTMALOHZZAUBAI-UHFFFAOYSA-N"
"EGFR","XCQKFUQOEIHSBV-UHFFFAOYSA-N"
"EGFR","LYSQWVNEFZTXHD-UHFFFAOYSA-N"
"EGFR","KVMLMFRXRZLEGU-UHFFFAOYSA-N"
"EGFR","NTMALOHZZAUBAI-UHFFFAOYSA-N"
"VGFR2","QSUZLYWASFSPHS-UHFFFAOYSA-N"
"TIE2","QSUZLYWASFSPHS-UHFFFAOYSA-N"
"IKKB","KUSNFPNHSNUZPP-UHFFFAOYSA-N"
"KPCD1","LSEXYAQECWMUPY-QGZVFWFLSA-N"
"KPCD3","LSEXYAQECWMUPY-QGZVFWFLSA-N"
"KPCD2","LSEXYAQECWMUPY-QGZVFWFLSA-N"
"KPCA","KIWODJBCHRADND-UHFFFAOYSA-N"
"KPCB","KIWODJBCHRADND-UHFFFAOYSA-N"
"JAK2","SKJAPOHPBVKPHD-UHFFFAOYSA-N"
"TYK2","SKJAPOHPBVKPHD-UHFFFAOYSA-N"
"JAK1","KIWODJBCHRADND-UHFFFAOYSA-N"
"JAK3","KIWODJBCHRADND-UHFFFAOYSA-N"
"JAK3","SKJAPOHPBVKPHD-UHFFFAOYSA-N"
"MK14","PHMWPKDBVRDSTN-UHFFFAOYSA-N"
"ITK","IOQHKVXGXHYAJS-UHFFFAOYSA-N"
"BCR","YCCAMNPZGLARRQ-UHFFFAOYSA-N"
"MERTK","OYQORZDLJYKSEI-QAQDUYKDSA-N"
"CDK4","CXHLTNFGZLWOKU-UHFFFAOYSA-N"
"CDK2","CXHLTNFGZLWOKU-UHFFFAOYSA-N"
"KS6A2","LRHLPBFCDHGQOT-UHFFFAOYSA-N"
"PRKDC","GHFCOQAAPOADOS-UHFFFAOYSA-N"
"TTK","ZFLJHSQHILSNCM-UHFFFAOYSA-N"
"MP2K1","ZFLJHSQHILSNCM-UHFFFAOYSA-N"
"JAK2","MNJLBCWEFFQOSP-IQJOONFLSA-N"
"JAK1","MNJLBCWEFFQOSP-IQJOONFLSA-N"
"CDK2","KDKUVYLMPJIGKA-UHFFFAOYSA-N"
"CDK1","KDKUVYLMPJIGKA-UHFFFAOYSA-N"
"CDK5","KDKUVYLMPJIGKA-UHFFFAOYSA-N"
"SRPK1","GXGUVSXXUOACEX-UHFFFAOYSA-N"
"MK14","VQVKHCWYXCFZSE-UHFFFAOYSA-N"
"MK14","DCHSZLGIZGOIKT-UHFFFAOYSA-N"
"CDK4","AHJRHEGDXFFMBM-UHFFFAOYSA-N"
"JAK3","AHJRHEGDXFFMBM-UHFFFAOYSA-N"
"CDK9","AHJRHEGDXFFMBM-UHFFFAOYSA-N"
"CDK4","PEOPNFFYHMAVJA-UHFFFAOYSA-N"
"CDK2","PEOPNFFYHMAVJA-UHFFFAOYSA-N"
"EGFR","HJEPFPDXSFKWQH-IBGZPJMESA-N"
"MK09","HJEPFPDXSFKWQH-IBGZPJMESA-N"
"LIMK1","UIQNMIISGRIHIY-UHFFFAOYSA-N"
"LIMK2","UIQNMIISGRIHIY-UHFFFAOYSA-N"
"VGFR2","BRKGRQVBHFZISR-UHFFFAOYSA-N"
"FGFR1","BRKGRQVBHFZISR-UHFFFAOYSA-N"
"VGFR2","BPXQYAXTDCQZHB-UHFFFAOYSA-N"
"FGFR1","BPXQYAXTDCQZHB-UHFFFAOYSA-N"
"M4K4","CNRKFSOKFMEBMF-UHFFFAOYSA-N"
"VGFR2","STINDBVFOPRZHE-UHFFFAOYSA-N"
"FGFR1","STINDBVFOPRZHE-UHFFFAOYSA-N"
"CDK4","UEYQVGAFBVFHAU-UHFFFAOYSA-N"
"CDK1","UEYQVGAFBVFHAU-UHFFFAOYSA-N"
"CDK1","GYAINYZANQCQBS-UHFFFAOYSA-N"
"CDK4","LSGWJMLNFPIPPC-UHFFFAOYSA-N"
"CDK1","LSGWJMLNFPIPPC-UHFFFAOYSA-N"
"MK03","LSGWJMLNFPIPPC-UHFFFAOYSA-N"
"FLT3","NWBGABGOSKEFQJ-UHFFFAOYSA-N"
"MK14","FKNKJXZKATYROQ-UHFFFAOYSA-N"
"EGFR","JFJUDTHJJPEOAI-UHFFFAOYSA-N"
"SRC","WFTOKDIQRMAJJY-UHFFFAOYSA-N"
"VGFR2","ZTNZIYTUYLFXOO-UHFFFAOYSA-N"
"TIE2","ZTNZIYTUYLFXOO-UHFFFAOYSA-N"
"MK14","ZGGQRNYKRGMQPU-UHFFFAOYSA-N"
"KIT","TXHCSJVBIFJCLK-UHFFFAOYSA-N"
"VGFR2","TXHCSJVBIFJCLK-UHFFFAOYSA-N"
"TIE2","TXHCSJVBIFJCLK-UHFFFAOYSA-N"
"KIT","PHWICBBDBJYOQR-UHFFFAOYSA-N"
"VGFR2","PHWICBBDBJYOQR-UHFFFAOYSA-N"
"TIE2","PHWICBBDBJYOQR-UHFFFAOYSA-N"
"KIT","KNXNQDZKPNJJEY-UHFFFAOYSA-N"
"VGFR2","KNXNQDZKPNJJEY-UHFFFAOYSA-N"
"TIE2","KNXNQDZKPNJJEY-UHFFFAOYSA-N"
"KIT","MXHHCGBNNWOCGV-UHFFFAOYSA-N"
"VGFR2","MXHHCGBNNWOCGV-UHFFFAOYSA-N"
"TIE2","MXHHCGBNNWOCGV-UHFFFAOYSA-N"
"MK14","HYYRJELYMNIRGB-QFIPXVFZSA-N"
"MK10","HYYRJELYMNIRGB-QFIPXVFZSA-N"
"MK14","WMTFXHFSJAESMU-UHFFFAOYSA-N"
"MK14","VKTAENBLRPMXKK-UHFFFAOYSA-N"
"MK10","WMTFXHFSJAESMU-UHFFFAOYSA-N"
"MK10","VKTAENBLRPMXKK-UHFFFAOYSA-N"
"MK08","WMTFXHFSJAESMU-UHFFFAOYSA-N"
"MK08","VKTAENBLRPMXKK-UHFFFAOYSA-N"
"E2AK1","YBHXGTDKMLACQI-UHFFFAOYSA-N"
"VGFR2","FWQHTPQAWDKGBW-JXMROGBWSA-N"
"EGFR","FWQHTPQAWDKGBW-JXMROGBWSA-N"
"E2AK2","NMEUKWOOQOHUNA-UHFFFAOYSA-N"
"KPCE","MTGNUTFABAEBRU-UHFFFAOYSA-N"
"SRC","PKVYBWGFOWKFHZ-UHFFFAOYSA-N"
"VGFR2","PKVYBWGFOWKFHZ-UHFFFAOYSA-N"
"SRC","MMXSCACHGJJWPP-UHFFFAOYSA-N"
"VGFR2","MMXSCACHGJJWPP-UHFFFAOYSA-N"
"SRC","RGGXAEJCXZWVDT-UHFFFAOYSA-N"
"VGFR2","RGGXAEJCXZWVDT-UHFFFAOYSA-N"
"IKKA","DCEAJJZHQFOWRL-UHFFFAOYSA-N"
"IKKB","DCEAJJZHQFOWRL-UHFFFAOYSA-N"
"IKKE","DECBFIYBUIMGPR-UHFFFAOYSA-N"
"AURKB","DECBFIYBUIMGPR-UHFFFAOYSA-N"
"TBK1","DECBFIYBUIMGPR-UHFFFAOYSA-N"
"IKKA","OZEUHFQBMMLXLH-UHFFFAOYSA-N"
"IKKB","OZEUHFQBMMLXLH-UHFFFAOYSA-N"
"CHK1","TWOZKVSBPIYOGM-UWVJOHFNSA-N"
"SRC","MBNGMHXKMKQYBP-UHFFFAOYSA-N"
"ABL1","MBNGMHXKMKQYBP-UHFFFAOYSA-N"
"ST17B","HGVYGHNZFIZVJT-UHFFFAOYSA-N"
"ST17A","HGVYGHNZFIZVJT-UHFFFAOYSA-N"
"JAK2","QJPWFJUJHXVLEI-BXUZGUMPSA-N"
"JAK2","POBDSPXBIIAMTG-MLGOLLRUSA-N"
"JAK2","RMCFFPUQAHGNPG-MLGOLLRUSA-N"
"JAK2","ZBSVAMAKPQOWFS-UHFFFAOYSA-N"
"JAK2","CLYUZZLJBLEOOA-MLGOLLRUSA-N"
"JAK2","NQMVPZBPGADIQN-VXGBXAGGSA-N"
"JAK2","QASDPHCNHAXDKX-IUODEOHRSA-N"
"JAK2","GATQRZORHMQKNV-IUODEOHRSA-N"
"JAK2","WJOHFIWALCWIHK-VXGBXAGGSA-N"
"JAK2","OJOPEZPLUQZWLY-LBPRGKRZSA-N"
"JAK2","NQMVPZBPGADIQN-NEPJUHHUSA-N"
"JAK2","RMCFFPUQAHGNPG-WBMJQRKESA-N"
"JAK2","CLYUZZLJBLEOOA-WBMJQRKESA-N"
"JAK2","UPBRYBJZTWHUQK-SMDDNHRTSA-N"
"JAK2","GATQRZORHMQKNV-DOMZBBRYSA-N"
"JAK2","QASDPHCNHAXDKX-DOMZBBRYSA-N"
"JAK2","OJOPEZPLUQZWLY-GFCCVEGCSA-N"
"JAK2","UPBRYBJZTWHUQK-RISCZKNCSA-N"
"TYK2","QJPWFJUJHXVLEI-BXUZGUMPSA-N"
"TYK2","POBDSPXBIIAMTG-MLGOLLRUSA-N"
"TYK2","RMCFFPUQAHGNPG-MLGOLLRUSA-N"
"TYK2","ZBSVAMAKPQOWFS-UHFFFAOYSA-N"
"TYK2","CLYUZZLJBLEOOA-MLGOLLRUSA-N"
"TYK2","NQMVPZBPGADIQN-VXGBXAGGSA-N"
"TYK2","QASDPHCNHAXDKX-IUODEOHRSA-N"
"TYK2","GATQRZORHMQKNV-IUODEOHRSA-N"
"TYK2","WJOHFIWALCWIHK-VXGBXAGGSA-N"
"TYK2","OJOPEZPLUQZWLY-LBPRGKRZSA-N"
"TYK2","NQMVPZBPGADIQN-NEPJUHHUSA-N"
"TYK2","RMCFFPUQAHGNPG-WBMJQRKESA-N"
"TYK2","CLYUZZLJBLEOOA-WBMJQRKESA-N"
"TYK2","UPBRYBJZTWHUQK-SMDDNHRTSA-N"
"TYK2","GATQRZORHMQKNV-DOMZBBRYSA-N"
"TYK2","QASDPHCNHAXDKX-DOMZBBRYSA-N"
"TYK2","OJOPEZPLUQZWLY-GFCCVEGCSA-N"
"TYK2","UPBRYBJZTWHUQK-RISCZKNCSA-N"
"JAK1","QJPWFJUJHXVLEI-BXUZGUMPSA-N"
"JAK1","POBDSPXBIIAMTG-MLGOLLRUSA-N"
"JAK1","RMCFFPUQAHGNPG-MLGOLLRUSA-N"
"JAK1","ZBSVAMAKPQOWFS-UHFFFAOYSA-N"
"JAK1","CLYUZZLJBLEOOA-MLGOLLRUSA-N"
"JAK1","NQMVPZBPGADIQN-VXGBXAGGSA-N"
"JAK1","QASDPHCNHAXDKX-IUODEOHRSA-N"
"JAK1","GATQRZORHMQKNV-IUODEOHRSA-N"
"JAK1","WJOHFIWALCWIHK-VXGBXAGGSA-N"
"JAK1","OJOPEZPLUQZWLY-LBPRGKRZSA-N"
"JAK1","NQMVPZBPGADIQN-NEPJUHHUSA-N"
"JAK1","RMCFFPUQAHGNPG-WBMJQRKESA-N"
"JAK1","CLYUZZLJBLEOOA-WBMJQRKESA-N"
"JAK1","UPBRYBJZTWHUQK-SMDDNHRTSA-N"
"JAK1","GATQRZORHMQKNV-DOMZBBRYSA-N"
"JAK1","QASDPHCNHAXDKX-DOMZBBRYSA-N"
"JAK1","OJOPEZPLUQZWLY-GFCCVEGCSA-N"
"JAK1","UPBRYBJZTWHUQK-RISCZKNCSA-N"
"JAK3","QJPWFJUJHXVLEI-BXUZGUMPSA-N"
"JAK3","POBDSPXBIIAMTG-MLGOLLRUSA-N"
"JAK3","RMCFFPUQAHGNPG-MLGOLLRUSA-N"
"JAK3","ZBSVAMAKPQOWFS-UHFFFAOYSA-N"
"JAK3","CLYUZZLJBLEOOA-MLGOLLRUSA-N"
"JAK3","NQMVPZBPGADIQN-VXGBXAGGSA-N"
"JAK3","QASDPHCNHAXDKX-IUODEOHRSA-N"
"JAK3","GATQRZORHMQKNV-IUODEOHRSA-N"
"JAK3","WJOHFIWALCWIHK-VXGBXAGGSA-N"
"JAK3","OJOPEZPLUQZWLY-LBPRGKRZSA-N"
"JAK3","NQMVPZBPGADIQN-NEPJUHHUSA-N"
"JAK3","RMCFFPUQAHGNPG-WBMJQRKESA-N"
"JAK3","CLYUZZLJBLEOOA-WBMJQRKESA-N"
"JAK3","UPBRYBJZTWHUQK-SMDDNHRTSA-N"
"JAK3","GATQRZORHMQKNV-DOMZBBRYSA-N"
"JAK3","QASDPHCNHAXDKX-DOMZBBRYSA-N"
"JAK3","OJOPEZPLUQZWLY-GFCCVEGCSA-N"
"JAK3","UPBRYBJZTWHUQK-RISCZKNCSA-N"
"WEE1","AJQRFVJEFXGCBQ-UHFFFAOYSA-N"
"CHK1","AJQRFVJEFXGCBQ-UHFFFAOYSA-N"
"PAK4","XVBWTZHNQZHFHR-QGZVFWFLSA-N"
"CDK2","XVBWTZHNQZHFHR-QGZVFWFLSA-N"
"MK01","XVBWTZHNQZHFHR-QGZVFWFLSA-N"
"MARK1","XVBWTZHNQZHFHR-QGZVFWFLSA-N"
"GSK3B","XVBWTZHNQZHFHR-QGZVFWFLSA-N"
"VGFR2","HDRMGLRNWDMPGT-UHFFFAOYSA-N"
"VGFR1","HDRMGLRNWDMPGT-UHFFFAOYSA-N"
"CDK2","VPOGRVWIIVMWRI-UHFFFAOYSA-N"
"GSK3B","VPOGRVWIIVMWRI-UHFFFAOYSA-N"
"MK14","YZIQMIAREGGHFQ-UHFFFAOYSA-N"
"MK14","RWOFIHYHMILOTJ-UHFFFAOYSA-N"
"MK14","CBHOUOHFUVTLFG-UHFFFAOYSA-N"
"MK14","GLWXMYOBTQMICW-UHFFFAOYSA-N"
"MK14","QSYYXXNSCFXCDV-UHFFFAOYSA-N"
"MK10","YZIQMIAREGGHFQ-UHFFFAOYSA-N"
"MK10","RWOFIHYHMILOTJ-UHFFFAOYSA-N"
"MK10","CBHOUOHFUVTLFG-UHFFFAOYSA-N"
"MK10","GLWXMYOBTQMICW-UHFFFAOYSA-N"
"MK10","QSYYXXNSCFXCDV-UHFFFAOYSA-N"
"MK08","YZIQMIAREGGHFQ-UHFFFAOYSA-N"
"MK08","RWOFIHYHMILOTJ-UHFFFAOYSA-N"
"MK08","CBHOUOHFUVTLFG-UHFFFAOYSA-N"
"MK08","GLWXMYOBTQMICW-UHFFFAOYSA-N"
"MK08","QSYYXXNSCFXCDV-UHFFFAOYSA-N"
"TGFR1","QLCHJBPDLYRMBA-UHFFFAOYSA-N"
"TGFR2","QLCHJBPDLYRMBA-UHFFFAOYSA-N"
"CDK2","RPJIMTALCNCQLV-UHFFFAOYSA-N"
"CDK1","RPJIMTALCNCQLV-UHFFFAOYSA-N"
"GSK3B","RPJIMTALCNCQLV-UHFFFAOYSA-N"
"KPCD","SGHXFHRRWFLILP-XJDXJNMNSA-N"
"AKT2","SGHXFHRRWFLILP-XJDXJNMNSA-N"
"AKT1","SGHXFHRRWFLILP-XJDXJNMNSA-N"
"AKT3","SGHXFHRRWFLILP-XJDXJNMNSA-N"
"VGFR2","JOPYKTLQPXTHOU-UHFFFAOYSA-N"
"FAK1","YHROPQPNDJZFTP-UHFFFAOYSA-N"
"KPCG","LHQWPYOYDRVMFI-QFIPXVFZSA-N"
"KPCG","KLSYPIQWMFSSJW-FQEVSTJZSA-N"
"CDK1","LHQWPYOYDRVMFI-QFIPXVFZSA-N"
"CDK1","KLSYPIQWMFSSJW-FQEVSTJZSA-N"
"MK01","LHQWPYOYDRVMFI-QFIPXVFZSA-N"
"AKT2","LHQWPYOYDRVMFI-QFIPXVFZSA-N"
"AKT2","KLSYPIQWMFSSJW-FQEVSTJZSA-N"
"AKT1","LHQWPYOYDRVMFI-QFIPXVFZSA-N"
"AKT1","KLSYPIQWMFSSJW-FQEVSTJZSA-N"
"AKT3","LHQWPYOYDRVMFI-QFIPXVFZSA-N"
"AKT3","KLSYPIQWMFSSJW-FQEVSTJZSA-N"
"PGFRB","SNYMIRFSGCNEHH-UHFFFAOYSA-N"
"PGFRB","DDSTUHINLNZIIZ-UHFFFAOYSA-N"
"VGFR2","SNYMIRFSGCNEHH-UHFFFAOYSA-N"
"VGFR2","DDSTUHINLNZIIZ-UHFFFAOYSA-N"
"VGFR2","ARRAFPHWAWKGMF-UHFFFAOYSA-N"
"VGFR1","SNYMIRFSGCNEHH-UHFFFAOYSA-N"
"VGFR1","DDSTUHINLNZIIZ-UHFFFAOYSA-N"
"VGFR1","ARRAFPHWAWKGMF-UHFFFAOYSA-N"
"FGFR1","SNYMIRFSGCNEHH-UHFFFAOYSA-N"
"FGFR1","DDSTUHINLNZIIZ-UHFFFAOYSA-N"
"FGFR1","ARRAFPHWAWKGMF-UHFFFAOYSA-N"
"PGFRB","UYTRUCYRZKTLND-UHFFFAOYSA-N"
"PGFRB","CSGDFNSJHVTVHD-UHFFFAOYSA-N"
"VGFR2","UYTRUCYRZKTLND-UHFFFAOYSA-N"
"VGFR2","CSGDFNSJHVTVHD-UHFFFAOYSA-N"
"VGFR1","UYTRUCYRZKTLND-UHFFFAOYSA-N"
"VGFR1","CSGDFNSJHVTVHD-UHFFFAOYSA-N"
"FGFR1","UYTRUCYRZKTLND-UHFFFAOYSA-N"
"FGFR1","CSGDFNSJHVTVHD-UHFFFAOYSA-N"
"PGFRB","PWPWTOPEJWNZOA-UHFFFAOYSA-N"
"VGFR2","PWPWTOPEJWNZOA-UHFFFAOYSA-N"
"FGFR1","PWPWTOPEJWNZOA-UHFFFAOYSA-N"
"PGFRB","ARXCFPVKEORMCL-UHFFFAOYSA-N"
"PGFRB","YUZDAIVFOGPJIS-UHFFFAOYSA-N"
"VGFR2","ARXCFPVKEORMCL-UHFFFAOYSA-N"
"VGFR2","YUZDAIVFOGPJIS-UHFFFAOYSA-N"
"VGFR1","ARXCFPVKEORMCL-UHFFFAOYSA-N"
"VGFR1","YUZDAIVFOGPJIS-UHFFFAOYSA-N"
"FGFR1","ARXCFPVKEORMCL-UHFFFAOYSA-N"
"FGFR1","YUZDAIVFOGPJIS-UHFFFAOYSA-N"
"PGFRB","HZJFSGCBXSPJTM-UHFFFAOYSA-N"
"VGFR2","HZJFSGCBXSPJTM-UHFFFAOYSA-N"
"VGFR1","HZJFSGCBXSPJTM-UHFFFAOYSA-N"
"FGFR1","HZJFSGCBXSPJTM-UHFFFAOYSA-N"
"CHK1","ORNADCNXUPZOQN-UHFFFAOYSA-N"
"AURKA","ORNADCNXUPZOQN-UHFFFAOYSA-N"
"PGFRB","QFTKAOIMHAWUBL-UHFFFAOYSA-N"
"VGFR2","QFTKAOIMHAWUBL-UHFFFAOYSA-N"
"VGFR1","QFTKAOIMHAWUBL-UHFFFAOYSA-N"
"FGFR1","QFTKAOIMHAWUBL-UHFFFAOYSA-N"
"PGFRB","FFQQVSHJKNRETB-UHFFFAOYSA-N"
"VGFR2","FFQQVSHJKNRETB-UHFFFAOYSA-N"
"VGFR1","FFQQVSHJKNRETB-UHFFFAOYSA-N"
"PGFRB","DOTKFWRQMGDIDY-UHFFFAOYSA-N"
"VGFR2","DOTKFWRQMGDIDY-UHFFFAOYSA-N"
"VGFR1","DOTKFWRQMGDIDY-UHFFFAOYSA-N"
"PGFRB","QXCNZYXAYYZRIY-UHFFFAOYSA-N"
"VGFR2","QXCNZYXAYYZRIY-UHFFFAOYSA-N"
"VGFR1","QXCNZYXAYYZRIY-UHFFFAOYSA-N"
"FGFR1","QXCNZYXAYYZRIY-UHFFFAOYSA-N"
"PGFRB","KCJHQDVGQZJZAJ-UHFFFAOYSA-N"
"VGFR2","KCJHQDVGQZJZAJ-UHFFFAOYSA-N"
"VGFR1","KCJHQDVGQZJZAJ-UHFFFAOYSA-N"
"FGFR1","KCJHQDVGQZJZAJ-UHFFFAOYSA-N"
"TGFR1","QQWPUZDBNNDUNZ-UHFFFAOYSA-N"
"AURKA","UXCOLBRRXSIGNA-UHFFFAOYSA-N"
"AURKB","UXCOLBRRXSIGNA-UHFFFAOYSA-N"
"SRC","OARXLGLBMAHALM-NRFANRHFSA-N"
"KPCG","OARXLGLBMAHALM-NRFANRHFSA-N"
"CDK1","OARXLGLBMAHALM-NRFANRHFSA-N"
"AKT2","OARXLGLBMAHALM-NRFANRHFSA-N"
"AKT1","OARXLGLBMAHALM-NRFANRHFSA-N"
"AKT3","OARXLGLBMAHALM-NRFANRHFSA-N"
"SRC","GCEFTTIUEIKKPW-UNOMPAQXSA-N"
"EPHB3","HEAMMOPNKRHYGX-UHFFFAOYSA-N"
"IRAK4","MDRTXGAXFNLXEX-UHFFFAOYSA-N"
"KPCE","FXGHOAZJQNLNFD-KRWDZBQOSA-N"
"KPCG","FXGHOAZJQNLNFD-KRWDZBQOSA-N"
"KPCB","FXGHOAZJQNLNFD-KRWDZBQOSA-N"
"GSK3B","FXGHOAZJQNLNFD-KRWDZBQOSA-N"
"KPCD","BPNUQXPIQBZCMR-IBGZPJMESA-N"
"CDK2","BPNUQXPIQBZCMR-IBGZPJMESA-N"
"KS6A3","BPNUQXPIQBZCMR-IBGZPJMESA-N"
"MK01","BPNUQXPIQBZCMR-IBGZPJMESA-N"
"AKT1","BPNUQXPIQBZCMR-IBGZPJMESA-N"
"GSK3B","BPNUQXPIQBZCMR-IBGZPJMESA-N"
"LCK","BEHOVGWUVGMGHL-UHFFFAOYSA-N"
"MET","ZDIMHLFBIDPUDL-UHFFFAOYSA-N"
"KIT","CUPLTRAPYIXFAX-UHFFFAOYSA-N"
"PGFRB","CUPLTRAPYIXFAX-UHFFFAOYSA-N"
"VGFR2","CUPLTRAPYIXFAX-UHFFFAOYSA-N"
"VGFR1","CUPLTRAPYIXFAX-UHFFFAOYSA-N"
"AKT1","YGBMCLDVRUGXOV-UHFFFAOYSA-N"
"PGFRB","VFUZEFVLUHADNS-UHFFFAOYSA-N"
"PGFRB","VDSFUPFAWFPWHF-UHFFFAOYSA-N"
"PGFRB","AQYYPSFZMCKSEL-UHFFFAOYSA-N"
"VGFR2","VFUZEFVLUHADNS-UHFFFAOYSA-N"
"VGFR2","VDSFUPFAWFPWHF-UHFFFAOYSA-N"
"VGFR2","AQYYPSFZMCKSEL-UHFFFAOYSA-N"
"VGFR1","VFUZEFVLUHADNS-UHFFFAOYSA-N"
"VGFR1","VDSFUPFAWFPWHF-UHFFFAOYSA-N"
"VGFR1","AQYYPSFZMCKSEL-UHFFFAOYSA-N"
"FGFR1","VFUZEFVLUHADNS-UHFFFAOYSA-N"
"FGFR1","VDSFUPFAWFPWHF-UHFFFAOYSA-N"
"FGFR1","AQYYPSFZMCKSEL-UHFFFAOYSA-N"
"ABL1","VFUZEFVLUHADNS-UHFFFAOYSA-N"
"ABL1","VDSFUPFAWFPWHF-UHFFFAOYSA-N"
"ABL1","AQYYPSFZMCKSEL-UHFFFAOYSA-N"
"PGFRB","HUQYQFBIFGUUQQ-UHFFFAOYSA-N"
"PGFRB","LRYKPJMJKRDDIX-UHFFFAOYSA-N"
"PGFRB","RQIXEOXMOHDTLC-UHFFFAOYSA-N"
"PGFRB","SMWFHLHWOOWYAP-UHFFFAOYSA-N"
"PGFRB","OSHPNNCEUZTANR-UHFFFAOYSA-N"
"VGFR2","HUQYQFBIFGUUQQ-UHFFFAOYSA-N"
"VGFR2","LRYKPJMJKRDDIX-UHFFFAOYSA-N"
"VGFR2","RQIXEOXMOHDTLC-UHFFFAOYSA-N"
"VGFR2","SMWFHLHWOOWYAP-UHFFFAOYSA-N"
"VGFR2","OSHPNNCEUZTANR-UHFFFAOYSA-N"
"VGFR1","HUQYQFBIFGUUQQ-UHFFFAOYSA-N"
"VGFR1","LRYKPJMJKRDDIX-UHFFFAOYSA-N"
"VGFR1","RQIXEOXMOHDTLC-UHFFFAOYSA-N"
"VGFR1","SMWFHLHWOOWYAP-UHFFFAOYSA-N"
"VGFR1","OSHPNNCEUZTANR-UHFFFAOYSA-N"
"FGFR1","HUQYQFBIFGUUQQ-UHFFFAOYSA-N"
"FGFR1","LRYKPJMJKRDDIX-UHFFFAOYSA-N"
"FGFR1","RQIXEOXMOHDTLC-UHFFFAOYSA-N"
"FGFR1","SMWFHLHWOOWYAP-UHFFFAOYSA-N"
"FGFR1","OSHPNNCEUZTANR-UHFFFAOYSA-N"
"ABL1","SMWFHLHWOOWYAP-UHFFFAOYSA-N"
"ABL1","OSHPNNCEUZTANR-UHFFFAOYSA-N"
"CDK4","GNHNRVSQWNAGHC-UHFFFAOYSA-N"
"CDK2","GNHNRVSQWNAGHC-UHFFFAOYSA-N"
"CDK1","GNHNRVSQWNAGHC-UHFFFAOYSA-N"
"CDK5","GNHNRVSQWNAGHC-UHFFFAOYSA-N"
"CDK7","GNHNRVSQWNAGHC-UHFFFAOYSA-N"
"CDK9","GNHNRVSQWNAGHC-UHFFFAOYSA-N"
"CDK4","DLIDUXYWQPLFEM-UHFFFAOYSA-N"
"CDK6","DLIDUXYWQPLFEM-UHFFFAOYSA-N"
"CDK1","DLIDUXYWQPLFEM-UHFFFAOYSA-N"
"CDK7","DLIDUXYWQPLFEM-UHFFFAOYSA-N"
"FLT3","QDWSVWMOWVHELW-UHFFFAOYSA-N"
"FLT3","WHWRHSZXRYNDDO-UHFFFAOYSA-N"
"MP2K1","QDWSVWMOWVHELW-UHFFFAOYSA-N"
"MP2K1","WHWRHSZXRYNDDO-UHFFFAOYSA-N"
"CHK2","QDWSVWMOWVHELW-UHFFFAOYSA-N"
"CHK2","WHWRHSZXRYNDDO-UHFFFAOYSA-N"
"UFO","QDWSVWMOWVHELW-UHFFFAOYSA-N"
"UFO","WHWRHSZXRYNDDO-UHFFFAOYSA-N"
"AURKA","QDWSVWMOWVHELW-UHFFFAOYSA-N"
"AURKA","WHWRHSZXRYNDDO-UHFFFAOYSA-N"
"LCK","TYCSETQHBQUZAZ-UHFFFAOYSA-N"
"HCK","TYCSETQHBQUZAZ-UHFFFAOYSA-N"
"SRC","TYCSETQHBQUZAZ-UHFFFAOYSA-N"
"KIT","HIFPXVLZYKQXID-UHFFFAOYSA-N"
"KIT","YBPBYWHVRLZISQ-UHFFFAOYSA-N"
"VGFR2","HIFPXVLZYKQXID-UHFFFAOYSA-N"
"VGFR2","YBPBYWHVRLZISQ-UHFFFAOYSA-N"
"VGFR1","HIFPXVLZYKQXID-UHFFFAOYSA-N"
"VGFR1","YBPBYWHVRLZISQ-UHFFFAOYSA-N"
"KIT","QWGVEQIQNCTOIQ-UHFFFAOYSA-N"
"KIT","MSHIDVJWNMVTDI-UHFFFAOYSA-N"
"KIT","UKSRSPVTFVLKRY-UHFFFAOYSA-N"
"KIT","NEJMZWVLFRWQSG-UHFFFAOYSA-N"
"VGFR2","QWGVEQIQNCTOIQ-UHFFFAOYSA-N"
"VGFR2","MSHIDVJWNMVTDI-UHFFFAOYSA-N"
"VGFR2","UKSRSPVTFVLKRY-UHFFFAOYSA-N"
"VGFR2","NEJMZWVLFRWQSG-UHFFFAOYSA-N"
"VGFR1","QWGVEQIQNCTOIQ-UHFFFAOYSA-N"
"VGFR1","MSHIDVJWNMVTDI-UHFFFAOYSA-N"
"VGFR1","UKSRSPVTFVLKRY-UHFFFAOYSA-N"
"VGFR1","NEJMZWVLFRWQSG-UHFFFAOYSA-N"
"TIE2","UKSRSPVTFVLKRY-UHFFFAOYSA-N"
"KIT","HHOVRZGUSBMKKU-ZDUSSCGKSA-N"
"KPCA","HHOVRZGUSBMKKU-ZDUSSCGKSA-N"
"MK03","HHOVRZGUSBMKKU-ZDUSSCGKSA-N"
"AKT2","HHOVRZGUSBMKKU-ZDUSSCGKSA-N"
"AKT1","HHOVRZGUSBMKKU-ZDUSSCGKSA-N"
"AKT3","HHOVRZGUSBMKKU-ZDUSSCGKSA-N"
"KIT","AQFXVMZZFFFSCG-UHFFFAOYSA-N"
"KIT","OLLCPXMBOYVHAF-UHFFFAOYSA-N"
"KIT","UVNBMNWTGOQKQF-UHFFFAOYSA-N"
"CSF1R","UVNBMNWTGOQKQF-UHFFFAOYSA-N"
"VGFR3","AQFXVMZZFFFSCG-UHFFFAOYSA-N"
"VGFR3","UVNBMNWTGOQKQF-UHFFFAOYSA-N"
"VGFR2","AQFXVMZZFFFSCG-UHFFFAOYSA-N"
"VGFR2","OLLCPXMBOYVHAF-UHFFFAOYSA-N"
"VGFR2","UVNBMNWTGOQKQF-UHFFFAOYSA-N"
"VGFR1","AQFXVMZZFFFSCG-UHFFFAOYSA-N"
"VGFR1","OLLCPXMBOYVHAF-UHFFFAOYSA-N"
"LCK","GZZUDLULILLTCZ-UHFFFAOYSA-N"
"HCK","GZZUDLULILLTCZ-UHFFFAOYSA-N"
"SRC","GZZUDLULILLTCZ-UHFFFAOYSA-N"
"KIT","SFCSGFUQASTWES-UHFFFAOYSA-N"
"VGFR2","SFCSGFUQASTWES-UHFFFAOYSA-N"
"VGFR1","SFCSGFUQASTWES-UHFFFAOYSA-N"
"WEE1","AYQQJJCXYWRTDC-UHFFFAOYSA-N"
"KIT","CBCKPZZVJQHROG-UHFFFAOYSA-N"
"KIT","QKPLUKMJEKRAJD-UHFFFAOYSA-N"
"KIT","FKFACVZGGDYEHZ-UHFFFAOYSA-N"
"VGFR3","CBCKPZZVJQHROG-UHFFFAOYSA-N"
"VGFR3","QKPLUKMJEKRAJD-UHFFFAOYSA-N"
"VGFR3","FKFACVZGGDYEHZ-UHFFFAOYSA-N"
"VGFR1","CBCKPZZVJQHROG-UHFFFAOYSA-N"
"VGFR1","QKPLUKMJEKRAJD-UHFFFAOYSA-N"
"VGFR1","FKFACVZGGDYEHZ-UHFFFAOYSA-N"
"TIE2","CBCKPZZVJQHROG-UHFFFAOYSA-N"
"TIE2","QKPLUKMJEKRAJD-UHFFFAOYSA-N"
"TIE2","FKFACVZGGDYEHZ-UHFFFAOYSA-N"
"LCK","PAMDZUAYRSYBHT-UHFFFAOYSA-N"
"HCK","PAMDZUAYRSYBHT-UHFFFAOYSA-N"
"SRC","PAMDZUAYRSYBHT-UHFFFAOYSA-N"
"WEE1","SVWXCDGHUFRGHG-UHFFFAOYSA-N"
"CHK1","SVWXCDGHUFRGHG-UHFFFAOYSA-N"
"CHK1","BOURELVCLKFSSO-UHFFFAOYSA-N"
"LCK","QQVSOFKHHODIKB-UHFFFAOYSA-N"
"LCK","NBTNHSGBRGTFJS-UHFFFAOYSA-N"
"LCK","KPQJQFYLUIIHKC-UHFFFAOYSA-N"
"LCK","KRTUJRKFKLHMBT-UHFFFAOYSA-N"
"LCK","JHOJBACWBQNOPM-UHFFFAOYSA-N"
"LCK","HKVXJSFCIOPEBO-UHFFFAOYSA-N"
"SRC","QQVSOFKHHODIKB-UHFFFAOYSA-N"
"SRC","NBTNHSGBRGTFJS-UHFFFAOYSA-N"
"SRC","KPQJQFYLUIIHKC-UHFFFAOYSA-N"
"SRC","KRTUJRKFKLHMBT-UHFFFAOYSA-N"
"SRC","JHOJBACWBQNOPM-UHFFFAOYSA-N"
"SRC","HKVXJSFCIOPEBO-UHFFFAOYSA-N"
"VGFR2","QQVSOFKHHODIKB-UHFFFAOYSA-N"
"VGFR2","NBTNHSGBRGTFJS-UHFFFAOYSA-N"
"VGFR2","KPQJQFYLUIIHKC-UHFFFAOYSA-N"
"VGFR2","KRTUJRKFKLHMBT-UHFFFAOYSA-N"
"VGFR2","JHOJBACWBQNOPM-UHFFFAOYSA-N"
"VGFR2","HKVXJSFCIOPEBO-UHFFFAOYSA-N"
"MK14","QQVSOFKHHODIKB-UHFFFAOYSA-N"
"MK14","KPQJQFYLUIIHKC-UHFFFAOYSA-N"
"MK14","KRTUJRKFKLHMBT-UHFFFAOYSA-N"
"MK14","JHOJBACWBQNOPM-UHFFFAOYSA-N"
"MK14","HKVXJSFCIOPEBO-UHFFFAOYSA-N"
"LCK","INKLMMQBCKFZMP-UHFFFAOYSA-N"
"SRC","INKLMMQBCKFZMP-UHFFFAOYSA-N"
"VGFR2","INKLMMQBCKFZMP-UHFFFAOYSA-N"
"MK14","INKLMMQBCKFZMP-UHFFFAOYSA-N"
"LCK","IEIWHASYQUBSLR-UHFFFAOYSA-N"
"VGFR2","IEIWHASYQUBSLR-UHFFFAOYSA-N"
"MK14","IEIWHASYQUBSLR-UHFFFAOYSA-N"
"LCK","IZZSAERQBCCMSM-UHFFFAOYSA-N"
"VGFR2","IZZSAERQBCCMSM-UHFFFAOYSA-N"
"MK14","IZZSAERQBCCMSM-UHFFFAOYSA-N"
"JAK3","IZZSAERQBCCMSM-UHFFFAOYSA-N"
"LCK","XDGHTBHPIPZHLJ-UHFFFAOYSA-N"
"MK14","XDGHTBHPIPZHLJ-UHFFFAOYSA-N"
"LCK","WKGOYAITUGNCTH-UHFFFAOYSA-N"
"VGFR2","WKGOYAITUGNCTH-UHFFFAOYSA-N"
"MK14","WKGOYAITUGNCTH-UHFFFAOYSA-N"
"LCK","GSUDSWBWGLGBGN-UHFFFAOYSA-N"
"VGFR2","GSUDSWBWGLGBGN-UHFFFAOYSA-N"
"MK14","GSUDSWBWGLGBGN-UHFFFAOYSA-N"
"LCK","JRNCQPTXPIPDSZ-UHFFFAOYSA-N"
"VGFR2","JRNCQPTXPIPDSZ-UHFFFAOYSA-N"
"MK14","JRNCQPTXPIPDSZ-UHFFFAOYSA-N"
"JAK3","JRNCQPTXPIPDSZ-UHFFFAOYSA-N"
"EGFR","DFJSJLGUIXFDJP-UHFFFAOYSA-N"
"ERBB2","DFJSJLGUIXFDJP-UHFFFAOYSA-N"
"ERBB3","DFJSJLGUIXFDJP-UHFFFAOYSA-N"
"AURKA","ZORWXMUNOJMUBY-UHFFFAOYSA-N"
"AURKB","ZORWXMUNOJMUBY-UHFFFAOYSA-N"
"CDK4","PAXKGQZKOJPPEG-OLZOCXBDSA-N"
"CDK4","XKBVYQGZLBOXHF-LBPRGKRZSA-N"
"CDK6","PAXKGQZKOJPPEG-OLZOCXBDSA-N"
"CDK2","PAXKGQZKOJPPEG-OLZOCXBDSA-N"
"CDK1","PAXKGQZKOJPPEG-OLZOCXBDSA-N"
"GSK3B","PAXKGQZKOJPPEG-OLZOCXBDSA-N"
"CDK2","WRHRVUMPLKRBNL-UHFFFAOYSA-N"
"CDK1","WRHRVUMPLKRBNL-UHFFFAOYSA-N"
"DYR1A","JQSJAVBMIMDUFO-UHFFFAOYSA-N"
"CLK1","JQSJAVBMIMDUFO-UHFFFAOYSA-N"
"CLK4","JQSJAVBMIMDUFO-UHFFFAOYSA-N"
"CLK2","JQSJAVBMIMDUFO-UHFFFAOYSA-N"
"SRC","IISZZGZXIRZBNF-UHFFFAOYSA-N"
"FLT3","QYZOGCMHVIGURT-UHFFFAOYSA-N"
"LCK","QYZOGCMHVIGURT-UHFFFAOYSA-N"
"AURKB","QYZOGCMHVIGURT-UHFFFAOYSA-N"
"AURKC","QYZOGCMHVIGURT-UHFFFAOYSA-N"
"VGFR2","RWSJUXSATAVQQG-WCMJOSRZSA-N"
"TIE2","RWSJUXSATAVQQG-WCMJOSRZSA-N"
"SRC","ANUHLKPVOXDYSK-UHFFFAOYSA-N"
"EGFR","ANUHLKPVOXDYSK-UHFFFAOYSA-N"
"ABL1","ANUHLKPVOXDYSK-UHFFFAOYSA-N"
"KS6A1","RHTXWIKPNGROHZ-UHFFFAOYSA-N"
"KS6B1","RHTXWIKPNGROHZ-UHFFFAOYSA-N"
"ROCK1","RHTXWIKPNGROHZ-UHFFFAOYSA-N"
"KS6A1","OYNBTBJATZVIGH-UHFFFAOYSA-N"
"KS6B1","OYNBTBJATZVIGH-UHFFFAOYSA-N"
"ROCK1","OYNBTBJATZVIGH-UHFFFAOYSA-N"
"YES","ZVIWALRWYYSHSU-UHFFFAOYSA-N"
"VGFR2","ZVIWALRWYYSHSU-UHFFFAOYSA-N"
"TIE2","ZVIWALRWYYSHSU-UHFFFAOYSA-N"
"M3K11","WENCWJUIDFEPSK-UHFFFAOYSA-N"
"NTRK1","WENCWJUIDFEPSK-UHFFFAOYSA-N"
"ERBB2","KMMSPMPORWBMTE-QBDLAISOSA-N"
"ERBB2","GGYBWFRTPPVUAZ-HOTGVXAUSA-N"
"ERBB2","NJCBPLQYZDLBCA-IRXDYDNUSA-N"
"LCK","FCPPQNZGDIZFLT-UHFFFAOYSA-N"
"LCK","YEVPZIUDTUZJGY-UHFFFAOYSA-N"
"LCK","CPTZKLNMWGFJMW-UHFFFAOYSA-N"
"VGFR2","FCPPQNZGDIZFLT-UHFFFAOYSA-N"
"VGFR2","YEVPZIUDTUZJGY-UHFFFAOYSA-N"
"VGFR2","CPTZKLNMWGFJMW-UHFFFAOYSA-N"
"TIE2","FCPPQNZGDIZFLT-UHFFFAOYSA-N"
"TIE2","YEVPZIUDTUZJGY-UHFFFAOYSA-N"
"TIE2","CPTZKLNMWGFJMW-UHFFFAOYSA-N"
"VGFR2","AQJFXYZAOCPIBG-UHFFFAOYSA-N"
"TIE2","AQJFXYZAOCPIBG-UHFFFAOYSA-N"
"LCK","AIMHAFQTBGSBMF-UHFFFAOYSA-N"
"VGFR2","AIMHAFQTBGSBMF-UHFFFAOYSA-N"
"TIE2","AIMHAFQTBGSBMF-UHFFFAOYSA-N"
"M3K10","NHDDTLMPCVOXFH-UHFFFAOYSA-N"
"M3K11","NHDDTLMPCVOXFH-UHFFFAOYSA-N"
"DAPK3","NHDDTLMPCVOXFH-UHFFFAOYSA-N"
"M3K11","BFKOYMDZLSTZJN-UHFFFAOYSA-N"
"M3K9","BFKOYMDZLSTZJN-UHFFFAOYSA-N"
"LCK","AVHVXKAONMHRSS-UHFFFAOYSA-N"
"TIE2","AVHVXKAONMHRSS-UHFFFAOYSA-N"
"HCK","OAILDJYOGMMAOQ-UHFFFAOYSA-N"
"SRC","OAILDJYOGMMAOQ-UHFFFAOYSA-N"
"CHK1","QJRKDESSUVYBDT-UHFFFAOYSA-N"
"CDK7","QJRKDESSUVYBDT-UHFFFAOYSA-N"
"CHK1","WQNGLHBPLCVZOW-UHFFFAOYSA-N"
"CHK1","YGHPDKYRIZDBRZ-UHFFFAOYSA-N"
"CDK7","YGHPDKYRIZDBRZ-UHFFFAOYSA-N"
"CHK1","AIDWTYRIDDCANO-UHFFFAOYSA-N"
"CDK7","AIDWTYRIDDCANO-UHFFFAOYSA-N"
"CHK1","CDMSQHCJYCHHAF-UHFFFAOYSA-N"
"CDK7","CDMSQHCJYCHHAF-UHFFFAOYSA-N"
"CHK1","FNWHPLLNMLOZTL-UHFFFAOYSA-N"
"CDK7","FNWHPLLNMLOZTL-UHFFFAOYSA-N"
"MP2K2","CRXOAPVFOGTLOS-SANMLTNESA-N"
"PLK1","VVQWZQWJWMTPJY-QZTJIDSGSA-N"
"PLK3","VVQWZQWJWMTPJY-QZTJIDSGSA-N"
"KPCA","YZQGDEKAVHJHKM-UHFFFAOYSA-N"
"MK10","PDJZASCRQRBYQS-UHFFFAOYSA-N"
"MK01","PDJZASCRQRBYQS-UHFFFAOYSA-N"
"MK14","NPBKOLXERPKHMY-UHFFFAOYSA-N"
"DYRK2","WNKQZLFWZLQFOH-UHFFFAOYSA-N"
"DYR1B","WNKQZLFWZLQFOH-UHFFFAOYSA-N"
"DYR1A","WNKQZLFWZLQFOH-UHFFFAOYSA-N"
"VGFR2","MIHZNEWRGNWDAZ-UHFFFAOYSA-N"
"LCK","LOSGPNWYZDEGGT-UHFFFAOYSA-N"
"SRC","LOSGPNWYZDEGGT-UHFFFAOYSA-N"
"TYRO3","CXDXWPGEWIRDBS-UAPYVXQJSA-N"
"TYRO3","CQFHCAGCNILQLR-QAQDUYKDSA-N"
"TYRO3","DERKWJPZXYTPTQ-IYARVYRRSA-N"
"MERTK","CXDXWPGEWIRDBS-UAPYVXQJSA-N"
"MERTK","CQFHCAGCNILQLR-QAQDUYKDSA-N"
"MERTK","DERKWJPZXYTPTQ-IYARVYRRSA-N"
"UFO","CXDXWPGEWIRDBS-UAPYVXQJSA-N"
"UFO","CQFHCAGCNILQLR-QAQDUYKDSA-N"
"UFO","DERKWJPZXYTPTQ-IYARVYRRSA-N"
"MAPK2","NNQMSHWOTYMSDC-UHFFFAOYSA-N"
"MAPK3","NNQMSHWOTYMSDC-UHFFFAOYSA-N"
"MAPK5","NNQMSHWOTYMSDC-UHFFFAOYSA-N"
"CDK1","DKXHSOUZPMHNIZ-UHFFFAOYSA-N"
"MAPK2","DKXHSOUZPMHNIZ-UHFFFAOYSA-N"
"MAPK5","DKXHSOUZPMHNIZ-UHFFFAOYSA-N"
"CDC7","DKXHSOUZPMHNIZ-UHFFFAOYSA-N"
"MAPK2","KFKHBBOHNLPMPG-UHFFFAOYSA-N"
"MAPK2","OWFLADWRSCINST-UHFFFAOYSA-N"
"MAPK3","OWFLADWRSCINST-UHFFFAOYSA-N"
"MAPK5","OWFLADWRSCINST-UHFFFAOYSA-N"
"PIM3","OQULQTMKDZGXOL-UHFFFAOYSA-N"
"PIM1","OQULQTMKDZGXOL-UHFFFAOYSA-N"
"PIM2","OQULQTMKDZGXOL-UHFFFAOYSA-N"
"PIM3","FHAPDLVADXCIGY-CQSZACIVSA-N"
"PIM1","FHAPDLVADXCIGY-CQSZACIVSA-N"
"PIM2","FHAPDLVADXCIGY-CQSZACIVSA-N"
"TGFR1","WGZOTBUYUFBEPZ-UHFFFAOYSA-N"
"ACV1B","WGZOTBUYUFBEPZ-UHFFFAOYSA-N"
"MK14","WGZOTBUYUFBEPZ-UHFFFAOYSA-N"
"RIPK2","WGZOTBUYUFBEPZ-UHFFFAOYSA-N"
"TGFR1","RYKSGWSKILPDDY-UHFFFAOYSA-N"
"ACV1B","RYKSGWSKILPDDY-UHFFFAOYSA-N"
"MK14","RYKSGWSKILPDDY-UHFFFAOYSA-N"
"RIPK2","RYKSGWSKILPDDY-UHFFFAOYSA-N"
"IGF1R","XMRDJZYWIDOPTO-UHFFFAOYSA-N"
"BRAF","LCLZFKKNWQGXDP-UHFFFAOYSA-N"
"CSF1R","NKEUPUJTVALZIK-UHFFFAOYSA-N"
"PGFRA","NKEUPUJTVALZIK-UHFFFAOYSA-N"
"ERBB2","KKWBRQPIXLDPAR-UHFFFAOYSA-N"
"ERBB2","SCPDXSGJBNCTBA-UHFFFAOYSA-N"
"CDC7","KOEWWBBSRQMABA-UHFFFAOYSA-N"
"CLK1","KOEWWBBSRQMABA-UHFFFAOYSA-N"
"CDK2","SQUNOCMDMIQIQK-OAHLLOKOSA-N"
"CDK5","SQUNOCMDMIQIQK-OAHLLOKOSA-N"
"CDK7","SQUNOCMDMIQIQK-OAHLLOKOSA-N"
"CDK9","SQUNOCMDMIQIQK-OAHLLOKOSA-N"
"AKT2","LBQOBBCURKRQJV-JLPGSUDCSA-N"
"CDK2","WIXXOCCJPBPLGM-YVEFUNNKSA-N"
"MK01","WIXXOCCJPBPLGM-YVEFUNNKSA-N"
"IGF1R","OQZLCEIUKFMPCK-UHFFFAOYSA-N"
"CHK1","OOCDOHDNMUQTAH-UHFFFAOYSA-N"
"AKT1","OOCDOHDNMUQTAH-UHFFFAOYSA-N"
"BRAF","XTXLNRXRPGKTRM-UHFFFAOYSA-N"
"KIT","SILANKVZJSUJHJ-UHFFFAOYSA-N"
"KIT","WSBZFFNSBMBYQA-UHFFFAOYSA-N"
"PGFRB","SILANKVZJSUJHJ-UHFFFAOYSA-N"
"PGFRB","WSBZFFNSBMBYQA-UHFFFAOYSA-N"
"LCK","SILANKVZJSUJHJ-UHFFFAOYSA-N"
"LCK","WSBZFFNSBMBYQA-UHFFFAOYSA-N"
"SRC","WSBZFFNSBMBYQA-UHFFFAOYSA-N"
"BRAF","SILANKVZJSUJHJ-UHFFFAOYSA-N"
"BRAF","WSBZFFNSBMBYQA-UHFFFAOYSA-N"
"FYN","SILANKVZJSUJHJ-UHFFFAOYSA-N"
"FYN","WSBZFFNSBMBYQA-UHFFFAOYSA-N"
"KIT","KMNCFOUKJYOZIF-KRWDZBQOSA-N"
"CSF1R","KMNCFOUKJYOZIF-KRWDZBQOSA-N"
"SRC","KMNCFOUKJYOZIF-KRWDZBQOSA-N"
"VGFR2","KMNCFOUKJYOZIF-KRWDZBQOSA-N"
"CHK1","PWYOAERBCUWSMR-UHFFFAOYSA-N"
"JAK3","AXLOGRDFIXPWFY-UHFFFAOYSA-N"
"VGFR2","DPZDYVYBTGSQLM-UHFFFAOYSA-N"
"CDK1","DPZDYVYBTGSQLM-UHFFFAOYSA-N"
"KPCD","XOLMRFUGOINFDQ-YBEGLDIGSA-N"
"CDK2","XOLMRFUGOINFDQ-YBEGLDIGSA-N"
"KPCD","FITGAYHGSUWBQP-VBNMPBEYSA-N"
"MK01","FITGAYHGSUWBQP-VBNMPBEYSA-N"
"VGFR3","GZOYOEIHAGHGFM-UHFFFAOYSA-N"
"VGFR2","GZOYOEIHAGHGFM-UHFFFAOYSA-N"
"VGFR1","GZOYOEIHAGHGFM-UHFFFAOYSA-N"
"MK10","GZOYOEIHAGHGFM-UHFFFAOYSA-N"
"MK09","GZOYOEIHAGHGFM-UHFFFAOYSA-N"
"IKKE","LTKDDAVQVRFMKQ-UHFFFAOYSA-N"
"TBK1","LTKDDAVQVRFMKQ-UHFFFAOYSA-N"
"AURKA","CPMOSBBQHLDNNM-UHFFFAOYSA-N"
"BRAF","SZEZEZHDZJZXEC-UHFFFAOYSA-N"
"CHK1","FDOURPSVRVOTSM-UHFFFAOYSA-N"
"CLK1","FDOURPSVRVOTSM-UHFFFAOYSA-N"
"PGH2","VFGSNLRSCYUGNT-CYBMUJFWSA-N"
"PGH1","VFGSNLRSCYUGNT-CYBMUJFWSA-N"
"PH4H","UUJCZDAMSPXYEU-UHFFFAOYSA-N"
"ALDH2","TWINXQOIPPMCNN-NSKSLCFTSA-N"
"DYR","ONOFLDOKBQQVPB-UHFFFAOYSA-N"
"AOFB","LNVIBVCDBGTKOO-UHFFFAOYSA-N"
"S5A2","AQVOTCCORNBNKJ-BKTYCQFOSA-N"
"AOFB","DXJFDXSNQHSZNE-IBGZPJMESA-N"
"DYR","PUOLMVSSUQSKAQ-UHFFFAOYSA-N"
"PGH2","LMCHOJPQAZKODZ-UHFFFAOYSA-N"
"LOX5","LMCHOJPQAZKODZ-UHFFFAOYSA-N"
"AOFB","TZNGVVBPDDSCPM-UHFFFAOYSA-N"
"AOFA","PWCUXLCHLIAMBR-UHFFFAOYSA-N"
"AOFB","PWCUXLCHLIAMBR-UHFFFAOYSA-N"
"AOFB","LGGKWBLAJGNGQP-UHFFFAOYSA-N"
"MTDC","JSNFRYBHBVDHSG-UHFFFAOYSA-N"
"AOFB","PTIAQKMBSAVDRM-UHFFFAOYSA-N"
"AOFA","BIIFEDMBGOQTDO-USCPGHQQSA-N"
"PGH2","HOQRPUGACQIBBI-UHFFFAOYSA-N"
"PGH1","HOQRPUGACQIBBI-UHFFFAOYSA-N"
"AOFA","JIWJNEVCSMZRGO-ZROIWOOFSA-N"
"AOFB","JIWJNEVCSMZRGO-ZROIWOOFSA-N"
"IMDH2","HEAVMQXEGULBJC-IIFVUBOQSA-N"
"IMDH1","HEAVMQXEGULBJC-IIFVUBOQSA-N"
"AOFA","JKSMWPCPBMIBFS-UHFFFAOYSA-N"
"AOFB","JKSMWPCPBMIBFS-UHFFFAOYSA-N"
"S5A2","RUCGACIRHPJZEV-KCQAWASRSA-N"
"HMDH","KPTUWLOLIYSNTA-MUCZFFFMSA-M"
"AOFA","VYVWOUFCKCMSIG-ZPMIJRNTSA-N"
"LOX5","IDDJPXYCZPKFEP-UHFFFAOYSA-N"
"AOFA","QVOYZXHTFPOKJV-UHFFFAOYSA-N"
"AOFB","QVOYZXHTFPOKJV-UHFFFAOYSA-N"
"AOFB","DCQYQJQFGBXYDD-FMIVXFBMSA-N"
"TRXR1","OZRKFNKYXQVVSD-UHFFFAOYSA-N"
"DYR","OCUSHEZHCMEOMB-UHFFFAOYSA-N"
"EGLN1","HSLVPTDERCUBDU-UHFFFAOYSA-N"
"DYR","WBXPDJSOTKVWSJ-ZDUSSCGKSA-N"
"HMDH","IKPHYCNGCCFKRG-DHIUTWEWSA-N"
"AOFA","VFYUYYULAFJWBR-XFFZJAGNSA-N"
"IMDH2","MHSRNZSBNXFMLF-FPYGCLRLSA-N"
"IMDH1","MHSRNZSBNXFMLF-FPYGCLRLSA-N"
"HMDH","YNBGBSUCOIHSSU-DZVBGLRJSA-N"
"ALDH2","NPDJRIGMWAQKTQ-UHFFFAOYSA-N"
"DYR","KXPADQKFKCAVSF-UHFFFAOYSA-N"
"AOFA","WNTQDUCVTGWJKH-GOSISDBHSA-N"
"AOFB","WNTQDUCVTGWJKH-GOSISDBHSA-N"
"LOX5","YKSKLZDPBLSMIO-UHFFFAOYSA-N"
"HPPD","VAGWCJOJLMALTN-UHFFFAOYSA-N"
"AOFB","QXXGDBDNPIPTRF-UHFFFAOYSA-N"
"LOX5","VMGZBBCKRLGYRZ-UHFFFAOYSA-N"
"XDH","MSQIUIZJKFRWIP-UHFFFAOYSA-N"
"XDH","GWXXYBIRNASSTK-UHFFFAOYSA-N"
"PGH2","XRHLSOYDPVRXAE-UHFFFAOYSA-N"
"HMDH","GEYMFTUKZLBUPW-YFRHZCBQSA-N"
"HMDH","UZLJJCAWULBGEN-BXMDZJJMSA-N"
"HMDH","IHOZEAFFIQFSRI-HGQWONQESA-N"
"PYRD","FSPTVAAJIWGNKG-UHFFFAOYSA-N"
"LOX5","BBIMKXPVTBCZCX-UHFFFAOYSA-N"
"LOX5","SQBLABNTHYWMFI-PXLXIMEGSA-N"
"EGLN1","CYJHUVHEMIOHMC-UHFFFAOYSA-N"
"S5A2","GVRAYSMKJYQJNC-UHFFFAOYSA-N"
"S5A1","GVRAYSMKJYQJNC-UHFFFAOYSA-N"
"PGH2","IKICLORDJDWQQL-UHFFFAOYSA-N"
"PGH1","IKICLORDJDWQQL-UHFFFAOYSA-N"
"DYR","QGLSNIDQEFSQHF-UHFFFAOYSA-N"
"S5A2","LXLNUFVWCZUJOZ-UHFFFAOYSA-N"
"S5A2","MTOISCVLJDZFOJ-UHFFFAOYSA-N"
"S5A2","TUMUOMINWLBKJC-UHFFFAOYSA-N"
"S5A1","TUMUOMINWLBKJC-UHFFFAOYSA-N"
"HMDH","HUUOZIVMZLNIKG-MUCZFFFMSA-M"
"S5A2","FCFPLTRQOYJAKG-RGQDEETRSA-N"
"AOFB","XOSFOGCCJRNZJO-UHFFFAOYSA-N"
"LOX5","FDMWQCMAAAAAIA-SZXQPVLSSA-N"
"XDH","RBHHBLIUKYMCQR-UHFFFAOYSA-N"
"PGH2","QDPLDWHKADLDOC-UTLPMFLDSA-N"
"PGH1","QDPLDWHKADLDOC-UTLPMFLDSA-N"
"LOX5","QDPLDWHKADLDOC-UTLPMFLDSA-N"
"PGH2","LXIKEPCNDFVJKC-QXMHVHEDSA-N"
"DYR","WUBUIKIFZDDYMQ-UHFFFAOYSA-N"
"AOFA","XKTIMFPAATVVSC-UHFFFAOYSA-N"
"LOX5","ZROVOGSXAWNIQB-UHFFFAOYSA-N"
"LOX5","LDPRUJUFFYEDJC-UHFFFAOYSA-N"
"LOX5","MDYFKHRXLNMCBC-UHFFFAOYSA-N"
"PYRD","JULQTXJCIXPDKN-UHFFFAOYSA-N"
"PGH1","SXNVEZCCWFOWDA-UHFFFAOYSA-N"
"DYR","YHNPYJODGMGFSJ-UHFFFAOYSA-N"
"LOX5","OGKPZQUWFNSSNB-UHFFFAOYSA-N"
"S5A2","DBEPLOCGEIEOCV-WSBQPABSSA-N"
"S5A1","DBEPLOCGEIEOCV-WSBQPABSSA-N"
"PYRD","KUCQYCKVKVOKAY-CTYIDZIISA-N"
"LOX5","GYBNMVPCQRNIRW-UHFFFAOYSA-N"
"AOFA","VWQLWWBXGIQDME-UHFFFAOYSA-N"
"AOFB","VWQLWWBXGIQDME-UHFFFAOYSA-N"
"PTN6","IBIICFQQAQDOQU-SQEASMPCSA-N"
"PTN1","OBQZFTRIINNEEB-IFHYFVHASA-N"
"PTN1","PGQYDENFZPYITQ-RDDJMYFXSA-N"
"PTN1","KJDXPQJXTAUKNR-MBXCYCCJSA-N"
"MPIP1","MAASHDQFQDDECQ-UHFFFAOYSA-N"
"MPIP2","MAASHDQFQDDECQ-UHFFFAOYSA-N"
"MPIP3","MAASHDQFQDDECQ-UHFFFAOYSA-N"
"PTN2","ZXJIAFBTLXRCMU-HXGGSSIYSA-N"
"MPIP1","MWCJYWGELHFGRI-QMVNZYARSA-N"
"MPIP1","IPBLGDJWQYKQGZ-WDNHSUACSA-N"
"PP2BA","RCKLAOJYIUCSKW-DMSAQNSPSA-N"
"PTN1","BKPFVUCQPXAMRL-HSZRJFAPSA-N"
"PTN2","BKPFVUCQPXAMRL-HSZRJFAPSA-N"
"PTPRF","BKPFVUCQPXAMRL-HSZRJFAPSA-N"
"TP4A3","HXNBAOLVPAWYLT-NVNXTCNLSA-N"
"PTN1","ABDQNRCWGSGNBQ-UHFFFAOYSA-N"
"PTN11","WVNQJOXFTBTXOE-UHFFFAOYSA-N"
"PTN22","WVNQJOXFTBTXOE-UHFFFAOYSA-N"
"PTN6","WVNQJOXFTBTXOE-UHFFFAOYSA-N"
"DUS3","WVNQJOXFTBTXOE-UHFFFAOYSA-N"
"PTN22","YEQMIPZSWSONIT-UHFFFAOYSA-N"
"PTN11","GNFIPHCOJWSBRQ-UHFFFAOYSA-N"
"MPIP1","BMKPVDQDJQWBPD-UHFFFAOYSA-N"
"MPIP2","BMKPVDQDJQWBPD-UHFFFAOYSA-N"
"MPIP3","BMKPVDQDJQWBPD-UHFFFAOYSA-N"
"PTPRS","RYLFKTAIEBOOGF-UHFFFAOYSA-N"
"TP4A3","FBVOPOZVLBHOHR-UHFFFAOYSA-N"
"PTPRA","MATPDXBXMLXXPY-UHFFFAOYSA-N"
"MPIP3","WKTCNLIXKZVKGR-LDADJPATSA-N"
"PTN1","KZQWOEXRMPURDP-UHFFFAOYSA-N"
"MPIP2","KZQWOEXRMPURDP-UHFFFAOYSA-N"
"PTPRF","KZQWOEXRMPURDP-UHFFFAOYSA-N"
"PTPRB","YWBXXPLHWVXWQF-UHFFFAOYSA-N"
"PTN1","CWDWNOPXQHKDTA-UHFFFAOYSA-N"
"PTN2","CWDWNOPXQHKDTA-UHFFFAOYSA-N"
"PK3CB","FEBJYEFFVIDUNF-UHFFFAOYSA-N"
"PK3CB","LHNIIDJUOCFXAP-UHFFFAOYSA-N"
"TYSY","AXKCLMARXPEYOI-UHFFFAOYSA-N"
"PK3CB","HGVNLRPZOWWDKD-UHFFFAOYSA-N"
"GABT","DRGWMKCELLGMNY-UHFFFAOYSA-N"
"PK3CB","HJSSPYJVWLTYHG-UHFFFAOYSA-N"
"PK3CB","ITOYZJGFTNTKKR-UHFFFAOYSA-N"
"FAS","BXMYJTIFARIDOU-UHFFFAOYSA-N"
"PK3CB","FHOXICOTPQTJOQ-UHFFFAOYSA-N"
"PK3CB","JOGKUKXHTYWRGZ-UHFFFAOYSA-N"
"CEGT","RWTBFMYLCXHAKG-NRFANRHFSA-N"
"TYSY","WBXPDJSOTKVWSJ-ZDUSSCGKSA-N"
"PK3CB","ROWRIIZUTZDVNX-UHFFFAOYSA-N"
"PK3CB","BYTKNUOMWLJVNQ-UHFFFAOYSA-N"
"FAS","RUUONBUDIHHUFB-UHFFFAOYSA-N"
"FAS","ZQALFTKLHBJFCJ-UHFFFAOYSA-N"
"FPPS","VVDXYOLRKZUNHL-UHFFFAOYSA-N"
"TYSY","RURPYDOTPJEGPP-UHFFFAOYSA-N"
"PK3CB","CZQHHVNHHHRRDU-UHFFFAOYSA-N"
"COMT","WPLQBESTXAGXJC-UHFFFAOYSA-N"
"MBOA4","VIVIFJSCGWLIIQ-DZUOILHNSA-N"
"PK3CB","CDDPJDLHZKCERB-UHFFFAOYSA-N"
"PK3CB","GDCXQTWGESMOSP-UHFFFAOYSA-N"
"SIA4A","OFFHHADQGWYMRD-HYFGXOPYSA-N"
"MOGT2","GQLKMXITVGKKIC-UHFFFAOYSA-N"
"BCAT2","YGEXDTAUIAPANK-UHFFFAOYSA-N"
"BCAT2","VPLKMWNWPCTWQD-UHFFFAOYSA-N"
"SIAT1","AWDASZHUUNMKJV-LJYFGRIRSA-K"
"PK3CB","QDLHCMPXEPAAMD-QAIWCSMKSA-N"
"TYSY","QGLSNIDQEFSQHF-UHFFFAOYSA-N"
"COMT","RJVMGRMKRJSOAH-UHFFFAOYSA-N"
"CEGT","IMYBJLKJUZUZCD-WKWYISCVSA-N"
"TYSY","DXZCXZCCPLYVDG-UHFFFAOYSA-N"
"FPPS","AHKZPDVODREWAP-UHFFFAOYSA-N"
"PK3CB","KYBKLZLPMNYWQA-UHFFFAOYSA-N"
"PK3CB","YGBMCLDVRUGXOV-UHFFFAOYSA-N"
"CAH9","ZGRBLUMHUGBAIH-UHFFFAOYSA-N"
"CAH2","ZGRBLUMHUGBAIH-UHFFFAOYSA-N"
"CAH1","ZGRBLUMHUGBAIH-UHFFFAOYSA-N"
"CAH12","ZGRBLUMHUGBAIH-UHFFFAOYSA-N"
"CAH7","VTGCXQMCXKWQQC-UHFFFAOYSA-N"
"CAH2","VTGCXQMCXKWQQC-UHFFFAOYSA-N"
"CAH1","VTGCXQMCXKWQQC-UHFFFAOYSA-N"
"CAH9","GVEYQOCXIYBZSF-UHFFFAOYSA-N"
"CAH9","YTCSFDOWBQOSJI-UHFFFAOYSA-N"
"CAH9","QENORYOIJXQFHB-UHFFFAOYSA-N"
"CAH9","HRZLDPJTPDBJEJ-UHFFFAOYSA-N"
"CAH9","RTYDATAEPUGZKJ-UHFFFAOYSA-N"
"CAH9","FMJACHMXQIMJIO-UHFFFAOYSA-N"
"CAH9","CJYRWDLBYJRULF-UHFFFAOYSA-N"
"CAH9","SAWSHORGPDYRIY-UHFFFAOYSA-N"
"CAH2","YTCSFDOWBQOSJI-UHFFFAOYSA-N"
"CAH2","QENORYOIJXQFHB-UHFFFAOYSA-N"
"CAH2","HRZLDPJTPDBJEJ-UHFFFAOYSA-N"
"CAH2","RTYDATAEPUGZKJ-UHFFFAOYSA-N"
"CAH2","FMJACHMXQIMJIO-UHFFFAOYSA-N"
"CAH2","CJYRWDLBYJRULF-UHFFFAOYSA-N"
"CAH2","SAWSHORGPDYRIY-UHFFFAOYSA-N"
"CAH1","YTCSFDOWBQOSJI-UHFFFAOYSA-N"
"CAH1","QENORYOIJXQFHB-UHFFFAOYSA-N"
"CAH1","HRZLDPJTPDBJEJ-UHFFFAOYSA-N"
"CAH1","RTYDATAEPUGZKJ-UHFFFAOYSA-N"
"CAH1","FMJACHMXQIMJIO-UHFFFAOYSA-N"
"CAH1","CJYRWDLBYJRULF-UHFFFAOYSA-N"
"CAH1","SAWSHORGPDYRIY-UHFFFAOYSA-N"
"CAH12","YTCSFDOWBQOSJI-UHFFFAOYSA-N"
"CAH12","QENORYOIJXQFHB-UHFFFAOYSA-N"
"CAH12","HRZLDPJTPDBJEJ-UHFFFAOYSA-N"
"CAH12","RTYDATAEPUGZKJ-UHFFFAOYSA-N"
"CAH12","FMJACHMXQIMJIO-UHFFFAOYSA-N"
"CAH12","CJYRWDLBYJRULF-UHFFFAOYSA-N"
"CAH12","SAWSHORGPDYRIY-UHFFFAOYSA-N"
"CAH7","HKEAFJYKMMKDOR-VPRICQMDSA-N"
"CAH12","HKEAFJYKMMKDOR-VPRICQMDSA-N"
"CAH7","UJZQBMQZMKFSRV-RGKBJLTCSA-N"
"CAH4","UJZQBMQZMKFSRV-RGKBJLTCSA-N"
"CAH12","UJZQBMQZMKFSRV-RGKBJLTCSA-N"
"CAH9","ZOGLBKREADOEKO-UHFFFAOYSA-N"
"CAH9","TTWXFKVWCUSCNB-UHFFFAOYSA-N"
"CAH9","FRTANVFUKLZIOQ-UHFFFAOYSA-N"
"CAH2","ZOGLBKREADOEKO-UHFFFAOYSA-N"
"CAH2","TTWXFKVWCUSCNB-UHFFFAOYSA-N"
"CAH2","FRTANVFUKLZIOQ-UHFFFAOYSA-N"
"CAH12","ZOGLBKREADOEKO-UHFFFAOYSA-N"
"CAH12","TTWXFKVWCUSCNB-UHFFFAOYSA-N"
"CAH12","FRTANVFUKLZIOQ-UHFFFAOYSA-N"
"CAH9","OSIZDXCSXVKAHJ-NSCUHMNNSA-N"
"CAH9","RKDGAONZEPYEBT-UHFFFAOYSA-N"
"CAH9","FIKYUYWVOVLHRS-UHFFFAOYSA-N"
"CAH2","OSIZDXCSXVKAHJ-NSCUHMNNSA-N"
"CAH2","RKDGAONZEPYEBT-UHFFFAOYSA-N"
"CAH2","FIKYUYWVOVLHRS-UHFFFAOYSA-N"
"CAH12","OSIZDXCSXVKAHJ-NSCUHMNNSA-N"
"CAH12","RKDGAONZEPYEBT-UHFFFAOYSA-N"
"CAH12","FIKYUYWVOVLHRS-UHFFFAOYSA-N"
"CAH2","MUHKPXPWRCQQSR-UHFFFAOYSA-N"
"CAH1","MUHKPXPWRCQQSR-UHFFFAOYSA-N"
"CAH7","DVGGLGXQSFURLP-VWMSDXGPSA-N"
"CAH12","DVGGLGXQSFURLP-VWMSDXGPSA-N"
"CAH6","MFOBRAVAJQWRKN-UHFFFAOYSA-M"
"CAH13","MFOBRAVAJQWRKN-UHFFFAOYSA-M"
"CAH14","MFOBRAVAJQWRKN-UHFFFAOYSA-M"
"CAH9","SGPJHCHZBWEFLE-UHFFFAOYSA-N"
"CAH2","SGPJHCHZBWEFLE-UHFFFAOYSA-N"
"CAH12","SGPJHCHZBWEFLE-UHFFFAOYSA-N"
"CAH9","ZFAQTOYSVLYBOE-UHFFFAOYSA-N"
"CAH9","FLPZRTQZDDNBOJ-UHFFFAOYSA-N"
"CAH2","ZFAQTOYSVLYBOE-UHFFFAOYSA-N"
"CAH2","FLPZRTQZDDNBOJ-UHFFFAOYSA-N"
"CAH1","ZFAQTOYSVLYBOE-UHFFFAOYSA-N"
"CAH1","FLPZRTQZDDNBOJ-UHFFFAOYSA-N"
"CAH9","STFQQFBHIRCAGO-UHFFFAOYSA-N"
"CAH9","JQMAFZCTLIJFHO-UHFFFAOYSA-N"
"CAH2","STFQQFBHIRCAGO-UHFFFAOYSA-N"
"CAH2","JQMAFZCTLIJFHO-UHFFFAOYSA-N"
"CAH1","STFQQFBHIRCAGO-UHFFFAOYSA-N"
"CAH1","JQMAFZCTLIJFHO-UHFFFAOYSA-N"
"CAH12","STFQQFBHIRCAGO-UHFFFAOYSA-N"
"CAH12","JQMAFZCTLIJFHO-UHFFFAOYSA-N"
"CAH9","YQTYTKZMHNOMKV-UHFFFAOYSA-N"
"CAH2","YQTYTKZMHNOMKV-UHFFFAOYSA-N"
"CAH9","TVMSHOVHQZAERD-UHFFFAOYSA-N"
"CAH9","QZMJGVJFLNVCRR-UHFFFAOYSA-N"
"CAH2","TVMSHOVHQZAERD-UHFFFAOYSA-N"
"CAH2","QZMJGVJFLNVCRR-UHFFFAOYSA-N"
"CAH1","TVMSHOVHQZAERD-UHFFFAOYSA-N"
"CAH1","QZMJGVJFLNVCRR-UHFFFAOYSA-N"
"CAH12","TVMSHOVHQZAERD-UHFFFAOYSA-N"
"CAH12","QZMJGVJFLNVCRR-UHFFFAOYSA-N"
"CAH9","JBYFJUSRZLGWCK-UHFFFAOYSA-N"
"CAH9","LMMMQTVLAUJAPG-UHFFFAOYSA-N"
"CAH9","JAFLNIZMXAIPEV-UHFFFAOYSA-N"
"CAH9","VIEPAHIEBHSWJR-UHFFFAOYSA-N"
"CAH2","JBYFJUSRZLGWCK-UHFFFAOYSA-N"
"CAH2","LMMMQTVLAUJAPG-UHFFFAOYSA-N"
"CAH2","JAFLNIZMXAIPEV-UHFFFAOYSA-N"
"CAH2","VIEPAHIEBHSWJR-UHFFFAOYSA-N"
"CAH1","JBYFJUSRZLGWCK-UHFFFAOYSA-N"
"CAH1","LMMMQTVLAUJAPG-UHFFFAOYSA-N"
"CAH1","JAFLNIZMXAIPEV-UHFFFAOYSA-N"
"CAH1","VIEPAHIEBHSWJR-UHFFFAOYSA-N"
"CAH12","JBYFJUSRZLGWCK-UHFFFAOYSA-N"
"CAH12","LMMMQTVLAUJAPG-UHFFFAOYSA-N"
"CAH12","JAFLNIZMXAIPEV-UHFFFAOYSA-N"
"CAH12","VIEPAHIEBHSWJR-UHFFFAOYSA-N"
"CAH9","GEDYQQXTTMSJSG-UHFFFAOYSA-N"
"CAH9","MYLWHPNSZBTYBL-UHFFFAOYSA-N"
"CAH9","LSGFTSBIQPBMDX-UHFFFAOYSA-N"
"CAH2","GEDYQQXTTMSJSG-UHFFFAOYSA-N"
"CAH2","MYLWHPNSZBTYBL-UHFFFAOYSA-N"
"CAH2","LSGFTSBIQPBMDX-UHFFFAOYSA-N"
"CAH12","GEDYQQXTTMSJSG-UHFFFAOYSA-N"
"CAH12","MYLWHPNSZBTYBL-UHFFFAOYSA-N"
"CAH12","LSGFTSBIQPBMDX-UHFFFAOYSA-N"
"CAH14","MYLWHPNSZBTYBL-UHFFFAOYSA-N"
"CAH14","LSGFTSBIQPBMDX-UHFFFAOYSA-N"
"CAH2","MGYQOULZLCGAGW-NHYWBVRUSA-N"
"CAH4","MGYQOULZLCGAGW-NHYWBVRUSA-N"
"CAH1","MGYQOULZLCGAGW-NHYWBVRUSA-N"
"CAH9","HIPPBEHEOAILBH-DWJUDJHJSA-N"
"CAH9","HIPPBEHEOAILBH-CCHDLNLLSA-N"
"CAH9","QCRSWRRWTNXQPE-YAIANMIZSA-N"
"CAH9","VTHZQPKHTWURQR-LZWHNZSHSA-N"
"CAH9","NEJCLTSPAQHOPT-CRINDFDSSA-N"
"CAH9","NEJCLTSPAQHOPT-BAGUKLQFSA-N"
"CAH9","WDFBMSONXFYEHT-FJYVYTOGSA-N"
"CAH9","UWEDBHSAACZEPG-PXNBZHPASA-N"
"CAH9","UWEDBHSAACZEPG-ZZXZVDIQSA-N"
"CAH9","QLSJUBOKAWBLMY-MUKCROHVSA-N"
"CAH9","QLSJUBOKAWBLMY-YMJSIHPXSA-N"
"CAH9","GBEVGRPYGUOPQM-MKBWQVEESA-N"
"CAH9","FYFKRJGCDVANBH-OCQBXKAFSA-N"
"CAH9","QHBKLUUOXQAXFY-MEVVGGRJSA-N"
"CAH9","QHBKLUUOXQAXFY-MKBWQVEESA-N"
"CAH2","HIPPBEHEOAILBH-DWJUDJHJSA-N"
"CAH2","HIPPBEHEOAILBH-CCHDLNLLSA-N"
"CAH2","QCRSWRRWTNXQPE-YAIANMIZSA-N"
"CAH2","VTHZQPKHTWURQR-LZWHNZSHSA-N"
"CAH2","NEJCLTSPAQHOPT-CRINDFDSSA-N"
"CAH2","NEJCLTSPAQHOPT-BAGUKLQFSA-N"
"CAH2","WDFBMSONXFYEHT-FJYVYTOGSA-N"
"CAH2","UWEDBHSAACZEPG-PXNBZHPASA-N"
"CAH2","UWEDBHSAACZEPG-ZZXZVDIQSA-N"
"CAH2","QLSJUBOKAWBLMY-MUKCROHVSA-N"
"CAH2","QLSJUBOKAWBLMY-YMJSIHPXSA-N"
"CAH2","GBEVGRPYGUOPQM-MKBWQVEESA-N"
"CAH2","FYFKRJGCDVANBH-OCQBXKAFSA-N"
"CAH2","QHBKLUUOXQAXFY-MEVVGGRJSA-N"
"CAH2","QHBKLUUOXQAXFY-MKBWQVEESA-N"
"CAH1","FYFKRJGCDVANBH-OCQBXKAFSA-N"
"CAH12","HIPPBEHEOAILBH-DWJUDJHJSA-N"
"CAH12","HIPPBEHEOAILBH-CCHDLNLLSA-N"
"CAH12","QCRSWRRWTNXQPE-YAIANMIZSA-N"
"CAH12","VTHZQPKHTWURQR-LZWHNZSHSA-N"
"CAH12","NEJCLTSPAQHOPT-CRINDFDSSA-N"
"CAH12","NEJCLTSPAQHOPT-BAGUKLQFSA-N"
"CAH12","WDFBMSONXFYEHT-FJYVYTOGSA-N"
"CAH12","UWEDBHSAACZEPG-PXNBZHPASA-N"
"CAH12","UWEDBHSAACZEPG-ZZXZVDIQSA-N"
"CAH12","QLSJUBOKAWBLMY-MUKCROHVSA-N"
"CAH12","QLSJUBOKAWBLMY-YMJSIHPXSA-N"
"CAH12","GBEVGRPYGUOPQM-MKBWQVEESA-N"
"CAH12","FYFKRJGCDVANBH-OCQBXKAFSA-N"
"CAH12","QHBKLUUOXQAXFY-MEVVGGRJSA-N"
"CAH12","QHBKLUUOXQAXFY-MKBWQVEESA-N"
"CAH14","HIPPBEHEOAILBH-DWJUDJHJSA-N"
"CAH14","HIPPBEHEOAILBH-CCHDLNLLSA-N"
"CAH14","QCRSWRRWTNXQPE-YAIANMIZSA-N"
"CAH14","VTHZQPKHTWURQR-LZWHNZSHSA-N"
"CAH14","NEJCLTSPAQHOPT-CRINDFDSSA-N"
"CAH14","NEJCLTSPAQHOPT-BAGUKLQFSA-N"
"CAH14","WDFBMSONXFYEHT-FJYVYTOGSA-N"
"CAH14","UWEDBHSAACZEPG-PXNBZHPASA-N"
"CAH14","UWEDBHSAACZEPG-ZZXZVDIQSA-N"
"CAH14","QLSJUBOKAWBLMY-MUKCROHVSA-N"
"CAH14","QLSJUBOKAWBLMY-YMJSIHPXSA-N"
"CAH9","WVZZXHWZHTXPEA-UHFFFAOYSA-N"
"CAH9","QFNFVOBKVKVNFF-UHFFFAOYSA-N"
"CAH9","RAPLEDNXUVIADV-UHFFFAOYSA-N"
"CAH9","JMWBFQICPMCBHK-UHFFFAOYSA-N"
"CAH9","MYVKQDUAXMPPSE-UHFFFAOYSA-N"
"CAH9","IZFJYEAIMMNRBL-UHFFFAOYSA-N"
"CAH9","JNDHGMUYOOCXJU-UHFFFAOYSA-N"
"CAH2","WVZZXHWZHTXPEA-UHFFFAOYSA-N"
"CAH2","QFNFVOBKVKVNFF-UHFFFAOYSA-N"
"CAH2","RAPLEDNXUVIADV-UHFFFAOYSA-N"
"CAH2","JMWBFQICPMCBHK-UHFFFAOYSA-N"
"CAH2","MYVKQDUAXMPPSE-UHFFFAOYSA-N"
"CAH2","IZFJYEAIMMNRBL-UHFFFAOYSA-N"
"CAH2","JNDHGMUYOOCXJU-UHFFFAOYSA-N"
"CAH1","WVZZXHWZHTXPEA-UHFFFAOYSA-N"
"CAH1","QFNFVOBKVKVNFF-UHFFFAOYSA-N"
"CAH1","JMWBFQICPMCBHK-UHFFFAOYSA-N"
"CAH1","MYVKQDUAXMPPSE-UHFFFAOYSA-N"
"CAH1","IZFJYEAIMMNRBL-UHFFFAOYSA-N"
"CAH1","JNDHGMUYOOCXJU-UHFFFAOYSA-N"
"CAH12","WVZZXHWZHTXPEA-UHFFFAOYSA-N"
"CAH12","QFNFVOBKVKVNFF-UHFFFAOYSA-N"
"CAH12","RAPLEDNXUVIADV-UHFFFAOYSA-N"
"CAH12","JMWBFQICPMCBHK-UHFFFAOYSA-N"
"CAH12","MYVKQDUAXMPPSE-UHFFFAOYSA-N"
"CAH12","IZFJYEAIMMNRBL-UHFFFAOYSA-N"
"CAH12","JNDHGMUYOOCXJU-UHFFFAOYSA-N"
"CAH9","CXCMAMCBVCJXQX-UHFFFAOYSA-N"
"CAH2","CXCMAMCBVCJXQX-UHFFFAOYSA-N"
"CAH12","CXCMAMCBVCJXQX-UHFFFAOYSA-N"
"CAH9","GZAHTYXBJOEZLC-UHFFFAOYSA-N"
"CAH2","GZAHTYXBJOEZLC-UHFFFAOYSA-N"
"CAH1","GZAHTYXBJOEZLC-UHFFFAOYSA-N"
"CAH7","HLIMRHGQWNYSKN-UHFFFAOYSA-N"
"CAH7","BBYVQBNYXZIDGW-UHFFFAOYSA-N"
"CAH2","HLIMRHGQWNYSKN-UHFFFAOYSA-N"
"CAH2","BBYVQBNYXZIDGW-UHFFFAOYSA-N"
"CAH4","HLIMRHGQWNYSKN-UHFFFAOYSA-N"
"CAH5A","HLIMRHGQWNYSKN-UHFFFAOYSA-N"
"CAH5A","BBYVQBNYXZIDGW-UHFFFAOYSA-N"
"CAH1","HLIMRHGQWNYSKN-UHFFFAOYSA-N"
"CAH1","BBYVQBNYXZIDGW-UHFFFAOYSA-N"
"CAH14","HLIMRHGQWNYSKN-UHFFFAOYSA-N"
"CAH14","BBYVQBNYXZIDGW-UHFFFAOYSA-N"
"CAH9","PFNBSTGWLHZTHW-UHFFFAOYSA-N"
"CAH12","PFNBSTGWLHZTHW-UHFFFAOYSA-N"
"CAH9","RXJNGXLPNTZGTR-UHFFFAOYSA-N"
"CAH12","RXJNGXLPNTZGTR-UHFFFAOYSA-N"
"CAH2","HMLXTHOWRLWCMZ-UHFFFAOYSA-N"
"CAH2","QKISOARUVMZJSW-UHFFFAOYSA-N"
"CAH5A","QKISOARUVMZJSW-UHFFFAOYSA-N"
"CAH7","OIRCLNPWMSOVAH-UHFFFAOYSA-N"
"CAH2","OIRCLNPWMSOVAH-UHFFFAOYSA-N"
"CAH2","BGDPHHMFGCHIEB-IBYPIGCZSA-N"
"CAH2","ACAYLVCPBSTIHV-NBFOKTCDSA-N"
"CAH5B","BGDPHHMFGCHIEB-IBYPIGCZSA-N"
"CAH5B","ACAYLVCPBSTIHV-NBFOKTCDSA-N"
"CAH5A","BGDPHHMFGCHIEB-IBYPIGCZSA-N"
"CAH5A","ACAYLVCPBSTIHV-NBFOKTCDSA-N"
"CAH9","PTQOZTZTQUKUFX-UHFFFAOYSA-N"
"CAH1","PTQOZTZTQUKUFX-UHFFFAOYSA-N"
"CAH12","PTQOZTZTQUKUFX-UHFFFAOYSA-N"
"CAH9","CYHQRHAWKLTJOW-UHFFFAOYSA-N"
"CAH1","CYHQRHAWKLTJOW-UHFFFAOYSA-N"
"CAH12","CYHQRHAWKLTJOW-UHFFFAOYSA-N"
"CAH9","GAMWIBJAJVPQNP-OAHLLOKOSA-N"
"CAH1","GAMWIBJAJVPQNP-OAHLLOKOSA-N"
"CAH12","GAMWIBJAJVPQNP-OAHLLOKOSA-N"
"CAH9","SFUZCYOWOKPQLY-UHFFFAOYSA-N"
"CAH1","SFUZCYOWOKPQLY-UHFFFAOYSA-N"
"CAH12","SFUZCYOWOKPQLY-UHFFFAOYSA-N"
"CAH7","IFLHDGGEJKVLAF-FEMPFSAESA-N"
"CAH4","IFLHDGGEJKVLAF-FEMPFSAESA-N"
"CAH12","IFLHDGGEJKVLAF-FEMPFSAESA-N"
"CAH7","CVHZOJJKTDOEJC-UHFFFAOYSA-N"
"CAH9","CVHZOJJKTDOEJC-UHFFFAOYSA-N"
"CAH6","CVHZOJJKTDOEJC-UHFFFAOYSA-N"
"CAH12","CVHZOJJKTDOEJC-UHFFFAOYSA-N"
"CAH14","CVHZOJJKTDOEJC-UHFFFAOYSA-N"
"CAH9","CGSMNSXGIIUVMP-UHFFFAOYSA-N"
"CAH2","CGSMNSXGIIUVMP-UHFFFAOYSA-N"
"CAH1","CGSMNSXGIIUVMP-UHFFFAOYSA-N"
"CAH9","KCTUGEKEJIYFIQ-UHFFFAOYSA-N"
"CAH9","CEOAVZKXWQJZTG-UHFFFAOYSA-N"
"CAH9","PLXXETHVUJUCAE-UHFFFAOYSA-N"
"CAH9","IEDHNSZCAYGLLT-UHFFFAOYSA-N"
"CAH9","MGLPPIXXHJPCHI-UHFFFAOYSA-N"
"CAH9","KXPAIVPXFVDMFH-UHFFFAOYSA-N"
"CAH9","VGKUXHROALHUFQ-UHFFFAOYSA-N"
"CAH9","HEAFHTHAFQJABB-UHFFFAOYSA-N"
"CAH9","XKWBOBPNRHNHTQ-UHFFFAOYSA-N"
"CAH9","NJVNNESRWBZSBT-UHFFFAOYSA-N"
"CAH9","MDGIEWTUOYMMTH-UHFFFAOYSA-N"
"CAH9","XKGPGGYWUABPQI-UHFFFAOYSA-N"
"CAH9","LKMOESZCLLTGHY-UHFFFAOYSA-N"
"CAH9","PAJHSXQQPZAVON-UHFFFAOYSA-N"
"CAH9","KXSJAIKVZNEKEA-UHFFFAOYSA-N"
"CAH9","DMXDVUIEDDRTQM-UHFFFAOYSA-N"
"CAH9","LZEXOJUALAKFGW-UHFFFAOYSA-N"
"CAH9","XJOPSAUOPFYZFD-UHFFFAOYSA-N"
"CAH9","GCUBRELAXSZALZ-UHFFFAOYSA-N"
"CAH9","KQNLJPQBNLBZFU-UHFFFAOYSA-N"
"CAH9","WNSMEVLFFWTAQC-UHFFFAOYSA-N"
"CAH2","KCTUGEKEJIYFIQ-UHFFFAOYSA-N"
"CAH2","CEOAVZKXWQJZTG-UHFFFAOYSA-N"
"CAH2","PLXXETHVUJUCAE-UHFFFAOYSA-N"
"CAH2","IEDHNSZCAYGLLT-UHFFFAOYSA-N"
"CAH2","MGLPPIXXHJPCHI-UHFFFAOYSA-N"
"CAH2","KXPAIVPXFVDMFH-UHFFFAOYSA-N"
"CAH2","VGKUXHROALHUFQ-UHFFFAOYSA-N"
"CAH2","HEAFHTHAFQJABB-UHFFFAOYSA-N"
"CAH2","XKWBOBPNRHNHTQ-UHFFFAOYSA-N"
"CAH2","NJVNNESRWBZSBT-UHFFFAOYSA-N"
"CAH2","MDGIEWTUOYMMTH-UHFFFAOYSA-N"
"CAH2","XKGPGGYWUABPQI-UHFFFAOYSA-N"
"CAH2","LKMOESZCLLTGHY-UHFFFAOYSA-N"
"CAH2","PAJHSXQQPZAVON-UHFFFAOYSA-N"
"CAH2","KXSJAIKVZNEKEA-UHFFFAOYSA-N"
"CAH2","DMXDVUIEDDRTQM-UHFFFAOYSA-N"
"CAH2","LZEXOJUALAKFGW-UHFFFAOYSA-N"
"CAH2","XJOPSAUOPFYZFD-UHFFFAOYSA-N"
"CAH2","GCUBRELAXSZALZ-UHFFFAOYSA-N"
"CAH2","KQNLJPQBNLBZFU-UHFFFAOYSA-N"
"CAH2","WNSMEVLFFWTAQC-UHFFFAOYSA-N"
"CAH1","KCTUGEKEJIYFIQ-UHFFFAOYSA-N"
"CAH1","CEOAVZKXWQJZTG-UHFFFAOYSA-N"
"CAH1","PLXXETHVUJUCAE-UHFFFAOYSA-N"
"CAH1","IEDHNSZCAYGLLT-UHFFFAOYSA-N"
"CAH1","MGLPPIXXHJPCHI-UHFFFAOYSA-N"
"CAH1","KXPAIVPXFVDMFH-UHFFFAOYSA-N"
"CAH1","VGKUXHROALHUFQ-UHFFFAOYSA-N"
"CAH1","HEAFHTHAFQJABB-UHFFFAOYSA-N"
"CAH1","XKWBOBPNRHNHTQ-UHFFFAOYSA-N"
"CAH1","NJVNNESRWBZSBT-UHFFFAOYSA-N"
"CAH1","MDGIEWTUOYMMTH-UHFFFAOYSA-N"
"CAH1","XKGPGGYWUABPQI-UHFFFAOYSA-N"
"CAH1","LKMOESZCLLTGHY-UHFFFAOYSA-N"
"CAH1","PAJHSXQQPZAVON-UHFFFAOYSA-N"
"CAH1","KXSJAIKVZNEKEA-UHFFFAOYSA-N"
"CAH1","DMXDVUIEDDRTQM-UHFFFAOYSA-N"
"CAH1","LZEXOJUALAKFGW-UHFFFAOYSA-N"
"CAH1","XJOPSAUOPFYZFD-UHFFFAOYSA-N"
"CAH1","GCUBRELAXSZALZ-UHFFFAOYSA-N"
"CAH1","KQNLJPQBNLBZFU-UHFFFAOYSA-N"
"CAH1","WNSMEVLFFWTAQC-UHFFFAOYSA-N"
"CAH12","KCTUGEKEJIYFIQ-UHFFFAOYSA-N"
"CAH12","CEOAVZKXWQJZTG-UHFFFAOYSA-N"
"CAH12","PLXXETHVUJUCAE-UHFFFAOYSA-N"
"CAH12","IEDHNSZCAYGLLT-UHFFFAOYSA-N"
"CAH12","MGLPPIXXHJPCHI-UHFFFAOYSA-N"
"CAH12","KXPAIVPXFVDMFH-UHFFFAOYSA-N"
"CAH12","VGKUXHROALHUFQ-UHFFFAOYSA-N"
"CAH12","HEAFHTHAFQJABB-UHFFFAOYSA-N"
"CAH12","XKWBOBPNRHNHTQ-UHFFFAOYSA-N"
"CAH12","NJVNNESRWBZSBT-UHFFFAOYSA-N"
"CAH12","MDGIEWTUOYMMTH-UHFFFAOYSA-N"
"CAH12","XKGPGGYWUABPQI-UHFFFAOYSA-N"
"CAH12","LKMOESZCLLTGHY-UHFFFAOYSA-N"
"CAH12","PAJHSXQQPZAVON-UHFFFAOYSA-N"
"CAH12","KXSJAIKVZNEKEA-UHFFFAOYSA-N"
"CAH12","DMXDVUIEDDRTQM-UHFFFAOYSA-N"
"CAH12","LZEXOJUALAKFGW-UHFFFAOYSA-N"
"CAH12","XJOPSAUOPFYZFD-UHFFFAOYSA-N"
"CAH12","GCUBRELAXSZALZ-UHFFFAOYSA-N"
"CAH12","KQNLJPQBNLBZFU-UHFFFAOYSA-N"
"CAH12","WNSMEVLFFWTAQC-UHFFFAOYSA-N"
"CAH9","OIEGGOMMJONDCI-UHFFFAOYSA-N"
"CAH2","OIEGGOMMJONDCI-UHFFFAOYSA-N"
"CAH12","OIEGGOMMJONDCI-UHFFFAOYSA-N"
"CAH9","VGEOKMJZNOMHTI-UHFFFAOYSA-N"
"CAH9","KUYCBWOAHOSSKY-UHFFFAOYSA-N"
"CAH9","VBOVAJFRUPXPBN-UHFFFAOYSA-N"
"CAH2","VGEOKMJZNOMHTI-UHFFFAOYSA-N"
"CAH2","KUYCBWOAHOSSKY-UHFFFAOYSA-N"
"CAH2","VBOVAJFRUPXPBN-UHFFFAOYSA-N"
"CAH1","VGEOKMJZNOMHTI-UHFFFAOYSA-N"
"CAH1","VBOVAJFRUPXPBN-UHFFFAOYSA-N"
"CAH12","VGEOKMJZNOMHTI-UHFFFAOYSA-N"
"CAH12","KUYCBWOAHOSSKY-UHFFFAOYSA-N"
"CAH12","VBOVAJFRUPXPBN-UHFFFAOYSA-N"
"CAH2","GXPHKUHSUJUWKP-UHFFFAOYSA-N"
"CAH9","XVWHALYHZNAWMA-UHFFFAOYSA-N"
"CAH2","XVWHALYHZNAWMA-UHFFFAOYSA-N"
"CAH1","BKRSPZUJZJIEKE-TZMCWYRMSA-N"
"CAH13","BKRSPZUJZJIEKE-TZMCWYRMSA-N"
"CAH9","QLLMBUSGLORSMJ-UHFFFAOYSA-N"
"CAH9","HMHVCUVYZFYAJI-UHFFFAOYSA-N"
"CAH2","HMHVCUVYZFYAJI-UHFFFAOYSA-N"
"CAH6","HMHVCUVYZFYAJI-UHFFFAOYSA-N"
"CAH1","HMHVCUVYZFYAJI-UHFFFAOYSA-N"
"CAH2","YDURXESSACUHKN-UHFFFAOYSA-N"
"CAH4","YDURXESSACUHKN-UHFFFAOYSA-N"
"CAH9","HWADPEMDUDRDOV-UHFFFAOYSA-N"
"CAH9","XTLIGSXCHIJPDK-UHFFFAOYSA-N"
"CAH9","ULKYBVFYFLCZOX-UHFFFAOYSA-N"
"CAH9","ZDNCDNWZGWFVKE-UHFFFAOYSA-N"
"CAH9","QDSGUMZSKDGHAJ-VZUCSPMQSA-N"
"CAH9","JMUJIEXVYMRWPU-CSKARUKUSA-N"
"CAH2","HWADPEMDUDRDOV-UHFFFAOYSA-N"
"CAH2","XTLIGSXCHIJPDK-UHFFFAOYSA-N"
"CAH2","ULKYBVFYFLCZOX-UHFFFAOYSA-N"
"CAH2","ZDNCDNWZGWFVKE-UHFFFAOYSA-N"
"CAH2","QDSGUMZSKDGHAJ-VZUCSPMQSA-N"
"CAH2","JMUJIEXVYMRWPU-CSKARUKUSA-N"
"CAH4","QDSGUMZSKDGHAJ-VZUCSPMQSA-N"
"CAH4","JMUJIEXVYMRWPU-CSKARUKUSA-N"
"CAH1","HWADPEMDUDRDOV-UHFFFAOYSA-N"
"CAH1","XTLIGSXCHIJPDK-UHFFFAOYSA-N"
"CAH1","ULKYBVFYFLCZOX-UHFFFAOYSA-N"
"CAH1","ZDNCDNWZGWFVKE-UHFFFAOYSA-N"
"CAH1","QDSGUMZSKDGHAJ-VZUCSPMQSA-N"
"CAH1","JMUJIEXVYMRWPU-CSKARUKUSA-N"
"CAH12","QDSGUMZSKDGHAJ-VZUCSPMQSA-N"
"CAH12","JMUJIEXVYMRWPU-CSKARUKUSA-N"
"CAH2","XEKJJHXPOFNLDM-UHFFFAOYSA-N"
"CAH1","XEKJJHXPOFNLDM-UHFFFAOYSA-N"
"CAH9","JHCDIJLFNUVZDR-ZMOGYAJESA-N"
"CAH9","UZUFADXRFAFRST-UHFFFAOYSA-N"
"CAH9","JPVYQIISMMKRPL-UHFFFAOYSA-N"
"CAH9","ZDYJLNOGZWQHNN-UHFFFAOYSA-N"
"CAH2","JHCDIJLFNUVZDR-ZMOGYAJESA-N"
"CAH2","UZUFADXRFAFRST-UHFFFAOYSA-N"
"CAH2","JPVYQIISMMKRPL-UHFFFAOYSA-N"
"CAH2","ZDYJLNOGZWQHNN-UHFFFAOYSA-N"
"CAH1","JHCDIJLFNUVZDR-ZMOGYAJESA-N"
"CAH1","UZUFADXRFAFRST-UHFFFAOYSA-N"
"CAH1","JPVYQIISMMKRPL-UHFFFAOYSA-N"
"CAH1","ZDYJLNOGZWQHNN-UHFFFAOYSA-N"
"CAH12","JHCDIJLFNUVZDR-ZMOGYAJESA-N"
"CAH12","UZUFADXRFAFRST-UHFFFAOYSA-N"
"CAH12","JPVYQIISMMKRPL-UHFFFAOYSA-N"
"CAH12","ZDYJLNOGZWQHNN-UHFFFAOYSA-N"
"CAH9","NRZULVDETFUDRS-ZSOIEALJSA-N"
"CAH2","NRZULVDETFUDRS-ZSOIEALJSA-N"
"CAH1","NRZULVDETFUDRS-ZSOIEALJSA-N"
"CAH9","SJSCUDHJQXKTQY-UHFFFAOYSA-N"
"CAH2","SJSCUDHJQXKTQY-UHFFFAOYSA-N"
"CAH9","FARYOKAWTPICDA-WCTLISOUSA-N"
"CAH2","FARYOKAWTPICDA-WCTLISOUSA-N"
"CAH1","FARYOKAWTPICDA-WCTLISOUSA-N"
"CAH9","HLYYXHPKHKVIKJ-UHFFFAOYSA-N"
"CAH9","JOFZMNARNCNDSE-UHFFFAOYSA-N"
"CAH9","UIXGEOKZLBOUMZ-UHFFFAOYSA-N"
"CAH9","BOASOEVJTNLJFL-UHFFFAOYSA-N"
"CAH9","UYXJGOBLLZTYKT-UHFFFAOYSA-N"
"CAH9","PHDVMNGQRDXRTI-UHFFFAOYSA-N"
"CAH9","WMIGYDSTZUPOGS-UHFFFAOYSA-N"
"CAH9","KAZQGFWXNPUZQP-UHFFFAOYSA-N"
"CAH9","ZQPXYMFJNUCRPS-UHFFFAOYSA-N"
"CAH2","HLYYXHPKHKVIKJ-UHFFFAOYSA-N"
"CAH2","JOFZMNARNCNDSE-UHFFFAOYSA-N"
"CAH2","UIXGEOKZLBOUMZ-UHFFFAOYSA-N"
"CAH2","BOASOEVJTNLJFL-UHFFFAOYSA-N"
"CAH2","UYXJGOBLLZTYKT-UHFFFAOYSA-N"
"CAH2","PHDVMNGQRDXRTI-UHFFFAOYSA-N"
"CAH2","WMIGYDSTZUPOGS-UHFFFAOYSA-N"
"CAH2","KAZQGFWXNPUZQP-UHFFFAOYSA-N"
"CAH2","ZQPXYMFJNUCRPS-UHFFFAOYSA-N"
"CAH1","HLYYXHPKHKVIKJ-UHFFFAOYSA-N"
"CAH1","JOFZMNARNCNDSE-UHFFFAOYSA-N"
"CAH1","UIXGEOKZLBOUMZ-UHFFFAOYSA-N"
"CAH1","UYXJGOBLLZTYKT-UHFFFAOYSA-N"
"CAH1","PHDVMNGQRDXRTI-UHFFFAOYSA-N"
"CAH1","WMIGYDSTZUPOGS-UHFFFAOYSA-N"
"CAH1","KAZQGFWXNPUZQP-UHFFFAOYSA-N"
"CAH12","BOASOEVJTNLJFL-UHFFFAOYSA-N"
"CAH12","UYXJGOBLLZTYKT-UHFFFAOYSA-N"
"CAH12","ZQPXYMFJNUCRPS-UHFFFAOYSA-N"
"CAH14","BOASOEVJTNLJFL-UHFFFAOYSA-N"
"CAH14","UYXJGOBLLZTYKT-UHFFFAOYSA-N"
"CAH14","ZQPXYMFJNUCRPS-UHFFFAOYSA-N"
"CAH9","IPJOAGWGBYXHTH-KPGMTVGESA-N"
"CAH2","IPJOAGWGBYXHTH-KPGMTVGESA-N"
"CAH9","DIVMUZMLCIWZTE-XYFZXANASA-N"
"CAH9","IGHVSONBMNVCSR-JHZZJYKESA-N"
"CAH9","PYTGWGTZAOZYNV-SXFAUFNYSA-N"
"CAH9","RZDXNLXHFKCYHA-WKKMNAASSA-N"
"CAH9","AOTOMMHRVVUYQV-XSDHEKCYSA-N"
"CAH9","RZDXNLXHFKCYHA-KQWJERSKSA-N"
"CAH9","DIVMUZMLCIWZTE-WZYWGQKZSA-N"
"CAH9","ZSRAGHZLNZBNTJ-SBJFKYEJSA-N"
"CAH9","VLTLYBSKNONSPK-BMXMUORJSA-N"
"CAH9","KMZODUVSKUKAQG-UXXRCYHCSA-N"
"CAH9","VPRDEFURXBNFEY-JRSUCEMESA-N"
"CAH9","KMZODUVSKUKAQG-GZBLMMOJSA-N"
"CAH9","FBMQDXJODLGTQX-WRQOLXDDSA-N"
"CAH9","OHQURRXQRSULTO-MBJXGIAVSA-N"
"CAH9","VAXAALWBFSAITH-PDWCTOEPSA-N"
"CAH9","OHQURRXQRSULTO-RKQHYHRCSA-N"
"CAH9","SJIOLEJMBXAEAX-AANPDWTMSA-N"
"CAH9","SJIOLEJMBXAEAX-CDJZJNNCSA-N"
"CAH9","XDLCONKAGDFVRD-HXQMXDEDSA-N"
"CAH9","UYNIYVDORHVSTA-QMCAAQAGSA-N"
"CAH9","WJEBDIQNCFVULI-ABJLESROSA-N"
"CAH9","XDLCONKAGDFVRD-NRCRZUOTSA-N"
"CAH9","PEHMSVFCQGHWGR-FDPAFNIFSA-N"
"CAH9","JILXNVFTERDRCZ-ABNLYDASSA-N"
"CAH9","FONJWGKYSXVPEY-MBJXGIAVSA-N"
"CAH9","FMWVEUQSXVRCFQ-NRCRZUOTSA-N"
"CAH9","UFOZVEWEFIWWML-VQHOHFBQSA-N"
"CAH9","JILXNVFTERDRCZ-FDPAFNIFSA-N"
"CAH9","UYNIYVDORHVSTA-CDJZJNNCSA-N"
"CAH9","PEHMSVFCQGHWGR-ABNLYDASSA-N"
"CAH9","UFOZVEWEFIWWML-ABJLESROSA-N"
"CAH9","YHBUJUQRTOTCGO-CMPUJJQDSA-N"
"CAH9","BOICQXOCDFLCGX-RKQHYHRCSA-N"
"CAH2","DIVMUZMLCIWZTE-XYFZXANASA-N"
"CAH2","IGHVSONBMNVCSR-JHZZJYKESA-N"
"CAH2","PYTGWGTZAOZYNV-SXFAUFNYSA-N"
"CAH2","RZDXNLXHFKCYHA-WKKMNAASSA-N"
"CAH2","AOTOMMHRVVUYQV-XSDHEKCYSA-N"
"CAH2","RZDXNLXHFKCYHA-KQWJERSKSA-N"
"CAH2","DIVMUZMLCIWZTE-WZYWGQKZSA-N"
"CAH2","ZSRAGHZLNZBNTJ-SBJFKYEJSA-N"
"CAH2","VLTLYBSKNONSPK-BMXMUORJSA-N"
"CAH2","KMZODUVSKUKAQG-UXXRCYHCSA-N"
"CAH2","VPRDEFURXBNFEY-JRSUCEMESA-N"
"CAH2","ANFIQSWBRXIYBF-GNJRFXKQSA-N"
"CAH2","KMZODUVSKUKAQG-GZBLMMOJSA-N"
"CAH2","FBMQDXJODLGTQX-WRQOLXDDSA-N"
"CAH2","OHQURRXQRSULTO-MBJXGIAVSA-N"
"CAH2","VAXAALWBFSAITH-PDWCTOEPSA-N"
"CAH2","OHQURRXQRSULTO-RKQHYHRCSA-N"
"CAH2","SJIOLEJMBXAEAX-AANPDWTMSA-N"
"CAH2","SJIOLEJMBXAEAX-CDJZJNNCSA-N"
"CAH2","XDLCONKAGDFVRD-HXQMXDEDSA-N"
"CAH2","UYNIYVDORHVSTA-QMCAAQAGSA-N"
"CAH2","WJEBDIQNCFVULI-ABJLESROSA-N"
"CAH2","XDLCONKAGDFVRD-NRCRZUOTSA-N"
"CAH2","PEHMSVFCQGHWGR-FDPAFNIFSA-N"
"CAH2","JILXNVFTERDRCZ-ABNLYDASSA-N"
"CAH2","FONJWGKYSXVPEY-MBJXGIAVSA-N"
"CAH2","FMWVEUQSXVRCFQ-NRCRZUOTSA-N"
"CAH2","UFOZVEWEFIWWML-VQHOHFBQSA-N"
"CAH2","JILXNVFTERDRCZ-FDPAFNIFSA-N"
"CAH2","UYNIYVDORHVSTA-CDJZJNNCSA-N"
"CAH2","PEHMSVFCQGHWGR-ABNLYDASSA-N"
"CAH2","UFOZVEWEFIWWML-ABJLESROSA-N"
"CAH2","YHBUJUQRTOTCGO-CMPUJJQDSA-N"
"CAH2","BOICQXOCDFLCGX-RKQHYHRCSA-N"
"CAH1","ZSRAGHZLNZBNTJ-SBJFKYEJSA-N"
"CAH1","OHQURRXQRSULTO-MBJXGIAVSA-N"
"CAH1","VAXAALWBFSAITH-PDWCTOEPSA-N"
"CAH1","OHQURRXQRSULTO-RKQHYHRCSA-N"
"CAH1","SJIOLEJMBXAEAX-AANPDWTMSA-N"
"CAH1","XDLCONKAGDFVRD-HXQMXDEDSA-N"
"CAH1","PEHMSVFCQGHWGR-FDPAFNIFSA-N"
"CAH1","YHBUJUQRTOTCGO-CMPUJJQDSA-N"
"CAH1","BOICQXOCDFLCGX-RKQHYHRCSA-N"
"CAH12","DIVMUZMLCIWZTE-XYFZXANASA-N"
"CAH12","IGHVSONBMNVCSR-JHZZJYKESA-N"
"CAH12","PYTGWGTZAOZYNV-SXFAUFNYSA-N"
"CAH12","RZDXNLXHFKCYHA-WKKMNAASSA-N"
"CAH12","AOTOMMHRVVUYQV-XSDHEKCYSA-N"
"CAH12","RZDXNLXHFKCYHA-KQWJERSKSA-N"
"CAH12","DIVMUZMLCIWZTE-WZYWGQKZSA-N"
"CAH12","ZSRAGHZLNZBNTJ-SBJFKYEJSA-N"
"CAH12","VLTLYBSKNONSPK-BMXMUORJSA-N"
"CAH12","KMZODUVSKUKAQG-UXXRCYHCSA-N"
"CAH12","VPRDEFURXBNFEY-JRSUCEMESA-N"
"CAH12","ANFIQSWBRXIYBF-GNJRFXKQSA-N"
"CAH12","KMZODUVSKUKAQG-GZBLMMOJSA-N"
"CAH12","FBMQDXJODLGTQX-WRQOLXDDSA-N"
"CAH12","OHQURRXQRSULTO-MBJXGIAVSA-N"
"CAH12","OHQURRXQRSULTO-RKQHYHRCSA-N"
"CAH12","SJIOLEJMBXAEAX-CDJZJNNCSA-N"
"CAH12","XDLCONKAGDFVRD-HXQMXDEDSA-N"
"CAH12","UYNIYVDORHVSTA-QMCAAQAGSA-N"
"CAH12","WJEBDIQNCFVULI-ABJLESROSA-N"
"CAH12","XDLCONKAGDFVRD-NRCRZUOTSA-N"
"CAH12","PEHMSVFCQGHWGR-FDPAFNIFSA-N"
"CAH12","JILXNVFTERDRCZ-ABNLYDASSA-N"
"CAH12","FONJWGKYSXVPEY-MBJXGIAVSA-N"
"CAH12","FMWVEUQSXVRCFQ-NRCRZUOTSA-N"
"CAH12","UFOZVEWEFIWWML-VQHOHFBQSA-N"
"CAH12","JILXNVFTERDRCZ-FDPAFNIFSA-N"
"CAH12","UYNIYVDORHVSTA-CDJZJNNCSA-N"
"CAH12","PEHMSVFCQGHWGR-ABNLYDASSA-N"
"CAH12","UFOZVEWEFIWWML-ABJLESROSA-N"
"CAH12","YHBUJUQRTOTCGO-CMPUJJQDSA-N"
"CAH12","BOICQXOCDFLCGX-RKQHYHRCSA-N"
"CAH14","DIVMUZMLCIWZTE-XYFZXANASA-N"
"CAH14","IGHVSONBMNVCSR-JHZZJYKESA-N"
"CAH14","PYTGWGTZAOZYNV-SXFAUFNYSA-N"
"CAH14","RZDXNLXHFKCYHA-WKKMNAASSA-N"
"CAH14","AOTOMMHRVVUYQV-XSDHEKCYSA-N"
"CAH14","RZDXNLXHFKCYHA-KQWJERSKSA-N"
"CAH14","DIVMUZMLCIWZTE-WZYWGQKZSA-N"
"CAH14","ZSRAGHZLNZBNTJ-SBJFKYEJSA-N"
"CAH14","VLTLYBSKNONSPK-BMXMUORJSA-N"
"CAH14","KMZODUVSKUKAQG-UXXRCYHCSA-N"
"CAH14","VPRDEFURXBNFEY-JRSUCEMESA-N"
"CAH14","ANFIQSWBRXIYBF-GNJRFXKQSA-N"
"CAH14","KMZODUVSKUKAQG-GZBLMMOJSA-N"
"CAH14","FBMQDXJODLGTQX-WRQOLXDDSA-N"
"CAH14","OHQURRXQRSULTO-MBJXGIAVSA-N"
"CAH14","OHQURRXQRSULTO-RKQHYHRCSA-N"
"CAH14","SJIOLEJMBXAEAX-CDJZJNNCSA-N"
"CAH14","XDLCONKAGDFVRD-HXQMXDEDSA-N"
"CAH14","UYNIYVDORHVSTA-QMCAAQAGSA-N"
"CAH14","WJEBDIQNCFVULI-ABJLESROSA-N"
"CAH14","XDLCONKAGDFVRD-NRCRZUOTSA-N"
"CAH14","PEHMSVFCQGHWGR-FDPAFNIFSA-N"
"CAH14","JILXNVFTERDRCZ-ABNLYDASSA-N"
"CAH14","FONJWGKYSXVPEY-MBJXGIAVSA-N"
"CAH14","FMWVEUQSXVRCFQ-NRCRZUOTSA-N"
"CAH14","UFOZVEWEFIWWML-VQHOHFBQSA-N"
"CAH14","JILXNVFTERDRCZ-FDPAFNIFSA-N"
"CAH14","UYNIYVDORHVSTA-CDJZJNNCSA-N"
"CAH14","PEHMSVFCQGHWGR-ABNLYDASSA-N"
"CAH14","UFOZVEWEFIWWML-ABJLESROSA-N"
"CAH9","GZXSWQRLXLNLQS-VZWAGXQNSA-N"
"CAH9","XJNVWLJKVGJPEJ-GAGVYUBLSA-N"
"CAH9","GOLLENRMZOXERK-VZWAGXQNSA-N"
"CAH2","GZXSWQRLXLNLQS-VZWAGXQNSA-N"
"CAH2","XJNVWLJKVGJPEJ-GAGVYUBLSA-N"
"CAH2","GOLLENRMZOXERK-VZWAGXQNSA-N"
"CAH12","GZXSWQRLXLNLQS-VZWAGXQNSA-N"
"CAH12","XJNVWLJKVGJPEJ-GAGVYUBLSA-N"
"CAH12","GOLLENRMZOXERK-VZWAGXQNSA-N"
"CAH14","GZXSWQRLXLNLQS-VZWAGXQNSA-N"
"CAH14","XJNVWLJKVGJPEJ-GAGVYUBLSA-N"
"CAH14","GOLLENRMZOXERK-VZWAGXQNSA-N"
"CAH9","FIAWYVPXQKODAE-UHFFFAOYSA-N"
"CAH2","FIAWYVPXQKODAE-UHFFFAOYSA-N"
"CAH1","FIAWYVPXQKODAE-UHFFFAOYSA-N"
"CAH12","FIAWYVPXQKODAE-UHFFFAOYSA-N"
"CAH7","OKQRJNSDZLFCKE-CUYVQJCZSA-N"
"CAH7","CLNZVLYLUNHHJW-CUYVQJCZSA-N"
"CAH7","FZBBHBCZJLNRCC-CUYVQJCZSA-N"
"CAH7","JRTAARITAXOAAO-CUYVQJCZSA-N"
"CAH7","QLBNWGYCFZRBTF-VWXURSGXSA-N"
"CAH9","OKQRJNSDZLFCKE-CUYVQJCZSA-N"
"CAH9","CLNZVLYLUNHHJW-CUYVQJCZSA-N"
"CAH9","JRTAARITAXOAAO-CUYVQJCZSA-N"
"CAH9","QLBNWGYCFZRBTF-VWXURSGXSA-N"
"CAH2","OKQRJNSDZLFCKE-CUYVQJCZSA-N"
"CAH2","CLNZVLYLUNHHJW-CUYVQJCZSA-N"
"CAH2","FZBBHBCZJLNRCC-CUYVQJCZSA-N"
"CAH2","JRTAARITAXOAAO-CUYVQJCZSA-N"
"CAH2","QLBNWGYCFZRBTF-VWXURSGXSA-N"
"CAH4","OKQRJNSDZLFCKE-CUYVQJCZSA-N"
"CAH4","QLBNWGYCFZRBTF-VWXURSGXSA-N"
"CAH5A","CLNZVLYLUNHHJW-CUYVQJCZSA-N"
"CAH5A","FZBBHBCZJLNRCC-CUYVQJCZSA-N"
"CAH5A","JRTAARITAXOAAO-CUYVQJCZSA-N"
"CAH14","CLNZVLYLUNHHJW-CUYVQJCZSA-N"
"CAH14","JRTAARITAXOAAO-CUYVQJCZSA-N"
"CAH7","BTMYCYUSKNWPJE-MBIULKOWSA-N"
"CAH7","LEWGDIPTXPUENR-CQAGSAPUSA-N"
"CAH9","BTMYCYUSKNWPJE-MBIULKOWSA-N"
"CAH9","LEWGDIPTXPUENR-CQAGSAPUSA-N"
"CAH2","BTMYCYUSKNWPJE-MBIULKOWSA-N"
"CAH2","LEWGDIPTXPUENR-CQAGSAPUSA-N"
"CAH4","LEWGDIPTXPUENR-CQAGSAPUSA-N"
"CAH5A","BTMYCYUSKNWPJE-MBIULKOWSA-N"
"CAH14","BTMYCYUSKNWPJE-MBIULKOWSA-N"
"CAH14","LEWGDIPTXPUENR-CQAGSAPUSA-N"
"CAH9","XGMTYCRIFZNDGR-UHFFFAOYSA-N"
"CAH2","XGMTYCRIFZNDGR-UHFFFAOYSA-N"
"CAH12","XGMTYCRIFZNDGR-UHFFFAOYSA-N"
"CAH1","MTFXZSBWHWTSAM-UHFFFAOYSA-N"
"DPP8","IQCXFICIUMLNPY-HOTGVXAUSA-N"
"DPP9","IQCXFICIUMLNPY-HOTGVXAUSA-N"
"DPP4","IQCXFICIUMLNPY-HOTGVXAUSA-N"
"CATK","PRMPFYDBURPTBI-UHFFFAOYSA-N"
"THRB","ZHTYBHJRYWPRIG-DFRFQQMASA-N"
"FA10","LHPWXQGWRROKPC-XUEUYAKLSA-N"
"SEPR","CDYUFFXWJNHDCH-ZDUSSCGKSA-N"
"DPP4","CDYUFFXWJNHDCH-ZDUSSCGKSA-N"
"DPP2","CDYUFFXWJNHDCH-ZDUSSCGKSA-N"
"DPP4","VTADTKXFQBWRPB-MSOLQXFVSA-N"
"DPP8","FLSQVTUPJGNXGP-CVEARBPZSA-N"
"DPP4","FLSQVTUPJGNXGP-CVEARBPZSA-N"
"CATK","DRKAFUGFRPVJKV-UHFFFAOYSA-N"
"TPA","QNUYHZAYXDMWMT-UHFFFAOYSA-N"
"CATL1","QNUYHZAYXDMWMT-UHFFFAOYSA-N"
"CATL2","QNUYHZAYXDMWMT-UHFFFAOYSA-N"
"CATK","QNUYHZAYXDMWMT-UHFFFAOYSA-N"
"CATL1","UJHQYDKTGZAAFX-UHFFFAOYSA-N"
"CATL1","BKMARWROUWRNAF-UHFFFAOYSA-N"
"CATK","UJHQYDKTGZAAFX-UHFFFAOYSA-N"
"CATK","BKMARWROUWRNAF-UHFFFAOYSA-N"
"CATB","UJHQYDKTGZAAFX-UHFFFAOYSA-N"
"CATB","BKMARWROUWRNAF-UHFFFAOYSA-N"
"ELNE","PIBXGNLYMUJLHS-HRXNILJESA-N"
"SEPR","KECCJDBJEXGJCW-KRWDZBQOSA-N"
"ADA10","OJSMIPQPXMBSTI-FQEVSTJZSA-N"
"UROK","HZNLMAXGKJQXSL-UHFFFAOYSA-N"
"BACE1","KUGXCHPMNPXDGL-UHFFFAOYSA-N"
"FA7","DRUZWKULMZFMLK-UHFFFAOYSA-N"
"FA7","WGEGXJPYFSZDMU-IZLXSDGUSA-N"
"THRB","DRUZWKULMZFMLK-UHFFFAOYSA-N"
"THRB","WGEGXJPYFSZDMU-IZLXSDGUSA-N"
"THRB","RXLLECDUMUZHQF-CHQQOIJLSA-N"
"FA11","RXLLECDUMUZHQF-CHQQOIJLSA-N"
"BACE1","GZHSLBYVXGDJDF-NXVJRICRSA-N"
"CATE","GZHSLBYVXGDJDF-NXVJRICRSA-N"
"CATD","GZHSLBYVXGDJDF-NXVJRICRSA-N"
"CATL1","VBPPNJCVXGAZDD-PMACEKPBSA-N"
"CATL1","BWYBBMQLUKXECQ-GIVPXCGWSA-N"
"CATL1","BWYBBMQLUKXECQ-TYPHKJRUSA-N"
"CATL1","MCKCVIDASJTQSU-TYPHKJRUSA-N"
"CATL1","BWYBBMQLUKXECQ-NRSPTQNISA-N"
"CATL2","VBPPNJCVXGAZDD-PMACEKPBSA-N"
"CATL2","BWYBBMQLUKXECQ-GIVPXCGWSA-N"
"CATS","VBPPNJCVXGAZDD-PMACEKPBSA-N"
"CATS","BWYBBMQLUKXECQ-GIVPXCGWSA-N"
"CATS","BWYBBMQLUKXECQ-TYPHKJRUSA-N"
"CATS","MCKCVIDASJTQSU-TYPHKJRUSA-N"
"CATS","BWYBBMQLUKXECQ-NRSPTQNISA-N"
"CATK","VBPPNJCVXGAZDD-PMACEKPBSA-N"
"CATK","BWYBBMQLUKXECQ-GIVPXCGWSA-N"
"CATK","BWYBBMQLUKXECQ-TYPHKJRUSA-N"
"CATK","MCKCVIDASJTQSU-TYPHKJRUSA-N"
"CATK","BWYBBMQLUKXECQ-NRSPTQNISA-N"
"CATB","VBPPNJCVXGAZDD-PMACEKPBSA-N"
"CATB","BWYBBMQLUKXECQ-GIVPXCGWSA-N"
"DPP4","XVHUBLYBAOVMGO-GJZGRUSLSA-N"
"HYES","UKWJWIAZPVMHJZ-UHFFFAOYSA-N"
"CATL1","GFBNAICZWORTRP-MZKRTTBSSA-N"
"CATS","GFBNAICZWORTRP-MZKRTTBSSA-N"
"MMP9","XFKRGURHEZYQDK-UHFFFAOYSA-N"
"MMP1","MLPPJTCCWGPRTB-MYVCOICNSA-N"
"MMP3","MLPPJTCCWGPRTB-MYVCOICNSA-N"
"MMP2","MLPPJTCCWGPRTB-MYVCOICNSA-N"
"MMP9","MLPPJTCCWGPRTB-MYVCOICNSA-N"
"MMP3","HDFXAYMYXQRRFT-ATRWTNPRSA-N"
"MMP9","HDFXAYMYXQRRFT-ATRWTNPRSA-N"
"MMP3","QEEFWEXKMRZIRZ-RTYIMRNCSA-N"
"MMP2","QEEFWEXKMRZIRZ-RTYIMRNCSA-N"
"MMP9","QEEFWEXKMRZIRZ-RTYIMRNCSA-N"
"PRSS8","VCQWJODDXMLQBL-JTTJSRJUSA-N"
"DPP8","XFZMONZBKARRRP-KBPBESRZSA-N"
"DPP4","XFZMONZBKARRRP-KBPBESRZSA-N"
"DPP2","XFZMONZBKARRRP-KBPBESRZSA-N"
"MMP3","LMIHEFSBOIGKDH-UHFFFAOYSA-N"
"MMP3","BDONYXHHXNTUSW-UHFFFAOYSA-N"
"MMP3","SYYRIPAKWJBIOW-UHFFFAOYSA-N"
"MMP14","LMIHEFSBOIGKDH-UHFFFAOYSA-N"
"MMP14","BDONYXHHXNTUSW-UHFFFAOYSA-N"
"MMP14","SYYRIPAKWJBIOW-UHFFFAOYSA-N"
"MMP2","LMIHEFSBOIGKDH-UHFFFAOYSA-N"
"MMP2","BDONYXHHXNTUSW-UHFFFAOYSA-N"
"MMP2","SYYRIPAKWJBIOW-UHFFFAOYSA-N"
"MMP9","LMIHEFSBOIGKDH-UHFFFAOYSA-N"
"MMP9","BDONYXHHXNTUSW-UHFFFAOYSA-N"
"MMP9","SYYRIPAKWJBIOW-UHFFFAOYSA-N"
"MMP8","LMIHEFSBOIGKDH-UHFFFAOYSA-N"
"MMP8","BDONYXHHXNTUSW-UHFFFAOYSA-N"
"MMP8","SYYRIPAKWJBIOW-UHFFFAOYSA-N"
"MMP1","WATNMHGSJFUVDX-JOMNFKBKSA-N"
"MMP2","WATNMHGSJFUVDX-JOMNFKBKSA-N"
"MMP8","WATNMHGSJFUVDX-JOMNFKBKSA-N"
"DPP4","WBCJLZYNWBZUOD-LADRPBIPSA-N"
"MMP1","JQGYJNKTRDAQCV-UHFFFAOYSA-N"
"ADA17","JQGYJNKTRDAQCV-UHFFFAOYSA-N"
"KLK7","GEWIUKZEFCKWDD-UHFFFAOYSA-N"
"KLK5","GEWIUKZEFCKWDD-UHFFFAOYSA-N"
"TMPS6","VBGVWKFAVGGQCH-NDEPHWFRSA-N"
"TMPS6","PBWYFIKBBSEVNZ-NDEPHWFRSA-N"
"TMPS6","GJPPSRQGPWOXMV-MHZLTWQESA-N"
"ST14","VBGVWKFAVGGQCH-NDEPHWFRSA-N"
"ST14","PBWYFIKBBSEVNZ-NDEPHWFRSA-N"
"ST14","GJPPSRQGPWOXMV-MHZLTWQESA-N"
"FA10","VBGVWKFAVGGQCH-NDEPHWFRSA-N"
"FA10","PBWYFIKBBSEVNZ-NDEPHWFRSA-N"
"FA10","GJPPSRQGPWOXMV-MHZLTWQESA-N"
"AMPN","FYNOOCOLTPIGMJ-CNCKBNBHSA-N"
"DPP8","BLOJWFKXBSHCMS-ZXRBMNSTSA-N"
"DPP8","KOURGISIEAPLLJ-GUTACTQSSA-N"
"DPP8","DKKAAODEBBQAJD-ZXRBMNSTSA-N"
"DPP8","NFTHSRHPSOVNFW-DTRWSJPISA-N"
"DPP8","UQTACKICOKMCMG-RQBPZYBGSA-N"
"DPP9","BLOJWFKXBSHCMS-ZXRBMNSTSA-N"
"DPP9","KOURGISIEAPLLJ-GUTACTQSSA-N"
"DPP9","DKKAAODEBBQAJD-ZXRBMNSTSA-N"
"DPP9","NFTHSRHPSOVNFW-DTRWSJPISA-N"
"DPP9","UQTACKICOKMCMG-RQBPZYBGSA-N"
"DPP4","BLOJWFKXBSHCMS-ZXRBMNSTSA-N"
"DPP4","KOURGISIEAPLLJ-GUTACTQSSA-N"
"DPP4","DKKAAODEBBQAJD-ZXRBMNSTSA-N"
"DPP4","NFTHSRHPSOVNFW-DTRWSJPISA-N"
"DPP4","UQTACKICOKMCMG-RQBPZYBGSA-N"
"DPP2","BLOJWFKXBSHCMS-ZXRBMNSTSA-N"
"DPP2","DKKAAODEBBQAJD-ZXRBMNSTSA-N"
"DPP2","UQTACKICOKMCMG-RQBPZYBGSA-N"
"CATS","QIZMDQBBKHFWJF-LLZJGCNPSA-N"
"CATK","QIZMDQBBKHFWJF-LLZJGCNPSA-N"
"CATS","PYUCRBRSVPPZAU-ILWGZMRPSA-N"
"CATK","PYUCRBRSVPPZAU-ILWGZMRPSA-N"
"CATL1","QAGVIYYHBWIDBH-UHFFFAOYSA-N"
"CATL1","PUFJEFSFBMWBSG-UHFFFAOYSA-N"
"CATS","QAGVIYYHBWIDBH-UHFFFAOYSA-N"
"CATS","PUFJEFSFBMWBSG-UHFFFAOYSA-N"
"FA10","YPBQWYRTPLXSAK-UHFFFAOYSA-N"
"THRB","YPBQWYRTPLXSAK-UHFFFAOYSA-N"
"ELNE","ADRQRUHQDUYTFF-UHFFFAOYSA-N"
"CTRB1","ADRQRUHQDUYTFF-UHFFFAOYSA-N"
"THRB","ADRQRUHQDUYTFF-UHFFFAOYSA-N"
"MMP2","AAVVXYJNWGIBPT-UHFFFAOYSA-N"
"MMP2","VNIVLVJMMLQGNQ-UHFFFAOYSA-N"
"ADA17","AAVVXYJNWGIBPT-UHFFFAOYSA-N"
"ADA17","VNIVLVJMMLQGNQ-UHFFFAOYSA-N"
"MMP2","HOYBUULCSXDSPC-KAOUJKNGSA-N"
"ADA10","HOYBUULCSXDSPC-KAOUJKNGSA-N"
"MMP8","UACUZULRKJKTHE-CZYKHXBRSA-N"
"ATS5","UACUZULRKJKTHE-CZYKHXBRSA-N"
"ATS4","UACUZULRKJKTHE-CZYKHXBRSA-N"
"ADA17","UACUZULRKJKTHE-CZYKHXBRSA-N"
"MMP1","WDMHNYGKKIGVDS-VDOFVVGCSA-N"
"BACE1","UIWWGBKSSHAJQP-XGTQTKKKSA-N"
"CATD","UIWWGBKSSHAJQP-XGTQTKKKSA-N"
"PPCE","LIUVUIPCJKXZGP-INIZCTEOSA-N"
"FURIN","SEBHFUKXIZTSDZ-OSZJIOELSA-N"
"LKHA4","AXKCLMARXPEYOI-UHFFFAOYSA-N"
"ACE","YJSMEONIEBYZRH-SJBKTWHCSA-N"
"NEP","YJSMEONIEBYZRH-SJBKTWHCSA-N"
"ECE1","YJSMEONIEBYZRH-SJBKTWHCSA-N"
"KLK1","ZLUOAFAJSUPHOG-UHFFFAOYSA-N"
"FA10","ZLUOAFAJSUPHOG-UHFFFAOYSA-N"
"KLK1","UAQQNLPTVQXSEN-OIAZJYILSA-N"
"KLK3","NOBULJMFZNZPPL-WTCRLXJDSA-N"
"ELNE","HMYNOKASGANDBO-UHFFFAOYSA-N"
"CMA1","YSOMBHFITHOMPW-UHFFFAOYSA-N"
"CATG","YSOMBHFITHOMPW-UHFFFAOYSA-N"
"PCP","NQQTZHAMXOGMOP-UHFFFAOYSA-N"
"CATS","WMAMQEQQNAMERO-UHFFFAOYSA-N"
"CATS","WCQQOAFZCDVMEP-UHFFFAOYSA-N"
"ACE","REYZTLDFNDLPPL-RROWVDKYSA-N"
"ECE1","REYZTLDFNDLPPL-RROWVDKYSA-N"
"ACE","LIOSIPYHSGHPQG-HXIUBBBLSA-N"
"NEP","LIOSIPYHSGHPQG-HXIUBBBLSA-N"
"ACE","ZPFSKFCSVXPMBD-JHOVWCEZSA-N"
"ACE","YJNWDJIIFRGLRO-ZCLHRBOTSA-N"
"NEP","ZPFSKFCSVXPMBD-JHOVWCEZSA-N"
"NEP","YJNWDJIIFRGLRO-ZCLHRBOTSA-N"
"ECE1","ZPFSKFCSVXPMBD-JHOVWCEZSA-N"
"ECE1","YJNWDJIIFRGLRO-ZCLHRBOTSA-N"
"ACE","IMPJIKIXNAGRCR-HVWCXUFESA-N"
"PEPA5","DVRJOUXWYVOMLR-IIZANFQQSA-N"
"HYES","MVEYHUFYLLSGSR-UHFFFAOYSA-N"
"FA10","GNYXHJVKEWBHAI-QHCPKHFHSA-N"
"BACE1","JIBQVJZSWQNHLX-QHCPKHFHSA-N"
"CATD","JIBQVJZSWQNHLX-QHCPKHFHSA-N"
"HYES","PMWQIIOHOWIEAH-UHFFFAOYSA-N"
"MMP1","NXWFYCXTAINJMY-BRSBDYLESA-N"
"MMP1","IISMJBOLNRKABL-JJXSEGSLSA-N"
"MMP1","FABJTKDLHAAFNV-DGAVXFQQSA-N"
"MMP1","WOZRCMBDSXXEAJ-RFQIPJPRSA-N"
"MMP3","NXWFYCXTAINJMY-BRSBDYLESA-N"
"MMP3","IISMJBOLNRKABL-JJXSEGSLSA-N"
"MMP3","FABJTKDLHAAFNV-DGAVXFQQSA-N"
"MMP3","WOZRCMBDSXXEAJ-RFQIPJPRSA-N"
"MMP9","IISMJBOLNRKABL-JJXSEGSLSA-N"
"MMP9","FABJTKDLHAAFNV-DGAVXFQQSA-N"
"MMP9","WOZRCMBDSXXEAJ-RFQIPJPRSA-N"
"ADA17","NXWFYCXTAINJMY-BRSBDYLESA-N"
"ADA17","IISMJBOLNRKABL-JJXSEGSLSA-N"
"ADA17","FABJTKDLHAAFNV-DGAVXFQQSA-N"
"ADA17","WOZRCMBDSXXEAJ-RFQIPJPRSA-N"
"FA9","COPFNINVTDIILJ-UHFFFAOYSA-N"
"ACE","LVRLSYPNFFBYCZ-VGWMRTNUSA-N"
"NEP","LVRLSYPNFFBYCZ-VGWMRTNUSA-N"
"HYES","OBZZDNUJCVZFFU-UHFFFAOYSA-N"
"AMPN","HQEOEKZNWMXPAE-UQWHTAPSSA-N"
"RENI","IWJPAZAMBMFUOO-VTIYRKAUSA-N"
"RENI","UPMYXXWLKPRNBD-RUZDIDTESA-N"
"CATS","HXLZKNXUQROSDU-UHFFFAOYSA-N"
"MMP1","WQCXDERWRJMJQA-RUZDIDTESA-N"
"MMP3","WQCXDERWRJMJQA-RUZDIDTESA-N"
"MMP14","WQCXDERWRJMJQA-RUZDIDTESA-N"
"MMP2","WQCXDERWRJMJQA-RUZDIDTESA-N"
"MMP9","WQCXDERWRJMJQA-RUZDIDTESA-N"
"FA7","PJNZMRYWHMYPCK-UHFFFAOYSA-N"
"FA7","HFACJDQFDDGCJK-UHFFFAOYSA-N"
"FA7","AZLUTOKPLNIYBR-UHFFFAOYSA-N"
"FA10","PJNZMRYWHMYPCK-UHFFFAOYSA-N"
"FA10","HFACJDQFDDGCJK-UHFFFAOYSA-N"
"FA10","AZLUTOKPLNIYBR-UHFFFAOYSA-N"
"THRB","PJNZMRYWHMYPCK-UHFFFAOYSA-N"
"THRB","HFACJDQFDDGCJK-UHFFFAOYSA-N"
"THRB","AZLUTOKPLNIYBR-UHFFFAOYSA-N"
"LKHA4","LYOSKDSEWRJQAH-IBGZPJMESA-N"
"PLMN","WKPLTJYUKCBVTC-UHFFFAOYSA-N"
"TRYB1","WKPLTJYUKCBVTC-UHFFFAOYSA-N"
"RENI","XXQKRNVVWCJOMV-RWCIVJTCSA-N"
"DPP8","ZSANYRQZXIRJRH-UHFFFAOYSA-N"
"DPP9","ZSANYRQZXIRJRH-UHFFFAOYSA-N"
"CATS","RAOWCBOEDQCALX-UHFFFAOYSA-N"
"CATK","RAOWCBOEDQCALX-UHFFFAOYSA-N"
"DPP8","LLQGTCNVKSGYQG-UHFFFAOYSA-N"
"DPP9","LLQGTCNVKSGYQG-UHFFFAOYSA-N"
"CAN1","USKSMRVWDCYDTJ-WWNGRIQCSA-N"
"CATG","IRHKZLUEFHIQGW-MBJFVKNHSA-N"
"DPP8","ITLZQNVDXDVBBF-JYJNAYRXSA-N"
"DPP9","ITLZQNVDXDVBBF-JYJNAYRXSA-N"
"SEPR","ITLZQNVDXDVBBF-JYJNAYRXSA-N"
"DPP4","ITLZQNVDXDVBBF-JYJNAYRXSA-N"
"DPP2","ITLZQNVDXDVBBF-JYJNAYRXSA-N"
"CATC","OWXGOHWYUAIZNU-UNMCSNQZSA-N"
"CATK","OWXGOHWYUAIZNU-UNMCSNQZSA-N"
"PCP","JBNAKVNFRIRXKX-SVBPBHIXSA-N"
"THRB","JYGJKZKLNWLLRD-UPJWGTAASA-N"
"FA10","GJEPQTOOGGNJLG-UZUQRXQVSA-O"
"DPP4","DTNUQCRCHKWJCE-PKLMIRHRSA-N"
"CATF","ZPVHBQIGHVBBKF-CPCREDONSA-N"
"CATB","ZPVHBQIGHVBBKF-CPCREDONSA-N"
"FA10","QAILDCHYMLYEOM-VGOFRKELSA-O"
"CATL1","JLZPHDGPTVJCOI-URORMMCBSA-N"
"CATF","JLZPHDGPTVJCOI-URORMMCBSA-N"
"CATB","JLZPHDGPTVJCOI-URORMMCBSA-N"
"MMP14","RQCBSNJRFVZHOS-GOSISDBHSA-N"
"MMP2","RQCBSNJRFVZHOS-GOSISDBHSA-N"
"MMP9","RQCBSNJRFVZHOS-GOSISDBHSA-N"
"MMP8","RQCBSNJRFVZHOS-GOSISDBHSA-N"
"MMP16","RQCBSNJRFVZHOS-GOSISDBHSA-N"
"ENTK","FCUZICMQZZVVKV-UHFFFAOYSA-N"
"MMP3","WHTRIFCXCJYQKX-SSEXGKCCSA-N"
"MMP2","WHTRIFCXCJYQKX-SSEXGKCCSA-N"
"ST14","UFWFYDYOFNNXQW-UHFFFAOYSA-N"
"UROK","UFWFYDYOFNNXQW-UHFFFAOYSA-N"
"CATS","XXJWPPGCVHHBKE-NSOVKSMOSA-N"
"HEPS","BJXGLJBDCNUTAI-LJAQVGFWSA-N"
"MMP1","OAXIYDWDKICQCU-PVHODMMVSA-N"
"MMP3","OAXIYDWDKICQCU-PVHODMMVSA-N"
"MMP2","OAXIYDWDKICQCU-PVHODMMVSA-N"
"MMP3","RSAGFYGPXOAVNX-RUZDIDTESA-N"
"MMP2","RSAGFYGPXOAVNX-RUZDIDTESA-N"
"MMP9","RSAGFYGPXOAVNX-RUZDIDTESA-N"
"MMP8","RSAGFYGPXOAVNX-RUZDIDTESA-N"
"PSB8","ILBBOKHACYTXRK-UHFFFAOYSA-N"
"MMP2","YLMQYIQDNAUTDZ-HSZRJFAPSA-N"
"MMP9","YLMQYIQDNAUTDZ-HSZRJFAPSA-N"
"AMPN","XFZZDIHCNHYESF-UHFFFAOYSA-N"
"ST14","KGURYHSVQMMONJ-IYARVYRRSA-N"
"FA10","KGURYHSVQMMONJ-IYARVYRRSA-N"
"MAP11","XYSNLULENDDWAK-UHFFFAOYSA-N"
"ST14","KHXUOGWJZOGGLO-UHFFFAOYSA-N"
"UROK","KHXUOGWJZOGGLO-UHFFFAOYSA-N"
"THRB","KHXUOGWJZOGGLO-UHFFFAOYSA-N"
"FA7","KKJYVDXDZURHMA-UHFFFAOYSA-N"
"FA10","KKJYVDXDZURHMA-UHFFFAOYSA-N"
"THRB","KKJYVDXDZURHMA-UHFFFAOYSA-N"
"BACE1","CZVMWVSTYZAQPV-ZHRMCQFGSA-N"
"THRB","DIDZBBLRDSTKCE-UHFFFAOYSA-N"
"HEPS","YBSJFWOBGCMAKL-UHFFFAOYSA-N"
"THRB","YBSJFWOBGCMAKL-UHFFFAOYSA-N"
"ATS5","AUSYXXOLFARXLL-UHFFFAOYSA-N"
"ATS4","AUSYXXOLFARXLL-UHFFFAOYSA-N"
"MMP1","PENUDEJHXUSMIL-USVHUCMKSA-N"
"MMP14","FTPFWQRREQUXLQ-USVHUCMKSA-N"
"MMP14","PENUDEJHXUSMIL-USVHUCMKSA-N"
"ATS5","FTPFWQRREQUXLQ-USVHUCMKSA-N"
"ATS5","PENUDEJHXUSMIL-USVHUCMKSA-N"
"ATS5","OGCHVEMYHSXDJE-MMACOIQUSA-N"
"MMP14","OTCWHHBFFQOWCU-DYHNYNMBSA-N"
"ATS5","OTCWHHBFFQOWCU-DYHNYNMBSA-N"
"MMP3","QCRPOQONCVCBFI-UHFFFAOYSA-N"
"MMP3","UIGGXLFLAQCMAY-UHFFFAOYSA-N"
"MMP3","BNPWNBBKUMLEJM-UHFFFAOYSA-N"
"MMP3","MTRATHZFTCSGDT-UHFFFAOYSA-N"
"MMP2","UIGGXLFLAQCMAY-UHFFFAOYSA-N"
"MMP2","BNPWNBBKUMLEJM-UHFFFAOYSA-N"
"MMP2","MTRATHZFTCSGDT-UHFFFAOYSA-N"
"MMP9","MTRATHZFTCSGDT-UHFFFAOYSA-N"
"MMP8","UIGGXLFLAQCMAY-UHFFFAOYSA-N"
"MMP8","BNPWNBBKUMLEJM-UHFFFAOYSA-N"
"MMP8","MTRATHZFTCSGDT-UHFFFAOYSA-N"
"MMP3","MMCUCOOPEAHRPL-UHFFFAOYSA-N"
"MMP2","MMCUCOOPEAHRPL-UHFFFAOYSA-N"
"MMP8","MMCUCOOPEAHRPL-UHFFFAOYSA-N"
"MMP3","LIQFLIXIOKMDTJ-UHFFFAOYSA-N"
"MMP7","LIQFLIXIOKMDTJ-UHFFFAOYSA-N"
"MMP2","LIQFLIXIOKMDTJ-UHFFFAOYSA-N"
"MMP9","LIQFLIXIOKMDTJ-UHFFFAOYSA-N"
"MMP8","LIQFLIXIOKMDTJ-UHFFFAOYSA-N"
"MMP3","FVPQYGSYGOKFLW-UHFFFAOYSA-N"
"MMP8","FVPQYGSYGOKFLW-UHFFFAOYSA-N"
"MMP1","ODFXJYBYTABKHA-BTYSJIOQSA-N"
"MMP1","NIPJJOWPCLBDGS-CLOONOSVSA-N"
"MMP3","ODFXJYBYTABKHA-BTYSJIOQSA-N"
"MMP3","NIPJJOWPCLBDGS-CLOONOSVSA-N"
"MMP14","NIPJJOWPCLBDGS-CLOONOSVSA-N"
"MMP7","ODFXJYBYTABKHA-BTYSJIOQSA-N"
"MMP7","NIPJJOWPCLBDGS-CLOONOSVSA-N"
"MMP2","ODFXJYBYTABKHA-BTYSJIOQSA-N"
"MMP2","NIPJJOWPCLBDGS-CLOONOSVSA-N"
"MMP9","ODFXJYBYTABKHA-BTYSJIOQSA-N"
"MMP9","NIPJJOWPCLBDGS-CLOONOSVSA-N"
"LCAP","SFSFKMJTPVEWAE-NTIKOSHWSA-N"
"MMP2","AWLKOGZBGNQOBA-UHFFFAOYSA-N"
"MMP9","AWLKOGZBGNQOBA-UHFFFAOYSA-N"
"MMP3","JATUSZYMCBLDQS-UHFFFAOYSA-N"
"MMP14","JATUSZYMCBLDQS-UHFFFAOYSA-N"
"MMP9","JATUSZYMCBLDQS-UHFFFAOYSA-N"
"MMP8","JATUSZYMCBLDQS-UHFFFAOYSA-N"
"TM11D","QZULTDLPYZTNSX-RPWUZVMVSA-N"
"MMP9","SRDYHGFRYLKSRU-UHFFFAOYSA-N"
"HYES","YBUNCLGRFGHETR-UHFFFAOYSA-N"
"MMP12","TUJKFLFRSWBCFZ-QHCPKHFHSA-N"
"FA10","PMROMFBTYNBPHW-UHFFFAOYSA-N"
"RENI","RPKQQZBIQPFJRD-NYFMKLKXSA-N"
"LGMN","MYHAEFWAINZSOU-XGNXJENSSA-N"
"DPP4","PARCWEQRCVIVGZ-UHFFFAOYSA-N"
"HYES","IDDJPXYCZPKFEP-UHFFFAOYSA-N"
"PCP","ALEZTVDHVPUCJJ-LEWJYISDSA-N"
"BACE1","JVNKLECJDZSZDR-GMQQYTKMSA-N"
"BACE1","FMERUWXQZUKUAL-RWSKJCERSA-N"
"CATD","FMERUWXQZUKUAL-RWSKJCERSA-N"
"FA10","GJLYGIJZQHYVIB-UHFFFAOYSA-N"
"CATK","MSHULPIKNRKAQH-QZTJIDSGSA-N"
"DPP8","UBDCHKXSBGAGNJ-MFKMUULPSA-N"
"DPP9","UBDCHKXSBGAGNJ-MFKMUULPSA-N"
"DPP4","JZZAWXROTYGWIU-PKLMIRHRSA-N"
"NEP","NAOAQOAPOBTFLY-HMTLIYDFSA-N"
"PPCE","AUHQVJXPKRFCST-KRWDZBQOSA-N"
"CATK","IAKLMYSRERBHEH-IAGOWNOFSA-N"
"CATK","KFZXSMATDSSFDD-DUXKGJEZSA-N"
"CATB","KFZXSMATDSSFDD-DUXKGJEZSA-N"
"CATS","MVLVSSYWLGSAFE-MAODMQOUSA-N"
"CATK","MVLVSSYWLGSAFE-MAODMQOUSA-N"
"CATB","MVLVSSYWLGSAFE-MAODMQOUSA-N"
"BACE1","MRXBCEQZNKUUIP-DEOSSOPVSA-N"
"BACE1","CHZHWZAKWGFQNL-DEOSSOPVSA-N"
"CATE","CHZHWZAKWGFQNL-DEOSSOPVSA-N"
"BACE1","NAPJKGYDRZMCMA-HXPMCKFVSA-N"
"MMP3","OTEWYJZEFZRZKI-XMMPIXPASA-N"
"MMP14","OTEWYJZEFZRZKI-XMMPIXPASA-N"
"MMP2","OTEWYJZEFZRZKI-XMMPIXPASA-N"
"MMP9","OTEWYJZEFZRZKI-XMMPIXPASA-N"
"MMP8","OTEWYJZEFZRZKI-XMMPIXPASA-N"
"CFAD","ITTNDCXUUDNAPV-OAOOKAIFSA-N"
"LKHA4","FLPSMGMQYQHPLM-UHFFFAOYSA-N"
"MMP2","WPGRSZLFNFYSPR-UHFFFAOYSA-N"
"MMP9","WPGRSZLFNFYSPR-UHFFFAOYSA-N"
"MMP8","WPGRSZLFNFYSPR-UHFFFAOYSA-N"
"KLKB1","WMLLWXCYJMFXSU-LTJSBYPUSA-N"
"PLMN","WMLLWXCYJMFXSU-LTJSBYPUSA-N"
"KLKB1","AGWPISFQDMJINO-CZZGGHMTSA-N"
"PLMN","AGWPISFQDMJINO-CZZGGHMTSA-N"
"THRB","AGWPISFQDMJINO-CZZGGHMTSA-N"
"KLKB1","XBLBJCJDIRIFMO-LTJSBYPUSA-N"
"PROC","XBLBJCJDIRIFMO-LTJSBYPUSA-N"
"PLMN","XBLBJCJDIRIFMO-LTJSBYPUSA-N"
"FA10","XBLBJCJDIRIFMO-LTJSBYPUSA-N"
"THRB","XBLBJCJDIRIFMO-LTJSBYPUSA-N"
"KLKB1","PKFMLTOTRJKTIB-FYGBZDAYSA-N"
"PROC","PKFMLTOTRJKTIB-FYGBZDAYSA-N"
"PLMN","PKFMLTOTRJKTIB-FYGBZDAYSA-N"
"FA10","PKFMLTOTRJKTIB-FYGBZDAYSA-N"
"PSB2","YIGNKMPOJDLDAJ-BZNPCLEFSA-N"
"BACE1","WQDXYYJHDFSNIX-KZULUSFZSA-N"
"PSB2","ITNPUMWFZSSQHR-OURKOHGDSA-N"
"PSB5","ITNPUMWFZSSQHR-OURKOHGDSA-N"
"PSB1","BNUDCUHAJQYFTO-VZPQPJJMSA-N"
"PSB5","BNUDCUHAJQYFTO-VZPQPJJMSA-N"
"BACE1","DVMUZHLUMHPCGZ-QGZVFWFLSA-N"
"BACE1","WZFQYQRPZUHUOR-FQEVSTJZSA-N"
"ATS5","BFSPDMQTMAIVRR-NYYWCZLTSA-N"
"MMP3","ZXVWNUSVQOQAIY-ZEQRLZLVSA-N"
"MMP14","ZXVWNUSVQOQAIY-ZEQRLZLVSA-N"
"MMP2","ZXVWNUSVQOQAIY-ZEQRLZLVSA-N"
"MMP9","ZXVWNUSVQOQAIY-ZEQRLZLVSA-N"
"HYES","QTWZLGJMQCNKFJ-UHFFFAOYSA-N"
"FA7","SBOBWTGREHDFLR-YSZBQJHXSA-N"
"THRB","SBOBWTGREHDFLR-YSZBQJHXSA-N"
"FA7","XYDDZKJDKLNMIW-GMCHKSTQSA-N"
"FA7","PDUMJXCNOKHQKH-UHFFFAOYSA-N"
"KLKB1","PDUMJXCNOKHQKH-UHFFFAOYSA-N"
"PROC","PDUMJXCNOKHQKH-UHFFFAOYSA-N"
"PLMN","PDUMJXCNOKHQKH-UHFFFAOYSA-N"
"FA10","XYDDZKJDKLNMIW-GMCHKSTQSA-N"
"FA10","PDUMJXCNOKHQKH-UHFFFAOYSA-N"
"FA11","XYDDZKJDKLNMIW-GMCHKSTQSA-N"
"FA11","PDUMJXCNOKHQKH-UHFFFAOYSA-N"
"FA7","GCBXPOHPNDVIFD-HSZRJFAPSA-N"
"FA9","GCBXPOHPNDVIFD-HSZRJFAPSA-N"
"FA10","GCBXPOHPNDVIFD-HSZRJFAPSA-N"
"FA7","DKSGJHUZOLTNAI-UHFFFAOYSA-N"
"FA7","VONRMZQOIJRIBX-UHFFFAOYSA-N"
"FA9","VONRMZQOIJRIBX-UHFFFAOYSA-N"
"LKHA4","FFEHZWWAKZFKGK-UHFFFAOYSA-N"
"DPP4","JHIFTPQOVZRODM-ZYJMRSDMSA-N"
"DPP2","JHIFTPQOVZRODM-ZYJMRSDMSA-N"
"DPP8","IKUISOBQXBKHEE-UHFFFAOYSA-N"
"DPP8","CKZFVWOHYQPQSY-UHFFFAOYSA-N"
"DPP9","IKUISOBQXBKHEE-UHFFFAOYSA-N"
"DPP9","CKZFVWOHYQPQSY-UHFFFAOYSA-N"
"DPP4","IKUISOBQXBKHEE-UHFFFAOYSA-N"
"DPP4","CKZFVWOHYQPQSY-UHFFFAOYSA-N"
"PCP","AXXCMOIEGOZRPQ-FCEKVYKBSA-N"
"PCP","IIXUBHOQXODODU-FZCBKRAZSA-N"
"CATS","YJZKURYVZRISEA-VAMGGRTRSA-N"
"CATB","YJZKURYVZRISEA-VAMGGRTRSA-N"
"ST14","UVYYQDUXIOWSPK-UHFFFAOYSA-N"
"FA10","UVYYQDUXIOWSPK-UHFFFAOYSA-N"
"PSB2","ICTXCYLVDRAYMO-UHFFFAOYSA-N"
"PSB2","CVNPFNZJSHRZFA-UHFFFAOYSA-N"
"PSB1","ICTXCYLVDRAYMO-UHFFFAOYSA-N"
"PSB1","CVNPFNZJSHRZFA-UHFFFAOYSA-N"
"PSB5","ICTXCYLVDRAYMO-UHFFFAOYSA-N"
"PSB5","CVNPFNZJSHRZFA-UHFFFAOYSA-N"
"PSB2","BMTQBVWFOFKLIN-UHFFFAOYSA-N"
"PSB1","BMTQBVWFOFKLIN-UHFFFAOYSA-N"
"KLK5","WCQXADJIYXVGOP-MRKXFKPJSA-N"
"HYES","YPXHRVREWGTCMZ-UXHICEINSA-N"
"THRB","IECQKBVHIONTKP-VWLOTQADSA-N"
"PROC","NXHJFYOXCGFBSY-WTQRLHSKSA-N"
"CASP7","ABCKZNSVBLCRMS-AWEZNQCLSA-N"
"CASP1","ABCKZNSVBLCRMS-AWEZNQCLSA-N"
"CASP3","ABCKZNSVBLCRMS-AWEZNQCLSA-N"
"FA7","HZWLXTGQNYLLDT-LWQYYNMXSA-N"
"FA10","HZWLXTGQNYLLDT-LWQYYNMXSA-N"
"FA11","HZWLXTGQNYLLDT-LWQYYNMXSA-N"
"MMP1","QFTWPDUNHCKGKX-UHFFFAOYSA-N"
"MMP9","QFTWPDUNHCKGKX-UHFFFAOYSA-N"
"ADA17","QFTWPDUNHCKGKX-UHFFFAOYSA-N"
"KLKB1","GJQARFAKHMCMDU-VWLOTQADSA-N"
"FA11","GJQARFAKHMCMDU-VWLOTQADSA-N"
"CATD","IOLYFAMYPGEJGD-OIDHKYIRSA-N"
"ST14","TZEQURTUCFGROG-UHFFFAOYSA-N"
"UROK","TZEQURTUCFGROG-UHFFFAOYSA-N"
"THRB","TZEQURTUCFGROG-UHFFFAOYSA-N"
"ST14","OAEXMPBPOPOGSR-HZCBDIJESA-N"
"ST14","TZFJFSCBSJSOGE-HZCBDIJESA-N"
"PLMN","OAEXMPBPOPOGSR-HZCBDIJESA-N"
"PLMN","TZFJFSCBSJSOGE-HZCBDIJESA-N"
"UROK","OAEXMPBPOPOGSR-HZCBDIJESA-N"
"UROK","TZFJFSCBSJSOGE-HZCBDIJESA-N"
"MMP3","CDQRIIUMNLMHRH-UHFFFAOYSA-N"
"MMP2","CDQRIIUMNLMHRH-UHFFFAOYSA-N"
"MMP10","CDQRIIUMNLMHRH-UHFFFAOYSA-N"
"MMP8","CDQRIIUMNLMHRH-UHFFFAOYSA-N"
"MMP1","ANFAAJVPGXQKBB-NXCFDTQHSA-N"
"MMP1","CIQJGNDHWOIZCK-ZNZIZOMTSA-N"
"MMP1","XEONYLBJVDXPRB-BDTNDASRSA-N"
"MMP3","ANFAAJVPGXQKBB-NXCFDTQHSA-N"
"MMP3","CIQJGNDHWOIZCK-ZNZIZOMTSA-N"
"MMP3","XEONYLBJVDXPRB-BDTNDASRSA-N"
"MMP7","ANFAAJVPGXQKBB-NXCFDTQHSA-N"
"MMP7","CIQJGNDHWOIZCK-ZNZIZOMTSA-N"
"MMP7","XEONYLBJVDXPRB-BDTNDASRSA-N"
"TMPS6","PPZMTPFBZSVVTC-JSRHHAARSA-N"
"ST14","PPZMTPFBZSVVTC-JSRHHAARSA-N"
"TMPS6","VJPPADPJUXWEMC-MTZHBSBLSA-N"
"ST14","VJPPADPJUXWEMC-MTZHBSBLSA-N"
"KLKB1","IOLSRAXZCKDSPO-FIKGOQFSSA-N"
"KLK1","IOLSRAXZCKDSPO-FIKGOQFSSA-N"
"FA11","IOLSRAXZCKDSPO-FIKGOQFSSA-N"
"MMP14","LBVBVIKJOWWVJX-MRXNPFEDSA-N"
"ATS5","LBVBVIKJOWWVJX-MRXNPFEDSA-N"
"ATS4","LBVBVIKJOWWVJX-MRXNPFEDSA-N"
"MMP10","YNHGVYGMFAREOF-UHFFFAOYSA-N"
"MMP8","YNHGVYGMFAREOF-UHFFFAOYSA-N"
"PRTN3","SPUIRELLQQZNEL-JPYSFOGZSA-N"
"RENI","WGHJKYWWSVIRLL-JYFHCDHNSA-N"
"CATD","PGSGWIDQXZCHJL-FYSMJZIKSA-N"
"RENI","PGSGWIDQXZCHJL-FYSMJZIKSA-N"
"MMP3","VPRBKPRUOSPYMW-UHFFFAOYSA-N"
"MMP10","VPRBKPRUOSPYMW-UHFFFAOYSA-N"
"FA9","KSIMBQNDIBGKTO-IBGZPJMESA-N"
"FA10","KSIMBQNDIBGKTO-IBGZPJMESA-N"
"ELNE","QUSDITZWJZYKIX-UHFFFAOYSA-N"
"DPP4","APAZYVZBHAXPLE-VPOLOUISSA-N"
"KLKB1","MNVTXUPCTQRIEV-UHFFFAOYSA-N"
"FA10","MNVTXUPCTQRIEV-UHFFFAOYSA-N"
"CBPB2","IHZPIKIYQNIWSX-XVCFFUJGSA-N"
"CATS","ZBLLHXCRPWKVCY-UHFFFAOYSA-N"
"CATK","ZBLLHXCRPWKVCY-UHFFFAOYSA-N"
"CATB","ZBLLHXCRPWKVCY-UHFFFAOYSA-N"
"KLK1","ZOWREHOVFWKKPQ-UHFFFAOYSA-N"
"KLKB1","HLENBKTVSREWEE-AREMUKBSSA-N"
"PROC","HLENBKTVSREWEE-AREMUKBSSA-N"
"THRB","HLENBKTVSREWEE-AREMUKBSSA-N"
"HYES","RPLZDPSMOXZJNK-UHFFFAOYSA-N"
"ATS4","WGNGBKMCAMIONA-UHFFFAOYSA-N"
"ATS4","HDMVFWKJAOYFBD-UHFFFAOYSA-N"
"ATS4","GYJBRTKAEHLDQW-UHFFFAOYSA-N"
"ATS4","RGXRDSPPMREJGO-UHFFFAOYSA-N"
"ATS4","YJKZMNRVNNOJMV-UHFFFAOYSA-N"
"ST14","JLNWQCVTYJZHGE-VWLOTQADSA-N"
"THRB","JLNWQCVTYJZHGE-VWLOTQADSA-N"
"KLK4","AOMZQHHLSHFCGW-LQFZIJPOSA-N"
"KLK4","VRMZLUPLYRHORK-GIBJNIQWSA-N"
"KLK5","VRMZLUPLYRHORK-GIBJNIQWSA-N"
"KLK14","AOMZQHHLSHFCGW-LQFZIJPOSA-N"
"KLK14","VRMZLUPLYRHORK-GIBJNIQWSA-N"
"PLMN","WLLYNBSNNIWCMO-UATUEGOXSA-N"
"THRB","WLLYNBSNNIWCMO-UATUEGOXSA-N"
"TMPS6","KWSMBEJYQLCPRA-MFPJKNJCSA-N"
"PLMN","KWSMBEJYQLCPRA-MFPJKNJCSA-N"
"THRB","KWSMBEJYQLCPRA-MFPJKNJCSA-N"
"FA9","TYWWABBJXVGGPH-KRWDZBQOSA-N"
"HYEP","UKNFMYOQCRGBRG-UHFFFAOYSA-N"
"BACE1","PNZIOQNBQOTGPK-UHFFFAOYSA-N"
"ACE","UVFBPEBPXILYRM-UIOOFZCWSA-N"
"ACE2","UVFBPEBPXILYRM-UIOOFZCWSA-N"
"NEP","UVFBPEBPXILYRM-UIOOFZCWSA-N"
"MMP3","FGDQQAHGMHOQDV-WVQWTBLQSA-N"
"MMP2","FGDQQAHGMHOQDV-WVQWTBLQSA-N"
"DPP9","LPGHTFZPBWNCQD-MRXNPFEDSA-N"
"DPP4","LPGHTFZPBWNCQD-MRXNPFEDSA-N"
"MMP1","BDCJZZXWIQJYLP-FIWHBWSRSA-N"
"MMP9","BDCJZZXWIQJYLP-FIWHBWSRSA-N"
"FA10","LRSKVRNPSWCPGL-UHFFFAOYSA-N"
"BACE1","YWZCKVAHVJWALI-UHFFFAOYSA-N"
"PPCE","YWWWYGQQSBBBEZ-VCBZYWHSSA-N"
"DPP8","YWWWYGQQSBBBEZ-VCBZYWHSSA-N"
"DPP9","YWWWYGQQSBBBEZ-VCBZYWHSSA-N"
"SEPR","YWWWYGQQSBBBEZ-VCBZYWHSSA-N"
"DPP4","YWWWYGQQSBBBEZ-VCBZYWHSSA-N"
"RENI","JIQCVGFMGZHWIV-OFSTUUFMSA-N"
"TRYB1","DFFMTKSEWMVESR-UHFFFAOYSA-N"
"FA7","DDUBVTHFQJYKCN-YTCPBCGMSA-N"
"FA10","DDUBVTHFQJYKCN-YTCPBCGMSA-N"
"KLK7","KJFHJZMOFADPOP-UHFFFAOYSA-N"
"PPCE","GIAAMKCACACNCN-WHZJULEDSA-N"
"DPP4","JPHOAWUKOBXEQB-LLVKDONJSA-N"
"LCAP","QSBGWDDCOJYQGY-KOQODJNWSA-N"
"AMPN","QSBGWDDCOJYQGY-KOQODJNWSA-N"
"MMP14","VMWGPLRCSWOQJR-UHFFFAOYSA-N"
"MMP2","VMWGPLRCSWOQJR-UHFFFAOYSA-N"
"MMP9","VMWGPLRCSWOQJR-UHFFFAOYSA-N"
"UROK","IVGMDANEFALECQ-UHFFFAOYSA-N"
"THRB","IVGMDANEFALECQ-UHFFFAOYSA-N"
"MMP1","QCBWOUQUDIILOW-UHFFFAOYSA-N"
"MMP9","QCBWOUQUDIILOW-UHFFFAOYSA-N"
"PLMN","SCFDAWOKUNONKP-XJACLPGGSA-N"
"UROK","SCFDAWOKUNONKP-XJACLPGGSA-N"
"MMP14","UDTXDKDGZMYOBK-DFBJGRDBSA-N"
"MMP14","JAPLGNWCNXCEJT-XDHUDOTRSA-N"
"MMP14","KFGJNQLPIZMSFB-XDHUDOTRSA-N"
"MMP2","UDTXDKDGZMYOBK-DFBJGRDBSA-N"
"MMP2","JAPLGNWCNXCEJT-XDHUDOTRSA-N"
"MMP2","KFGJNQLPIZMSFB-XDHUDOTRSA-N"
"CATL1","AZNDDHOZPWLFFK-UHFFFAOYSA-N"
"CATB","AZNDDHOZPWLFFK-UHFFFAOYSA-N"
"LKHA4","PWXUWRGUUIWKNG-UHFFFAOYSA-N"
"LKHA4","QWCBCDWVFAMHOI-UHFFFAOYSA-N"
"MMP1","MHYRZRJQEBSULL-ZWKOTPCHSA-N"
"MMP3","MHYRZRJQEBSULL-ZWKOTPCHSA-N"
"ADA17","MHYRZRJQEBSULL-ZWKOTPCHSA-N"
"FA10","QVQZHWGMGSPGNN-UUOWRZLLSA-N"
"MMP14","YQEMFOGNUTYMTJ-UHFFFAOYSA-N"
"MMP11","YQEMFOGNUTYMTJ-UHFFFAOYSA-N"
"MMP2","YQEMFOGNUTYMTJ-UHFFFAOYSA-N"
"MMP9","YQEMFOGNUTYMTJ-UHFFFAOYSA-N"
"MMP8","YQEMFOGNUTYMTJ-UHFFFAOYSA-N"
"MMP1","UERCGTJUVRFNRO-UHFFFAOYSA-N"
"MMP7","UERCGTJUVRFNRO-UHFFFAOYSA-N"
"CATK","SNDZVLAKMXZXKJ-UHFFFAOYSA-N"
"MMP1","NFDNOGJHVSTSMJ-UHFFFAOYSA-N"
"MMP7","NFDNOGJHVSTSMJ-UHFFFAOYSA-N"
"MMP1","RIOJMNDNYHZZFM-UHFFFAOYSA-N"
"MMP7","RIOJMNDNYHZZFM-UHFFFAOYSA-N"
"MMP1","RFNUTMXSNZMOSL-UHFFFAOYSA-N"
"MMP7","RFNUTMXSNZMOSL-UHFFFAOYSA-N"
"MMP1","GZKUZDYPVFZUJQ-UHFFFAOYSA-N"
"CATL1","VEUMPOBSVCGSCK-QHCPKHFHSA-N"
"CATS","VEUMPOBSVCGSCK-QHCPKHFHSA-N"
"CATK","VEUMPOBSVCGSCK-QHCPKHFHSA-N"
"NEP","ARLLTWAARBFLHJ-GSDHBNRESA-N"
"PLMN","WCGRPZYMHYKYHQ-AWEZNQCLSA-N"
"MMP14","XIQNNSMTTLQUTR-UHFFFAOYSA-N"
"MMP2","XIQNNSMTTLQUTR-UHFFFAOYSA-N"
"ADA17","XIQNNSMTTLQUTR-UHFFFAOYSA-N"
"RENI","WPAPODFGOZXFLG-UHFFFAOYSA-N"
"FA9","SRWVIUSCTTYZOM-UHFFFAOYSA-N"
"FA10","SRWVIUSCTTYZOM-UHFFFAOYSA-N"
"THRB","SRWVIUSCTTYZOM-UHFFFAOYSA-N"
"CASP7","OLSIEGWDJFSEDP-UHFFFAOYSA-N"
"CASP3","OLSIEGWDJFSEDP-UHFFFAOYSA-N"
"MMP3","PYNQNWZHEDOQHX-VWLOTQADSA-N"
"MMP7","PYNQNWZHEDOQHX-VWLOTQADSA-N"
"MMP8","PYNQNWZHEDOQHX-VWLOTQADSA-N"
"SEPR","PVJXCUHDUBMQIG-SKQCGHHBSA-N"
"DPP4","PVJXCUHDUBMQIG-SKQCGHHBSA-N"
"DPP2","PVJXCUHDUBMQIG-SKQCGHHBSA-N"
"HYES","ANODLIRPAIZPAR-UHFFFAOYSA-N"
"MMP3","IFHBUYGFCSEHIF-UHFFFAOYSA-N"
"MMP2","IFHBUYGFCSEHIF-UHFFFAOYSA-N"
"MMP1","ITDDXQSXMTUIFM-UHFFFAOYSA-N"
"MMP1","PRCRNUDMWULKSO-UHFFFAOYSA-N"
"MMP1","VGAPHGIXAQRVAL-UHFFFAOYSA-N"
"MMP3","ITDDXQSXMTUIFM-UHFFFAOYSA-N"
"MMP3","PRCRNUDMWULKSO-UHFFFAOYSA-N"
"MMP3","VGAPHGIXAQRVAL-UHFFFAOYSA-N"
"MMP2","ITDDXQSXMTUIFM-UHFFFAOYSA-N"
"MMP2","PRCRNUDMWULKSO-UHFFFAOYSA-N"
"MMP2","VGAPHGIXAQRVAL-UHFFFAOYSA-N"
"MMP3","XYVVUCAHUUIYFV-UHFFFAOYSA-N"
"MMP2","XYVVUCAHUUIYFV-UHFFFAOYSA-N"
"MMP3","QYMKPTMAFMKKTC-UHFFFAOYSA-N"
"MMP2","QYMKPTMAFMKKTC-UHFFFAOYSA-N"
"MMP3","YMFBAKCSKQKFMX-UHFFFAOYSA-N"
"MMP2","YMFBAKCSKQKFMX-UHFFFAOYSA-N"
"MMP3","KFTWEWMQNRZZNL-UHFFFAOYSA-N"
"MMP2","KFTWEWMQNRZZNL-UHFFFAOYSA-N"
"MMP1","VVZTYGQJDUUATC-UHFFFAOYSA-N"
"MMP3","VVZTYGQJDUUATC-UHFFFAOYSA-N"
"MMP2","VVZTYGQJDUUATC-UHFFFAOYSA-N"
"CATL1","KFSSAMTWPDRZDV-GEVKEYJPSA-N"
"CATB","KFSSAMTWPDRZDV-GEVKEYJPSA-N"
"CASP1","DZIZVSSVDZOQLR-SFHVURJKSA-N"
"FA7","BHBMIBBTFMPJDB-UHFFFAOYSA-N"
"TMPS6","VXUNFTCHIUPRIL-MHZLTWQESA-N"
"ST14","VXUNFTCHIUPRIL-MHZLTWQESA-N"
"ATS5","HBCUDWHEJFYEGN-XDHOZWIPSA-N"
"MMP14","IIABJCHWKFZJBK-ZDUSSCGKSA-N"
"MMP8","SOPDPCOBVSOXIM-ZDXQCDESSA-N"
"MMP11","ONKQNWHNBOMBCR-UHFFFAOYSA-N"
"MMP1","MCSWSPNUKWMZHM-UHFFFAOYSA-N"
"MMP1","CMBPIMDJJHAVBX-UHFFFAOYSA-N"
"MMP3","MCSWSPNUKWMZHM-UHFFFAOYSA-N"
"MMP3","CMBPIMDJJHAVBX-UHFFFAOYSA-N"
"MMP12","MCSWSPNUKWMZHM-UHFFFAOYSA-N"
"MMP7","MCSWSPNUKWMZHM-UHFFFAOYSA-N"
"MMP7","CMBPIMDJJHAVBX-UHFFFAOYSA-N"
"MMP9","MCSWSPNUKWMZHM-UHFFFAOYSA-N"
"MMP9","CMBPIMDJJHAVBX-UHFFFAOYSA-N"
"CATL1","PACZTXUZEYVPIY-UEXGIBASSA-N"
"CATB","PACZTXUZEYVPIY-UEXGIBASSA-N"
"CATL1","XJEBMYGPXQJVFF-FBLLAGFSSA-N"
"CATB","XJEBMYGPXQJVFF-FBLLAGFSSA-N"
"CATL1","TWOOZSOQPIWDLA-UEXGIBASSA-N"
"CATB","TWOOZSOQPIWDLA-UEXGIBASSA-N"
"CATL1","GYLFZOHLIXAVRJ-QKLQHJQFSA-N"
"HYES","FTSNUVFQWWHUBK-UHFFFAOYSA-N"
"SEPR","KKGGFSCOYYBHAU-IHRRRGAJSA-N"
"ELNE","WRYIHTCWDNVQMS-UHFFFAOYSA-N"
"CATL1","JKRSRTFLHYYBQJ-QBHOUYDASA-N"
"CATK","JKRSRTFLHYYBQJ-QBHOUYDASA-N"
"ELNE","NQYSONDNZRIGFI-UHFFFAOYSA-N"
"MMP1","XWGUPBCCRWJAMM-UHFFFAOYSA-N"
"MMP3","XWGUPBCCRWJAMM-UHFFFAOYSA-N"
"MMP7","XWGUPBCCRWJAMM-UHFFFAOYSA-N"
"MMP9","XWGUPBCCRWJAMM-UHFFFAOYSA-N"
"DPP8","GLDDOAUDNLQSLK-FYZYNONXSA-N"
"DPP9","GLDDOAUDNLQSLK-FYZYNONXSA-N"
"DPP4","GLDDOAUDNLQSLK-FYZYNONXSA-N"
"CATL1","YWFBKMXYOUWUFR-UHFFFAOYSA-N"
"CATB","YWFBKMXYOUWUFR-UHFFFAOYSA-N"
"CATK","BJXUTJHNAOJFQL-UHFFFAOYSA-N"
"SEPR","SWAHNRUQLSQRJA-HNNXBMFYSA-N"
"DPP4","SWAHNRUQLSQRJA-HNNXBMFYSA-N"
"DPP2","SWAHNRUQLSQRJA-HNNXBMFYSA-N"
"THRB","XNPQCHOSZVJBHP-BDTNDASRSA-N"
"DPP4","BQLQJJYOUIPPNQ-QGZVFWFLSA-N"
"MAP11","FIBATSPGNRZQTN-UHFFFAOYSA-N"
"MMP1","SUFSQYXUPYDFHG-CYBMUJFWSA-N"
"MMP1","VAQNHYAKIUNIKM-CYBMUJFWSA-N"
"MMP3","DRWHINQPSIPRHF-LLVKDONJSA-N"
"MMP3","SUFSQYXUPYDFHG-CYBMUJFWSA-N"
"MMP3","VAQNHYAKIUNIKM-CYBMUJFWSA-N"
"MMP7","VAQNHYAKIUNIKM-CYBMUJFWSA-N"
"MMP2","DRWHINQPSIPRHF-LLVKDONJSA-N"
"MMP2","SUFSQYXUPYDFHG-CYBMUJFWSA-N"
"MMP2","VAQNHYAKIUNIKM-CYBMUJFWSA-N"
"MMP9","DRWHINQPSIPRHF-LLVKDONJSA-N"
"MMP9","SUFSQYXUPYDFHG-CYBMUJFWSA-N"
"MMP9","VAQNHYAKIUNIKM-CYBMUJFWSA-N"
"MMP1","BXOTYZMFPUKYAU-UHFFFAOYSA-N"
"MMP14","BXOTYZMFPUKYAU-UHFFFAOYSA-N"
"MMP2","BXOTYZMFPUKYAU-UHFFFAOYSA-N"
"MMP9","BXOTYZMFPUKYAU-UHFFFAOYSA-N"
"MMP1","QPEZTCMCOIDQRV-SMDDNHRTSA-N"
"MMP3","QPEZTCMCOIDQRV-SMDDNHRTSA-N"
"MMP2","QPEZTCMCOIDQRV-SMDDNHRTSA-N"
"MMP9","CYYCSKFJEOSZTF-ZDUSSCGKSA-N"
"MMP8","CYYCSKFJEOSZTF-ZDUSSCGKSA-N"
"CATB","HPUDARKQBXYPKA-UHUGOGIASA-N"
"ST14","ONGKRKOCNOAMPQ-MHZLTWQESA-N"
"THRB","ONGKRKOCNOAMPQ-MHZLTWQESA-N"
"MMP1","GETQXLAMYOMSJS-GOSISDBHSA-N"
"MMP3","GETQXLAMYOMSJS-GOSISDBHSA-N"
"MMP7","GETQXLAMYOMSJS-GOSISDBHSA-N"
"MMP2","GETQXLAMYOMSJS-GOSISDBHSA-N"
"MMP9","GETQXLAMYOMSJS-GOSISDBHSA-N"
"MMP1","HTNLSTWGHBHDPS-CQSZACIVSA-N"
"MMP3","HTNLSTWGHBHDPS-CQSZACIVSA-N"
"MMP7","HTNLSTWGHBHDPS-CQSZACIVSA-N"
"MMP2","HTNLSTWGHBHDPS-CQSZACIVSA-N"
"MMP9","HTNLSTWGHBHDPS-CQSZACIVSA-N"
"MMP1","SUSMVCKSLVPRCL-QGZVFWFLSA-N"
"MMP3","SUSMVCKSLVPRCL-QGZVFWFLSA-N"
"MMP2","SUSMVCKSLVPRCL-QGZVFWFLSA-N"
"MMP9","SUSMVCKSLVPRCL-QGZVFWFLSA-N"
"MMP1","RCXJWFMVFQBLSC-MRXNPFEDSA-N"
"MMP3","RCXJWFMVFQBLSC-MRXNPFEDSA-N"
"MMP7","RCXJWFMVFQBLSC-MRXNPFEDSA-N"
"MMP2","RCXJWFMVFQBLSC-MRXNPFEDSA-N"
"MMP9","RCXJWFMVFQBLSC-MRXNPFEDSA-N"
"MMP9","WGPIMMRNIAYWBT-UHFFFAOYSA-N"
"ADA17","WGPIMMRNIAYWBT-UHFFFAOYSA-N"
"ADA17","SAGRPSRSCCTABN-UGKGYDQZSA-N"
"TRY2","FAISDMZUGCBUBT-UHFFFAOYSA-N"
"MMP1","CNDCCBOSTVCBMM-OAHLLOKOSA-N"
"MMP3","CNDCCBOSTVCBMM-OAHLLOKOSA-N"
"MMP2","CNDCCBOSTVCBMM-OAHLLOKOSA-N"
"MMP9","CNDCCBOSTVCBMM-OAHLLOKOSA-N"
"MMP12","HJFONKSERLWIGE-DEOSSOPVSA-N"
"MMP2","HJFONKSERLWIGE-DEOSSOPVSA-N"
"PROC","XSPHSWHLHARGRZ-MIJJZIGMSA-N"
"THRB","XSPHSWHLHARGRZ-MIJJZIGMSA-N"
"BACE1","FJYALDRNDKNYKU-DWJMSNRFSA-N"
"CATD","FJYALDRNDKNYKU-DWJMSNRFSA-N"
"DPP4","GZBYUTVYJCEJQS-GOTSBHOMSA-N"
"FA10","GBNYOANAAKFYIH-UHFFFAOYSA-N"
"NEP","YZHQLHZXTSWUDM-JCYRPKCISA-N"
"CATL1","QVDJMLQSYRSZKC-UPVQGACJSA-N"
"CATS","QVDJMLQSYRSZKC-UPVQGACJSA-N"
"CATK","QVDJMLQSYRSZKC-UPVQGACJSA-N"
"DPP4","IWTAAQGDAJIDDF-LRDDRELGSA-N"
"DPP4","AKIZMYRNMHKDJZ-INIZCTEOSA-N"
"THRB","JXDRVTULOVVFJK-KDVIAZGZSA-N"
"NEP","PWWQUDACQHLHAI-SJORKVTESA-N"
"KLKB1","PQVFCLMXCUWYFV-UHFFFAOYSA-N"
"FA10","PQVFCLMXCUWYFV-UHFFFAOYSA-N"
"KLKB1","HSOCJKVGABNCFC-UHFFFAOYSA-N"
"FA10","HSOCJKVGABNCFC-UHFFFAOYSA-N"
"KLKB1","FBXIHZSULWMHJY-UHFFFAOYSA-N"
"FA10","FBXIHZSULWMHJY-UHFFFAOYSA-N"
"THRB","FBXIHZSULWMHJY-UHFFFAOYSA-N"
"THRB","RAUPUVQHUFXDQT-IYLLGVDMSA-N"
"CBPB2","RAUPUVQHUFXDQT-IYLLGVDMSA-N"
"CAN1","GDRDYWSIEDJVRY-GJCUDGATSA-N"
"TMPS6","IBLAVZWCQYPXLH-RLAGABBFSA-N"
"ST14","IBLAVZWCQYPXLH-RLAGABBFSA-N"
"CASP7","GEZSSSVQIGDDMR-XJDOXCRVSA-N"
"CASP8","GEZSSSVQIGDDMR-XJDOXCRVSA-N"
"CASP1","GEZSSSVQIGDDMR-XJDOXCRVSA-N"
"CASP3","GEZSSSVQIGDDMR-XJDOXCRVSA-N"
"CASP7","NJAQASWTRGUAGC-LROBGIAVSA-N"
"CASP1","NJAQASWTRGUAGC-LROBGIAVSA-N"
"CASP3","NJAQASWTRGUAGC-LROBGIAVSA-N"
"CASP7","QLHDEYZCVHOGEF-OYKVQYDMSA-N"
"CASP8","QLHDEYZCVHOGEF-OYKVQYDMSA-N"
"CASP1","QLHDEYZCVHOGEF-OYKVQYDMSA-N"
"CASP3","QLHDEYZCVHOGEF-OYKVQYDMSA-N"
"CASP7","INTJRTIYLCEHRJ-JBJJAQNESA-N"
"CASP7","ULELQXPHOSNTHT-KKFHFHRHSA-N"
"CASP8","INTJRTIYLCEHRJ-JBJJAQNESA-N"
"CASP8","ULELQXPHOSNTHT-KKFHFHRHSA-N"
"CASP1","INTJRTIYLCEHRJ-JBJJAQNESA-N"
"CASP1","ULELQXPHOSNTHT-KKFHFHRHSA-N"
"CASP3","INTJRTIYLCEHRJ-JBJJAQNESA-N"
"CASP3","ULELQXPHOSNTHT-KKFHFHRHSA-N"
"CASP7","BTAFTKGHXXQLHC-ORFBVSJDSA-N"
"CASP8","BTAFTKGHXXQLHC-ORFBVSJDSA-N"
"CASP1","BTAFTKGHXXQLHC-ORFBVSJDSA-N"
"CASP3","BTAFTKGHXXQLHC-ORFBVSJDSA-N"
"CASP8","JPCVJWQLKRHLRX-HMTLIYDFSA-N"
"CASP1","JPCVJWQLKRHLRX-HMTLIYDFSA-N"
"CASP3","JPCVJWQLKRHLRX-HMTLIYDFSA-N"
"CASP8","VIKAKOARTUQKPC-HMTLIYDFSA-N"
"CASP1","VIKAKOARTUQKPC-HMTLIYDFSA-N"
"CASP3","VIKAKOARTUQKPC-HMTLIYDFSA-N"
"CASP7","DONUNLOVYIQJNS-XJDOXCRVSA-N"
"CASP8","DONUNLOVYIQJNS-XJDOXCRVSA-N"
"CASP1","DONUNLOVYIQJNS-XJDOXCRVSA-N"
"CASP3","DONUNLOVYIQJNS-XJDOXCRVSA-N"
"CASP7","LVXZMAMJNHAXKU-ZENAZSQFSA-N"
"CASP8","LVXZMAMJNHAXKU-ZENAZSQFSA-N"
"CASP1","LVXZMAMJNHAXKU-ZENAZSQFSA-N"
"CASP3","LVXZMAMJNHAXKU-ZENAZSQFSA-N"
"CASP8","UUTWTWROPLXGDT-OYKVQYDMSA-N"
"CASP1","UUTWTWROPLXGDT-OYKVQYDMSA-N"
"CASP3","UUTWTWROPLXGDT-OYKVQYDMSA-N"
"CASP7","MBPKVWLXSMFUMN-OYKVQYDMSA-N"
"CASP8","MBPKVWLXSMFUMN-OYKVQYDMSA-N"
"CASP1","MBPKVWLXSMFUMN-OYKVQYDMSA-N"
"CASP3","MBPKVWLXSMFUMN-OYKVQYDMSA-N"
"CASP7","NAZSWKZWCFVHEL-ZENAZSQFSA-N"
"CASP8","NAZSWKZWCFVHEL-ZENAZSQFSA-N"
"CASP1","NAZSWKZWCFVHEL-ZENAZSQFSA-N"
"CASP3","NAZSWKZWCFVHEL-ZENAZSQFSA-N"
"CASP7","YDWMZYBWKLFQKO-RFSHTEQGSA-N"
"CASP8","YDWMZYBWKLFQKO-RFSHTEQGSA-N"
"CASP1","YDWMZYBWKLFQKO-RFSHTEQGSA-N"
"CASP3","YDWMZYBWKLFQKO-RFSHTEQGSA-N"
"CATL1","YOGVFFRGTMXMRZ-DTWKUNHWSA-N"
"CATL2","YOGVFFRGTMXMRZ-DTWKUNHWSA-N"
"CATC","YOGVFFRGTMXMRZ-DTWKUNHWSA-N"
"CATS","YOGVFFRGTMXMRZ-DTWKUNHWSA-N"
"CATB","YOGVFFRGTMXMRZ-DTWKUNHWSA-N"
"CASP7","NCCIOJYCWRHZMY-ATNAJCNCSA-N"
"CASP8","NCCIOJYCWRHZMY-ATNAJCNCSA-N"
"CASP1","NCCIOJYCWRHZMY-ATNAJCNCSA-N"
"CASP3","NCCIOJYCWRHZMY-ATNAJCNCSA-N"
"CASP7","MDRQEFUKIMUQFX-AIBWNMTMSA-N"
"CASP8","MDRQEFUKIMUQFX-AIBWNMTMSA-N"
"CASP1","MDRQEFUKIMUQFX-AIBWNMTMSA-N"
"CASP3","MDRQEFUKIMUQFX-AIBWNMTMSA-N"
"CASP8","VBXOCZFAWPHIJQ-ZENAZSQFSA-N"
"CASP1","VBXOCZFAWPHIJQ-ZENAZSQFSA-N"
"CASP3","VBXOCZFAWPHIJQ-ZENAZSQFSA-N"
"CASP8","WPBCCSIRQOJBIN-XJDOXCRVSA-N"
"CASP1","WPBCCSIRQOJBIN-XJDOXCRVSA-N"
"CASP3","WPBCCSIRQOJBIN-XJDOXCRVSA-N"
"CASP7","SCZQZYJOIBQIGS-AIBWNMTMSA-N"
"CASP8","SCZQZYJOIBQIGS-AIBWNMTMSA-N"
"CASP1","SCZQZYJOIBQIGS-AIBWNMTMSA-N"
"CASP3","SCZQZYJOIBQIGS-AIBWNMTMSA-N"
"CASP7","HDXDXAKYCMKPSF-ZQRQZVKFSA-N"
"CASP8","HDXDXAKYCMKPSF-ZQRQZVKFSA-N"
"CASP1","HDXDXAKYCMKPSF-ZQRQZVKFSA-N"
"CASP3","HDXDXAKYCMKPSF-ZQRQZVKFSA-N"
"CASP7","UWYWIWOJPZFFAT-LFQPHHBNSA-N"
"CASP8","UWYWIWOJPZFFAT-LFQPHHBNSA-N"
"CASP1","UWYWIWOJPZFFAT-LFQPHHBNSA-N"
"CASP3","UWYWIWOJPZFFAT-LFQPHHBNSA-N"
"HYES","MDYFKHRXLNMCBC-UHFFFAOYSA-N"
"MMP3","YMPRSEQZGBKKAZ-HMTLIYDFSA-N"
"MMP8","YMPRSEQZGBKKAZ-HMTLIYDFSA-N"
"DPP8","HCQQEKFOEHQGST-JIPBPXDQSA-N"
"MMP14","HMJIPPQTLJLPNE-UHFFFAOYSA-N"
"MMP12","ZTJUBPXNBSLSGL-UHFFFAOYSA-N"
"MMP14","ZTJUBPXNBSLSGL-UHFFFAOYSA-N"
"MMP2","ZTJUBPXNBSLSGL-UHFFFAOYSA-N"
"MMP8","ZTJUBPXNBSLSGL-UHFFFAOYSA-N"
"DPP8","JLNHCNADJOWFGY-CFILVAQYSA-N"
"DPP9","JLNHCNADJOWFGY-CFILVAQYSA-N"
"DPP4","JLNHCNADJOWFGY-CFILVAQYSA-N"
"MMP1","KUDDIXBNWHQPDJ-UHFFFAOYSA-N"
"ADA17","KUDDIXBNWHQPDJ-UHFFFAOYSA-N"
"MMP1","BWBHMVGDPUEYMT-UHFFFAOYSA-N"
"ADA17","BWBHMVGDPUEYMT-UHFFFAOYSA-N"
"MMP1","AXHCVGDTGFVLIU-UHFFFAOYSA-N"
"ADA17","AXHCVGDTGFVLIU-UHFFFAOYSA-N"
"MMP1","UCKDGXYIQSPPDL-UHFFFAOYSA-N"
"ADA17","UCKDGXYIQSPPDL-UHFFFAOYSA-N"
"MMP1","IVXFVTBAZBQGPK-UHFFFAOYSA-N"
"ADA17","IVXFVTBAZBQGPK-UHFFFAOYSA-N"
"PPGB","POTOTFVDJBVDSY-INIZCTEOSA-N"
"CASP7","DWGRSJBIHVFBFL-QBHOUYDASA-N"
"CASP1","DWGRSJBIHVFBFL-QBHOUYDASA-N"
"CASP3","DWGRSJBIHVFBFL-QBHOUYDASA-N"
"CELA1","BBAWEDCPNXPBQM-GDEBMMAJSA-N"
"CMA1","BBAWEDCPNXPBQM-GDEBMMAJSA-N"
"ELNE","BBAWEDCPNXPBQM-GDEBMMAJSA-N"
"CATS","BBAWEDCPNXPBQM-GDEBMMAJSA-N"
"CATK","BBAWEDCPNXPBQM-GDEBMMAJSA-N"
"MMP1","RITZPFDVXSENFR-YCUXZELOSA-N"
"MMP1","BLPNJKOYOIDEJJ-KIUPRAQXSA-N"
"DPP4","RWNXMLKAIWDHLU-GOSISDBHSA-N"
"TRYB1","LPBADDHUZIZZHC-UHFFFAOYSA-N"
"DPP8","IXOXZCSVVMIYCV-UHFFFAOYSA-N"
"DPP9","IXOXZCSVVMIYCV-UHFFFAOYSA-N"
"BMP1","AOCHFPDXQQYKDT-CQSZACIVSA-N"
"MMP2","GIJHNOWTLZLFTF-UHFFFAOYSA-N"
"MMP9","GIJHNOWTLZLFTF-UHFFFAOYSA-N"
"AMPN","HBTKHGJMLKXJGS-XZUOCMGYSA-N"
"LGMN","FNXYDKNQGXQKOH-HYLRALAJSA-N"
"FA7","XGKMQXPFXMMKBL-UHFFFAOYSA-N"
"FA10","XGKMQXPFXMMKBL-UHFFFAOYSA-N"
"FA7","MDPNAJSOXUUCRL-UHFFFAOYSA-N"
"FA10","MDPNAJSOXUUCRL-UHFFFAOYSA-N"
"MMP8","CQGUKDZSAPDCJL-UHFFFAOYSA-N"
"ECE1","REDMUQMEGPUGBW-UHFFFAOYSA-N"
"CATL1","BLJKFTVYZPTNBP-CONSDPRKSA-N"
"CATS","BLJKFTVYZPTNBP-CONSDPRKSA-N"
"CATB","BLJKFTVYZPTNBP-CONSDPRKSA-N"
"THRB","UUCSHEAWLUFBGR-PZJWPPBQSA-N"
"TPA","ANKIJLVYTUKGJM-UHFFFAOYSA-N"
"FA10","ANKIJLVYTUKGJM-UHFFFAOYSA-N"
"THRB","ANKIJLVYTUKGJM-UHFFFAOYSA-N"
"TPA","PFCOFKBCTGBATD-UHFFFAOYSA-N"
"TPA","ZKPKJBOKOMILAA-UHFFFAOYSA-N"
"FA10","PFCOFKBCTGBATD-UHFFFAOYSA-N"
"FA10","ZKPKJBOKOMILAA-UHFFFAOYSA-N"
"THRB","PFCOFKBCTGBATD-UHFFFAOYSA-N"
"THRB","ZKPKJBOKOMILAA-UHFFFAOYSA-N"
"FA10","DKOQLRVNWZHTGN-UHFFFAOYSA-N"
"THRB","DKOQLRVNWZHTGN-UHFFFAOYSA-N"
"TPA","VYJOAYZRCNHDNG-UHFFFAOYSA-N"
"FA10","VYJOAYZRCNHDNG-UHFFFAOYSA-N"
"THRB","VYJOAYZRCNHDNG-UHFFFAOYSA-N"
"BACE1","YYAXFDUSWODWGA-WPFOTENUSA-N"
"CATD","YYAXFDUSWODWGA-WPFOTENUSA-N"
"MMP1","LMASIGSKSCEZDY-UHFFFAOYSA-N"
"ADA17","LMASIGSKSCEZDY-UHFFFAOYSA-N"
"CASP8","AFVSWIIKNZNPMC-JWDIZXQDSA-N"
"CASP1","AFVSWIIKNZNPMC-JWDIZXQDSA-N"
"CATL1","SZQZHZOCBPSZIO-FXDYGKIASA-N"
"CATK","SZQZHZOCBPSZIO-FXDYGKIASA-N"
"CATL1","VKQOQWWJCCFELL-UHFFFAOYSA-N"
"CATL2","VKQOQWWJCCFELL-UHFFFAOYSA-N"
"CATS","VKQOQWWJCCFELL-UHFFFAOYSA-N"
"CATK","VKQOQWWJCCFELL-UHFFFAOYSA-N"
"ST14","BIEYFOHSWAIQDF-UHFFFAOYSA-N"
"KLK7","BIEYFOHSWAIQDF-UHFFFAOYSA-N"
"KLK5","BIEYFOHSWAIQDF-UHFFFAOYSA-N"
"CASP8","IOVDCXCEGWOHSX-RUYZJNMWSA-N"
"CASP1","IOVDCXCEGWOHSX-RUYZJNMWSA-N"
"CASP8","DGOJTUAQSDYETG-VBASKTGHSA-N"
"CASP1","DGOJTUAQSDYETG-VBASKTGHSA-N"
"CASP8","OEMJCZSXKAMRQI-OTUOPVNPSA-N"
"CASP1","OEMJCZSXKAMRQI-OTUOPVNPSA-N"
"CASP8","QPXWSOVNNLBWQP-SEYDZQODSA-N"
"CASP1","QPXWSOVNNLBWQP-SEYDZQODSA-N"
"CASP8","YPSFOQSJNMXHOO-OTUOPVNPSA-N"
"CASP1","YPSFOQSJNMXHOO-OTUOPVNPSA-N"
"CASP8","ITXGNTGSRFVVNR-QAQHGHTOSA-N"
"CASP1","ITXGNTGSRFVVNR-QAQHGHTOSA-N"
"CASP8","RHMWMZJZYRGSKL-CNMHYUMTSA-N"
"CASP1","RHMWMZJZYRGSKL-CNMHYUMTSA-N"
"CASP8","XQDAIAVDJUUPEN-QCAKVYGUSA-N"
"CASP1","XQDAIAVDJUUPEN-QCAKVYGUSA-N"
"CASP8","GPEBKBVTPDFRPO-XYMNEKABSA-N"
"CASP1","GPEBKBVTPDFRPO-XYMNEKABSA-N"
"CASP8","IJQPLPVGYLMXIU-BRDHPUOJSA-N"
"CASP1","IJQPLPVGYLMXIU-BRDHPUOJSA-N"
"ATS4","IAWHNWKBSDNIHH-XMMPIXPASA-N"
"MMP2","CNVJYZPKUZXAML-MUUNZHRXSA-N"
"ATS4","CNVJYZPKUZXAML-MUUNZHRXSA-N"
"DPP4","JJGWNLVUBRWNHF-UHFFFAOYSA-N"
"ATS4","NNCMZAJUJIFSSX-OYGPHJITSA-N"
"MMP1","GCBPAPVOMPJQHK-NQIIRXRSSA-N"
"MMP1","IZYWROOEWSDARX-IRLDBZIGSA-N"
"MMP1","AKWKBACKRMYPRV-NQIIRXRSSA-N"
"MMP3","GCBPAPVOMPJQHK-NQIIRXRSSA-N"
"MMP3","IZYWROOEWSDARX-IRLDBZIGSA-N"
"MMP7","GCBPAPVOMPJQHK-NQIIRXRSSA-N"
"MMP7","IZYWROOEWSDARX-IRLDBZIGSA-N"
"MMP7","AKWKBACKRMYPRV-NQIIRXRSSA-N"
"MMP2","GCBPAPVOMPJQHK-NQIIRXRSSA-N"
"MMP2","IZYWROOEWSDARX-IRLDBZIGSA-N"
"MMP2","AKWKBACKRMYPRV-NQIIRXRSSA-N"
"MMP8","GCBPAPVOMPJQHK-NQIIRXRSSA-N"
"MMP8","AKWKBACKRMYPRV-NQIIRXRSSA-N"
"CATL1","FJFFQTHSWQKVGL-UHFFFAOYSA-N"
"TRYB1","WMWIOSLZEDURQH-BQAIUKQQSA-N"
"CASP6","CXBBLGYLOAZXJT-UHFFFAOYSA-N"
"CASP6","OZAFISSWLZQMIS-UHFFFAOYSA-N"
"CASP6","NKBDSMREMMRFSI-UHFFFAOYSA-N"
"CASP7","CXBBLGYLOAZXJT-UHFFFAOYSA-N"
"CASP7","OZAFISSWLZQMIS-UHFFFAOYSA-N"
"CASP7","NKBDSMREMMRFSI-UHFFFAOYSA-N"
"CASP8","CXBBLGYLOAZXJT-UHFFFAOYSA-N"
"CASP8","OZAFISSWLZQMIS-UHFFFAOYSA-N"
"CASP8","NKBDSMREMMRFSI-UHFFFAOYSA-N"
"CASP2","CXBBLGYLOAZXJT-UHFFFAOYSA-N"
"CASP2","OZAFISSWLZQMIS-UHFFFAOYSA-N"
"CASP2","NKBDSMREMMRFSI-UHFFFAOYSA-N"
"CASP3","CXBBLGYLOAZXJT-UHFFFAOYSA-N"
"CASP3","OZAFISSWLZQMIS-UHFFFAOYSA-N"
"CASP3","NKBDSMREMMRFSI-UHFFFAOYSA-N"
"CASP6","XNELIBGPKZNEOG-UHFFFAOYSA-N"
"CASP6","RZIOHTDLDUFVCW-UHFFFAOYSA-N"
"CASP7","XNELIBGPKZNEOG-UHFFFAOYSA-N"
"CASP7","RZIOHTDLDUFVCW-UHFFFAOYSA-N"
"CASP8","XNELIBGPKZNEOG-UHFFFAOYSA-N"
"CASP2","XNELIBGPKZNEOG-UHFFFAOYSA-N"
"CASP2","RZIOHTDLDUFVCW-UHFFFAOYSA-N"
"CASP3","XNELIBGPKZNEOG-UHFFFAOYSA-N"
"CASP3","RZIOHTDLDUFVCW-UHFFFAOYSA-N"
"DPP4","KKYHPTKZFGDPSV-BOKRKPFNSA-N"
"CATK","BVAQYWYOIIQSRL-JOCHJYFZSA-N"
"MMP9","YCIYENASUWAOBH-UHFFFAOYSA-N"
"ADA17","YCIYENASUWAOBH-UHFFFAOYSA-N"
"CATD","OJUUVRQHCLTVOX-UHFFFAOYSA-N"
"CATL1","XJZIQBQVGOEGFT-SBUREZEXSA-N"
"CATS","XJZIQBQVGOEGFT-SBUREZEXSA-N"
"C1S","CSMDKHNWKDQKAP-UHFFFAOYSA-N"
"TPA","BUGKCANFLDYYKD-SJORKVTESA-N"
"FA10","BUGKCANFLDYYKD-SJORKVTESA-N"
"THRB","BUGKCANFLDYYKD-SJORKVTESA-N"
"TPA","CROZVKXDALXCPS-MSOLQXFVSA-N"
"FA10","CROZVKXDALXCPS-MSOLQXFVSA-N"
"THRB","CROZVKXDALXCPS-MSOLQXFVSA-N"
"TPA","OVQWFZKRHDTPOD-ZBFHGGJFSA-N"
"PLMN","OVQWFZKRHDTPOD-ZBFHGGJFSA-N"
"FA10","OVQWFZKRHDTPOD-ZBFHGGJFSA-N"
"THRB","OVQWFZKRHDTPOD-ZBFHGGJFSA-N"
"MMP3","OIBWGGKYJHWGPB-UHFFFAOYSA-N"
"MMP2","OIBWGGKYJHWGPB-UHFFFAOYSA-N"
"MMP9","OIBWGGKYJHWGPB-UHFFFAOYSA-N"
"SEPR","HRRDDUUHRLZHKI-ULQDDVLXSA-N"
"CATL1","XRIMMJTYAWYVEL-FQEVSTJZSA-N"
"CATL1","JFRKHSHRRULFQC-SFHVURJKSA-N"
"CATS","XRIMMJTYAWYVEL-FQEVSTJZSA-N"
"CATS","JFRKHSHRRULFQC-SFHVURJKSA-N"
"CATK","XRIMMJTYAWYVEL-FQEVSTJZSA-N"
"CATK","JFRKHSHRRULFQC-SFHVURJKSA-N"
"CATB","XRIMMJTYAWYVEL-FQEVSTJZSA-N"
"CATB","JFRKHSHRRULFQC-SFHVURJKSA-N"
"TRYB1","OFSMSEJMRNLQDY-BQAIUKQQSA-N"
"ST14","QACZHTZZUSYTGR-NDEPHWFRSA-N"
"PLMN","QACZHTZZUSYTGR-NDEPHWFRSA-N"
"ST14","HVNKTSWOTYAXPL-MHZLTWQESA-N"
"PLMN","HVNKTSWOTYAXPL-MHZLTWQESA-N"
"FA10","HVNKTSWOTYAXPL-MHZLTWQESA-N"
"THRB","HVNKTSWOTYAXPL-MHZLTWQESA-N"
"ST14","OTGQDAVVEHBHSE-VWLOTQADSA-N"
"THRB","OTGQDAVVEHBHSE-VWLOTQADSA-N"
"ST14","OPRRBUYXVSMDBX-MHZLTWQESA-N"
"PLMN","OPRRBUYXVSMDBX-MHZLTWQESA-N"
"THRB","OPRRBUYXVSMDBX-MHZLTWQESA-N"
"ST14","JYJDBVCYQJCOFY-MHZLTWQESA-N"
"THRB","JYJDBVCYQJCOFY-MHZLTWQESA-N"
"ST14","VBKUOMYCYPUADB-SANMLTNESA-N"
"PLMN","VBKUOMYCYPUADB-SANMLTNESA-N"
"THRB","VBKUOMYCYPUADB-SANMLTNESA-N"
"TMPS6","KDQQKKGHZKKJPD-NSLUPJTDSA-N"
"ST14","KDQQKKGHZKKJPD-NSLUPJTDSA-N"
"THRB","KDQQKKGHZKKJPD-NSLUPJTDSA-N"
"ST14","KSEVHDWJTMMENT-HKBQPEDESA-N"
"PLMN","KSEVHDWJTMMENT-HKBQPEDESA-N"
"ST14","MWSPRZRMYFBDLK-NDEPHWFRSA-N"
"THRB","MWSPRZRMYFBDLK-NDEPHWFRSA-N"
"CTRB1","YNAITOPHNFDVOT-UHFFFAOYSA-N"
"FA10","YNAITOPHNFDVOT-UHFFFAOYSA-N"
"MMP14","WPYFTDWGMAINBU-UHFFFAOYSA-N"
"MMP2","WPYFTDWGMAINBU-UHFFFAOYSA-N"
"MMP2","BNKOGVVBAYMLMZ-UHFFFAOYSA-N"
"MMP9","BNKOGVVBAYMLMZ-UHFFFAOYSA-N"
"ADA17","BNKOGVVBAYMLMZ-UHFFFAOYSA-N"
"CASP1","URBCBEUOQKQHNA-SFVWDYPZSA-N"
"CASP8","BFIRSNDOLOQSCL-BUSXIPJBSA-N"
"CASP1","BFIRSNDOLOQSCL-BUSXIPJBSA-N"
"CASP8","MXZKDHBBWMNOME-PIVQAISJSA-N"
"CASP8","RYTHJGWSBNDVTE-AJZOCDQUSA-N"
"CASP1","RYTHJGWSBNDVTE-AJZOCDQUSA-N"
"CASP8","GFJVEQNTNYTSIH-UCFFOFKASA-N"
"CASP1","GFJVEQNTNYTSIH-UCFFOFKASA-N"
"CASP8","CXAGHAZMQSCAKJ-WAHHBDPQSA-N"
"CASP1","CXAGHAZMQSCAKJ-WAHHBDPQSA-N"
"CATL1","GGQXMEFMGFPZJK-RUZDIDTESA-N"
"CATK","GGQXMEFMGFPZJK-RUZDIDTESA-N"
"PLMN","VXFFMDVLGNSKLD-TYTGLEOTSA-N"
"UROK","VXFFMDVLGNSKLD-TYTGLEOTSA-N"
"HYEP","XGGCLKGRIOZBMC-UHFFFAOYSA-N"
"HYES","XGGCLKGRIOZBMC-UHFFFAOYSA-N"
"CTRB1","POCPCDOLJIBGGA-XMMPIXPASA-N"
"FA10","POCPCDOLJIBGGA-XMMPIXPASA-N"
"THRB","POCPCDOLJIBGGA-XMMPIXPASA-N"
"CTRB1","HSCKUOWMBQOWFF-UHFFFAOYSA-N"
"FA10","HSCKUOWMBQOWFF-UHFFFAOYSA-N"
"THRB","HSCKUOWMBQOWFF-UHFFFAOYSA-N"
"HYEP","NLGBNJOFYGIGRX-UHFFFAOYSA-N"
"HYES","NLGBNJOFYGIGRX-UHFFFAOYSA-N"
"DPP4","LRWXQAHSGSNIJY-JPZWBZILSA-N"
"CASP8","DOBIYIOPZIMMRH-AMBBWHSESA-N"
"CASP1","DOBIYIOPZIMMRH-AMBBWHSESA-N"
"CASP3","DOBIYIOPZIMMRH-AMBBWHSESA-N"
"ADA10","KMMSPMPORWBMTE-QBDLAISOSA-N"
"MMP2","GGYBWFRTPPVUAZ-HOTGVXAUSA-N"
"MMP2","NJCBPLQYZDLBCA-IRXDYDNUSA-N"
"MMP9","GGYBWFRTPPVUAZ-HOTGVXAUSA-N"
"ADA10","GGYBWFRTPPVUAZ-HOTGVXAUSA-N"
"ADA10","NJCBPLQYZDLBCA-IRXDYDNUSA-N"
"MMP14","CKZHFOKQZRZCPF-ROUUACIJSA-N"
"MMP2","CKZHFOKQZRZCPF-ROUUACIJSA-N"
"MMP9","CKZHFOKQZRZCPF-ROUUACIJSA-N"
"ADA10","CKZHFOKQZRZCPF-ROUUACIJSA-N"
"ADA17","CKZHFOKQZRZCPF-ROUUACIJSA-N"
"MMP2","MITLEGOYVUMBJH-IRXDYDNUSA-N"
"ADA10","MITLEGOYVUMBJH-IRXDYDNUSA-N"
"MMP2","RINLHBFSMHCDCB-ZWBSKUQPSA-N"
"ADA10","RINLHBFSMHCDCB-ZWBSKUQPSA-N"
"MMP3","ZCDHAHOTIYZFKF-HOTGVXAUSA-N"
"MMP2","ZCDHAHOTIYZFKF-HOTGVXAUSA-N"
"MMP9","ZCDHAHOTIYZFKF-HOTGVXAUSA-N"
"ADA10","ZCDHAHOTIYZFKF-HOTGVXAUSA-N"
"ADA17","LJPYOTNMYOBJHB-UHFFFAOYSA-N"
"TMPS6","CAUGICSHOVSDFW-QGLFPKSOSA-N"
"ST14","CAUGICSHOVSDFW-QGLFPKSOSA-N"
"THRB","CAUGICSHOVSDFW-QGLFPKSOSA-N"
"DPP4","QYOZNVCKISSENR-MRXNPFEDSA-N"
"DPP8","AHSLUCGXSOQBKT-MEASGTRMSA-N"
"DPP4","AHSLUCGXSOQBKT-MEASGTRMSA-N"
"KLKB1","LLHSZBPXQIOQJJ-UHFFFAOYSA-N"
"FA10","LLHSZBPXQIOQJJ-UHFFFAOYSA-N"
"THRB","LLHSZBPXQIOQJJ-UHFFFAOYSA-N"
"BMP1","DETKWZCQRDQNAY-MRXNPFEDSA-N"
"CASP6","CNRQFHSEEJMLKI-QHCPKHFHSA-N"
"CASP6","XQVKFBHLQLXESM-QHCPKHFHSA-N"
"CASP6","SGCCOMRNSQLMBS-NRFANRHFSA-N"
"CASP6","GCMPIGBMARKLRF-QFIPXVFZSA-N"
"CASP7","CNRQFHSEEJMLKI-QHCPKHFHSA-N"
"CASP7","XQVKFBHLQLXESM-QHCPKHFHSA-N"
"CASP7","SGCCOMRNSQLMBS-NRFANRHFSA-N"
"CASP7","GCMPIGBMARKLRF-QFIPXVFZSA-N"
"CASP3","CNRQFHSEEJMLKI-QHCPKHFHSA-N"
"CASP3","XQVKFBHLQLXESM-QHCPKHFHSA-N"
"CASP3","SGCCOMRNSQLMBS-NRFANRHFSA-N"
"CASP3","GCMPIGBMARKLRF-QFIPXVFZSA-N"
"CATL1","BMIOGAIQRVIVKQ-WDEREUQCSA-N"
"CATC","BMIOGAIQRVIVKQ-WDEREUQCSA-N"
"CATS","BMIOGAIQRVIVKQ-WDEREUQCSA-N"
"CATB","BMIOGAIQRVIVKQ-WDEREUQCSA-N"
"FOLH1","JJWXOJQKTMHGLL-CQCRDEEPSA-N"
"DPP9","XEFAKHLQYOJTSO-SJORKVTESA-N"
"HYES","RAZBWARDWGQZHN-UHFFFAOYSA-N"
"MAP2","OFJZILFQGXSVMM-UHFFFAOYSA-N"
"BACE1","VPXVPJQOPRBXPO-UHFFFAOYSA-N"
"HYES","JBNIQURVWZJAOQ-UHFFFAOYSA-N"
"ELNE","ZYYMCOZRPAHLRN-UHFFFAOYSA-N"
"THRB","ZYYMCOZRPAHLRN-UHFFFAOYSA-N"
"ELNE","XNRMQSNQFCESPA-UHFFFAOYSA-N"
"THRB","XNRMQSNQFCESPA-UHFFFAOYSA-N"
"DPP4","RFTUWARMIKWZIX-MRXNPFEDSA-N"
"ENTK","WZUKLJJPQVYUOL-LBPRGKRZSA-N"
"MBTP1","HANVMPYHKVVYQL-UHFFFAOYSA-N"
"MBTP1","DASUNKDHPZBVDL-UHFFFAOYSA-N"
"MBTP1","QSLYLGFILBHTHP-UHFFFAOYSA-N"
"MBTP1","ISWGUYYQOFWZJA-UHFFFAOYSA-N"
"DPP4","XWGIZMOOTLOFBG-IBGZPJMESA-N"
"SEPR","LTXREWYXXSTFRX-QGZVFWFLSA-N"
"DPP4","LTXREWYXXSTFRX-QGZVFWFLSA-N"
"RENI","XTYMTNNYOPCGBO-BAUONJEJSA-N"
"MMP2","SKWAAHKOPIVFIC-UHFFFAOYSA-N"
"MMP9","SKWAAHKOPIVFIC-UHFFFAOYSA-N"
"HYES","PYAOQYAMUPHLJZ-UHFFFAOYSA-N"
"ST14","YNDCFKVHDGDXRC-DXKTZEAXSA-N"
"ST14","IFHUORDJRMPYJJ-IWFCEHJSSA-N"
"KLK7","ZXLZUCADFTVDHK-WUNQXOFZSA-N"
"KLK5","ZXLZUCADFTVDHK-WUNQXOFZSA-N"
"KLK14","ZXLZUCADFTVDHK-WUNQXOFZSA-N"
"CASP7","IYNNJMRCPJPTMI-UXMRNZNESA-N"
"CASP8","IYNNJMRCPJPTMI-UXMRNZNESA-N"
"CASP3","IYNNJMRCPJPTMI-UXMRNZNESA-N"
"CASP7","VIUJQQJJJZNKDP-UXMRNZNESA-N"
"CASP8","VIUJQQJJJZNKDP-UXMRNZNESA-N"
"CASP1","VIUJQQJJJZNKDP-UXMRNZNESA-N"
"CASP3","VIUJQQJJJZNKDP-UXMRNZNESA-N"
"CASP7","PSEYKDQFSOGYNR-ZENAZSQFSA-N"
"CASP8","PSEYKDQFSOGYNR-ZENAZSQFSA-N"
"CASP1","PSEYKDQFSOGYNR-ZENAZSQFSA-N"
"CASP3","PSEYKDQFSOGYNR-ZENAZSQFSA-N"
"CASP7","YMQHMWHRGTYISC-KHTASDDNSA-N"
"CASP8","YMQHMWHRGTYISC-KHTASDDNSA-N"
"CASP1","YMQHMWHRGTYISC-KHTASDDNSA-N"
"CASP3","YMQHMWHRGTYISC-KHTASDDNSA-N"
"MMP1","NTWPNMLRTBRVIB-IRXDYDNUSA-N"
"MMP7","NTWPNMLRTBRVIB-IRXDYDNUSA-N"
"NOX1","DNKYHHFCPXKFIY-UHFFFAOYSA-N"
"CY24B","OPJZVCVVRSRNPP-ZJOUEHCJSA-N"
"CPT1B","JFAJVNQNDVWECY-UHFFFAOYSA-N"
"NRAM2","RLFSSJASBNTVRM-UHFFFAOYSA-N"
"SC6A4","KAVHHDMCLXFYPS-NRFANRHFSA-N"
"SC6A2","KAVHHDMCLXFYPS-NRFANRHFSA-N"
"SC6A4","KHVUFWSEOLNUFN-IINYFYTJSA-N"
"SC6A3","KHVUFWSEOLNUFN-IINYFYTJSA-N"
"SC6A2","KHVUFWSEOLNUFN-IINYFYTJSA-N"
"NTCP2","NUQPMWMOYJWFQT-VSDBRFRMSA-N"
"SC6A4","VNJFIBFHISUZRV-ZACQAIPSSA-N"
"SC6A3","VNJFIBFHISUZRV-ZACQAIPSSA-N"
"SC6A2","VNJFIBFHISUZRV-ZACQAIPSSA-N"
"XCT","VQCANMVYTKWJNM-UHFFFAOYSA-N"
"SC6A4","SBAQYPMYNRQKBF-UHFFFAOYSA-N"
"SC6A3","SBAQYPMYNRQKBF-UHFFFAOYSA-N"
"SC5A1","AVABJDISDUSUOZ-ADAARDCZSA-N"
"SC6A4","YMQUDJCSTPMZTF-HEHGZKQESA-N"
"SC6A4","ORUPHFRKUPILCN-IOASZLSFSA-N"
"SC6A4","ONSLZFSSJGOMSK-GRDNDAEWSA-N"
"SC6A4","PYIBCEOJEPANCH-MKBNYLNASA-N"
"SC6A4","SUHBXDPETHQPJC-RLFYNMQTSA-N"
"SC6A3","YMQUDJCSTPMZTF-HEHGZKQESA-N"
"SC6A3","ORUPHFRKUPILCN-IOASZLSFSA-N"
"SC6A3","ONSLZFSSJGOMSK-GRDNDAEWSA-N"
"SC6A3","PYIBCEOJEPANCH-MKBNYLNASA-N"
"SC6A3","SUHBXDPETHQPJC-RLFYNMQTSA-N"
"SC6A2","YMQUDJCSTPMZTF-HEHGZKQESA-N"
"SC6A2","ORUPHFRKUPILCN-IOASZLSFSA-N"
"SC6A2","ONSLZFSSJGOMSK-GRDNDAEWSA-N"
"SC6A2","PYIBCEOJEPANCH-MKBNYLNASA-N"
"SC6A2","SUHBXDPETHQPJC-RLFYNMQTSA-N"
"EAA1","XZQMHUGTNOOYFX-UHFFFAOYSA-N"
"EAA1","YBMGNDPBARCLFT-UHFFFAOYSA-N"
"SC6A4","JTGBYRRUQUQVJF-UFADHCMUSA-N"
"SC6A2","JTGBYRRUQUQVJF-UFADHCMUSA-N"
"S28A2","YJLIKUSWRSEPSM-WGQQHEPDSA-N"
"MOT4","KCDCNGXPPGQERR-UHFFFAOYSA-N"
"SC5A1","LZNSCJBZAOZHJT-YRHQEJDOSA-N"
"SC5A2","LZNSCJBZAOZHJT-YRHQEJDOSA-N"
"SC6A4","CZVBECXOXXYCQD-LBPRGKRZSA-N"
"SC6A2","CZVBECXOXXYCQD-LBPRGKRZSA-N"
"SC6A9","RBFGIFBKMSGFGJ-UHFFFAOYSA-N"
"SC6A4","KGVROJQOCQABGA-UHFFFAOYSA-N"
"SC6A4","RAKPJSOFWXNMNH-UHFFFAOYSA-N"
"SC6A4","FXJMAIABWURTRB-UHFFFAOYSA-N"
"SC6A4","DZBLKVHBOHYUNY-SFHVURJKSA-N"
"SC6A4","WIGOHQYSKWOHPH-UHFFFAOYSA-N"
"SC6A4","VOSXYXQMEFDJMI-UHFFFAOYSA-N"
"SC6A4","CTUZKIUJWYPNFV-UHFFFAOYSA-N"
"SC6A4","DZBLKVHBOHYUNY-GOSISDBHSA-N"
"SC6A4","MSFUUIPBIBJYNX-UHFFFAOYSA-N"
"SC6A4","PRYHARAEUCUVIY-UHFFFAOYSA-N"
"SC6A4","FRFBWAJTOSLKJT-UHFFFAOYSA-N"
"SC6A4","SPYRKRZLYSXVFE-UHFFFAOYSA-N"
"SC6A4","JAELRPUWEUXJPW-UHFFFAOYSA-N"
"SC6A4","HFPMFXUJDFZECD-UHFFFAOYSA-N"
"SC6A4","AKSPVPSPCDRFDG-RJRADHEHSA-N"
"SC5A4","XCRLWQNVUFAWND-FXILAVBZSA-N"
"SC6A4","YZHPFFVLNPTVQU-UHFFFAOYSA-N"
"SC6A4","IDPUQOWVIAMLNB-UHFFFAOYSA-N"
"SC6A3","YZHPFFVLNPTVQU-UHFFFAOYSA-N"
"SC6A3","IDPUQOWVIAMLNB-UHFFFAOYSA-N"
"SC6A2","YZHPFFVLNPTVQU-UHFFFAOYSA-N"
"SC6A2","IDPUQOWVIAMLNB-UHFFFAOYSA-N"
"SC6A4","ACMJXMGGOZMZJM-UHFFFAOYSA-N"
"SC6A3","AZQUBJDTVAIXBC-RTBURBONSA-N"
"SC5A2","UMAHNMOJTYTBHJ-QSWMPLQWSA-N"
"SC6A4","IAPNVLHDPZOUSQ-ZDUSSCGKSA-N"
"SC6A3","IAPNVLHDPZOUSQ-ZDUSSCGKSA-N"
"SC6A2","IAPNVLHDPZOUSQ-ZDUSSCGKSA-N"
"SC6A3","YLOMMHJWKYDOFW-KOUNCHBCSA-N"
"SC6A3","LGZPNSXZRKGUES-DKSPCFMDSA-N"
"SC6A4","PHRPRBMCXLFXOY-UHFFFAOYSA-N"
"SC6A3","PHRPRBMCXLFXOY-UHFFFAOYSA-N"
"SC6A2","PHRPRBMCXLFXOY-UHFFFAOYSA-N"
"SL9A1","GLWVHWRJOPRWKW-PXLXIMEGSA-N"
"SC6A4","WQAXZHUMPQMMEW-SFHVURJKSA-N"
"SC6A2","WQAXZHUMPQMMEW-SFHVURJKSA-N"
"SC6A2","MQFMYYCALRUDSV-CQSZACIVSA-N"
"SC6A4","JASFWVIOOFYYRD-FWZXWOTPSA-N"
"VACHT","FVOLCMQKJLGHRD-NSCUHMNNSA-N"
"SC6A4","LCJMOOYZLAZDBK-UHFFFAOYSA-N"
"SC6A3","LCJMOOYZLAZDBK-UHFFFAOYSA-N"
"SC6A2","LCJMOOYZLAZDBK-UHFFFAOYSA-N"
"SC6A4","YQANZQCQGNYBAC-MOSHPQCFSA-N"
"SC6A2","YQANZQCQGNYBAC-MOSHPQCFSA-N"
"SC6A4","AOAWROOBGZLWJS-UHFFFAOYSA-N"
"SC5A1","QCZDOSUISNQBSI-BDHVOXNPSA-N"
"SC5A2","QCZDOSUISNQBSI-BDHVOXNPSA-N"
"SO2B1","SEBFKMXJBCUCAI-WAABAYLZSA-N"
"SC6A4","AGCRUJCLQRUZLK-UHFFFAOYSA-N"
"SC6A4","CYXMIZFRSKEIMP-DMDYGQEQSA-N"
"SC6A3","CYXMIZFRSKEIMP-DMDYGQEQSA-N"
"SC6A4","QQGJOZLAJLPARG-UHFFFAOYSA-N"
"SC6A4","IGUHNGAQSVMCOM-UHFFFAOYSA-N"
"SC6A4","CVCPNOHIUOTCKW-UHFFFAOYSA-N"
"SC6A4","ABKFNWSCLGGDOH-UHFFFAOYSA-N"
"SC6A4","NUHJBHFWIFYLHK-UHFFFAOYSA-N"
"SC6A4","OZHJLELZQHCGSD-UHFFFAOYSA-N"
"SC6A4","OHODDACZFUFQDV-UHFFFAOYSA-N"
"SC6A4","YIHQDWZWZRGAIH-UHFFFAOYSA-N"
"SC6A4","JIUFRGXCNZAJEV-UHFFFAOYSA-N"
"SC6A4","LMNFUDPLNOKROB-UHFFFAOYSA-N"
"SC6A4","UZOQQWLFKZUEAL-UHFFFAOYSA-N"
"SC6A4","WEARRJZMFZNKLA-UHFFFAOYSA-N"
"SC6A4","ZBISUMKKQFCYDI-UHFFFAOYSA-N"
"UT1","UVGJULOMMARHDM-UHFFFAOYSA-N"
"SC6A4","SOSAAAUSVCKKRE-QRWMCTBCSA-N"
"SC6A4","AJFRCYMRJNJFPE-IAGOWNOFSA-N"
"SC6A4","GUIDCAHCXPHFSP-QZTJIDSGSA-N"
"SC6A4","WDNOUFVJCUYSDQ-IAGOWNOFSA-N"
"SC6A4","WDNOUFVJCUYSDQ-ZYMOGRSISA-N"
"SC6A4","FYXXTOJUMHTXEW-QRWMCTBCSA-N"
"SC6A4","QYAZFPSPLQVWMZ-IAGOWNOFSA-N"
"SC6A4","LWFZPUPJSMFIKP-HZPDHXFCSA-N"
"SC6A4","VQZCUVHOYIJXAO-HZPDHXFCSA-N"
"SC6A4","XAKHVFLBNVAXLY-IAGOWNOFSA-N"
"SC6A4","KMNJYBBPXRFSBY-IAGOWNOFSA-N"
"SC6A3","SOSAAAUSVCKKRE-QRWMCTBCSA-N"
"SC6A3","AJFRCYMRJNJFPE-IAGOWNOFSA-N"
"SC6A3","GUIDCAHCXPHFSP-QZTJIDSGSA-N"
"SC6A3","WDNOUFVJCUYSDQ-IAGOWNOFSA-N"
"SC6A3","WDNOUFVJCUYSDQ-ZYMOGRSISA-N"
"SC6A3","FYXXTOJUMHTXEW-QRWMCTBCSA-N"
"SC6A3","QYAZFPSPLQVWMZ-IAGOWNOFSA-N"
"SC6A3","LWFZPUPJSMFIKP-HZPDHXFCSA-N"
"SC6A3","VQZCUVHOYIJXAO-HZPDHXFCSA-N"
"SC6A3","XAKHVFLBNVAXLY-IAGOWNOFSA-N"
"SC6A3","KMNJYBBPXRFSBY-IAGOWNOFSA-N"
"SC6A2","SOSAAAUSVCKKRE-QRWMCTBCSA-N"
"SC6A2","AJFRCYMRJNJFPE-IAGOWNOFSA-N"
"SC6A2","GUIDCAHCXPHFSP-QZTJIDSGSA-N"
"SC6A2","WDNOUFVJCUYSDQ-IAGOWNOFSA-N"
"SC6A2","WDNOUFVJCUYSDQ-ZYMOGRSISA-N"
"SC6A2","FYXXTOJUMHTXEW-QRWMCTBCSA-N"
"SC6A2","QYAZFPSPLQVWMZ-IAGOWNOFSA-N"
"SC6A2","LWFZPUPJSMFIKP-HZPDHXFCSA-N"
"SC6A2","VQZCUVHOYIJXAO-HZPDHXFCSA-N"
"SC6A2","XAKHVFLBNVAXLY-IAGOWNOFSA-N"
"SC6A2","KMNJYBBPXRFSBY-IAGOWNOFSA-N"
"SC6A4","SBDOPCIVOPZGMV-UHFFFAOYSA-N"
"SC6A4","HKLFFMXMBRRWHA-UHFFFAOYSA-N"
"SC6A4","NZDOOXVGZXZEHJ-UHFFFAOYSA-N"
"SC6A4","GWGIUBSVFHLVKW-UHFFFAOYSA-N"
"SC6A4","OHGZIKVFWPQXNG-UHFFFAOYSA-N"
"SC6A4","JPZJTCUPRQKHCW-UHFFFAOYSA-N"
"SC6A4","MGUCYNMYMMBXDP-UHFFFAOYSA-N"
"SC6A4","VPAUPKOMHDFAMG-UHFFFAOYSA-N"
"SC6A4","KGJDHBDNYIVRSF-UHFFFAOYSA-N"
"SC6A4","TVCLMCWUAJMAEI-UHFFFAOYSA-N"
"SC6A4","NNTYWLSMUTYNRH-UHFFFAOYSA-N"
"SC6A4","QNYPKNGYEMSOEU-UHFFFAOYSA-N"
"SC6A4","LBBDMGBKCDPMSN-UHFFFAOYSA-N"
"SC6A4","SCTHKCGXMXTKHG-UHFFFAOYSA-N"
"SC6A4","SROBMKRRHVLVHU-UHFFFAOYSA-N"
"SC6A4","AZXRALDDIQIHKZ-UHFFFAOYSA-N"
"SC6A4","KXPDUNKSCJWNNO-UHFFFAOYSA-N"
"SC6A4","SITWRYHARVINLW-UHFFFAOYSA-N"
"SC6A4","VFFOKQFHFJASRW-UHFFFAOYSA-N"
"SC5A1","IOUVKUPGCMBWBT-QNDFHXLGSA-N"
"SC5A2","IOUVKUPGCMBWBT-QNDFHXLGSA-N"
"SC5A4","IOUVKUPGCMBWBT-QNDFHXLGSA-N"
"SC6A3","LSHLQBBAJNMIOH-PBWJLWFUSA-N"
"SC6A2","KCIORJWXNLIEPL-UHFFFAOYSA-N"
"SC6A5","JUGUMYREZIKXCO-UHFFFAOYSA-N"
"SC6A9","JUGUMYREZIKXCO-UHFFFAOYSA-N"
"S22A6","AZXGXVQWEUFULR-UHFFFAOYSA-N"
"SC6A4","FSZGNLAQHDTJEJ-UHFFFAOYSA-N"
"SC5A1","UPDFSGQSTNTEOK-HPAIXVDQSA-N"
"SC5A4","UPDFSGQSTNTEOK-HPAIXVDQSA-N"
"VACHT","NXKOXFVSZFEZNX-GOTSBHOMSA-N"
"SC6A4","SAUWBVJOXSKPQX-UHFFFAOYSA-N"
"S12A5","NYFHLMPBJJJPCI-UHFFFAOYSA-N"
"SC6A4","GLTOYHJCCONIPL-UHFFFAOYSA-N"
"SC6A4","BVDBGMCXMCRRIP-UHFFFAOYSA-N"
"SC6A4","WTHLTXBIFADIQK-UHFFFAOYSA-N"
"SC6A4","XFQCUMCROPJRDA-UHFFFAOYSA-N"
"SC6A4","ZEERPTKETJJYHM-PPLJNSMQSA-N"
"SC6A4","JNJFGMMXZQTTEV-UHFFFAOYSA-N"
"SC6A4","VXPNNEACONQTET-UHFFFAOYSA-N"
"SC6A4","AJQXITCKVIMUJA-UHFFFAOYSA-N"
"SC6A4","OEVPCXMTWJIQHA-UHFFFAOYSA-N"
"SC6A4","IXWZIHDBVQYVSS-UHFFFAOYSA-N"
"SC6A4","DODAKNRHJOZSNV-UHFFFAOYSA-N"
"SC6A4","HLJSHTGLXJFIPU-UHFFFAOYSA-N"
"SC6A4","SVYQLZGVECCISN-UHFFFAOYSA-N"
"SC6A4","RCOCMICOYJEDIW-UHFFFAOYSA-N"
"SC6A4","NWHNWKCRNKQQEQ-UHFFFAOYSA-N"
"SC6A4","TXPWXTFSLYAPNT-UHFFFAOYSA-N"
"SC6A4","PJIFNDKPRTUYSL-UHFFFAOYSA-N"
"SC6A4","ZTWIBBACQZFZIB-UHFFFAOYSA-N"
"SC6A4","OHVIMHICPLSQCY-UHFFFAOYSA-N"
"NTCP","DNPFVBRWZDPKJF-CLDVOWFFSA-N"
"SC6A4","OUSOPIMSKOMYQI-UHFFFAOYSA-N"
"SC6A4","QLTASWSCCMMISJ-UHFFFAOYSA-N"
"SC6A4","RWCQKGYXYLNOEC-UHFFFAOYSA-N"
"SC6A4","DHXANQGCRAVCSQ-DUHSPSEUSA-N"
"SC6A3","DHXANQGCRAVCSQ-DUHSPSEUSA-N"
"SC6A4","JLHRDEJKVFNGBV-UHFFFAOYSA-N"
"SC6A2","JLHRDEJKVFNGBV-UHFFFAOYSA-N"
"S12A5","NGCUUQPCZYTOLO-UHFFFAOYSA-N"
"SC6A4","CZOXEMUHIJZXSF-UHFFFAOYSA-N"
"SC6A4","IAMJESJLDAFTKX-UHFFFAOYSA-N"
"SC6A4","CWYDVWDIVIJIOS-UHFFFAOYSA-N"
"SC6A4","QQMNSBRRJCWJNN-UHFFFAOYSA-N"
"S27A1","VXTLJIRADXWIRX-UHFFFAOYSA-N"
"SC6A4","VBRHXFSHZGCBJG-SAABIXHNSA-N"
"SC6A4","IGIFNSQJPOGUFY-BJUDXGSMSA-N"
"SC6A2","IGIFNSQJPOGUFY-BJUDXGSMSA-N"
"SC6A4","LOEPSYRVNXADMM-XUTJKUGGSA-N"
"SC6A3","LOEPSYRVNXADMM-XUTJKUGGSA-N"
"SC6A2","LOEPSYRVNXADMM-XUTJKUGGSA-N"
"S29A1","IZEKFCXSFNUWAM-UHFFFAOYSA-N"
"SC6A4","GOYJQBUTBBQPFC-HQRMLTQVSA-N"
"S19A1","WBXPDJSOTKVWSJ-ZDUSSCGKSA-N"
"S19A1","CTSPVOIVQCLQLX-JTQLQIEISA-N"
"S19A1","UNSSSMUKJOLMJV-LBPRGKRZSA-N"
"PCFT","WBXPDJSOTKVWSJ-ZDUSSCGKSA-N"
"PCFT","CTSPVOIVQCLQLX-JTQLQIEISA-N"
"PCFT","UNSSSMUKJOLMJV-LBPRGKRZSA-N"
"SC6A4","AROYESYOAIFFDX-UHFFFAOYSA-N"
"SC6A4","YOMVEBVDIFROPG-UHFFFAOYSA-N"
"SC6A4","DIKKTLPJDURHSW-UHFFFAOYSA-N"
"SC6A3","DIKKTLPJDURHSW-UHFFFAOYSA-N"
"SC6A4","ZYUVIRYBRCERLS-UHFFFAOYSA-N"
"SC6A4","XKHPZYLJQATCTJ-UHFFFAOYSA-N"
"SC6A4","WWVWWIXBKONYMX-UHFFFAOYSA-N"
"SC6A4","MGSKAXDKJKXHKT-UHFFFAOYSA-N"
"S27A1","NUZARGRTLLDKEI-UHFFFAOYSA-N"
"SC6A5","PNFIZBYDSLBYNC-UHFFFAOYSA-N"
"SC6A9","PNFIZBYDSLBYNC-UHFFFAOYSA-N"
"SC6A4","OIYSCQVQNFKYTO-PKQPGRETSA-N"
"SC6A3","OIYSCQVQNFKYTO-PKQPGRETSA-N"
"SC6A4","AMGZVHXDDMROJU-UHFFFAOYSA-N"
"SC6A3","AMGZVHXDDMROJU-UHFFFAOYSA-N"
"G6PT1","IYLQKXFWHDZTBL-PYABQPSFSA-N"
"SC6A4","RSNYLBGZLKEOAP-UGKGYDQZSA-N"
"SC6A4","UUEYPWRMXQMGBA-UHFFFAOYSA-N"
"SC6A4","JAJZURBQJLCEQE-UHFFFAOYSA-N"
"SC6A4","GVIKXRIOBFGDFP-UHFFFAOYSA-N"
"SC6A4","YFFZLXAPKOKACC-UHFFFAOYSA-N"
"SC6A4","JFZWFXQVYNCLJA-UHFFFAOYSA-N"
"SC6A4","GVURCJXFYIMVMG-UHFFFAOYSA-N"
"SC6A3","JAJZURBQJLCEQE-UHFFFAOYSA-N"
"SC6A3","GVIKXRIOBFGDFP-UHFFFAOYSA-N"
"SC6A3","YFFZLXAPKOKACC-UHFFFAOYSA-N"
"SC6A3","JFZWFXQVYNCLJA-UHFFFAOYSA-N"
"SC6A3","GVURCJXFYIMVMG-UHFFFAOYSA-N"
"SC6A2","JAJZURBQJLCEQE-UHFFFAOYSA-N"
"SC6A2","GVIKXRIOBFGDFP-UHFFFAOYSA-N"
"SC6A2","YFFZLXAPKOKACC-UHFFFAOYSA-N"
"SC6A2","JFZWFXQVYNCLJA-UHFFFAOYSA-N"
"SC6A2","GVURCJXFYIMVMG-UHFFFAOYSA-N"
"SC6A3","XEOOLDLJXYEALJ-UHFFFAOYSA-N"
"SC6A4","DELHGKQNJWIBFE-UHFFFAOYSA-N"
"SC6A3","DELHGKQNJWIBFE-UHFFFAOYSA-N"
"SC6A5","DUSQDYXRHUJYHG-UHFFFAOYSA-N"
"SC6A4","YYZODXXLBSUZSX-UHFFFAOYSA-N"
"SC6A3","YYZODXXLBSUZSX-UHFFFAOYSA-N"
"SC6A4","NSLNAFLIDKTSFM-UHFFFAOYSA-N"
"SC6A3","NSLNAFLIDKTSFM-UHFFFAOYSA-N"
"SC6A4","HGXZDFUNUJFDRQ-UHFFFAOYSA-N"
"SC6A3","HGXZDFUNUJFDRQ-UHFFFAOYSA-N"
"SO1B3","RCINICONZNJXQF-MZXODVADSA-N"
"SO1B1","RCINICONZNJXQF-MZXODVADSA-N"
"S40A1","KVPFDSGLDCUZJJ-NDIRCUANSA-N"
"SC6A4","RJRFRDSDIKJJQA-UHFFFAOYSA-N"
"SC6A4","JMYADEOPJFRDDM-OALUTQOASA-N"
"SC6A2","JMYADEOPJFRDDM-OALUTQOASA-N"
"SC6A4","CPELCYRAOXWACY-UHFFFAOYSA-N"
"SC6A4","QYIDZGIRYRGUNF-UHFFFAOYSA-N"
"SC6A3","CPELCYRAOXWACY-UHFFFAOYSA-N"
"SC6A3","QYIDZGIRYRGUNF-UHFFFAOYSA-N"
"SC6A2","CPELCYRAOXWACY-UHFFFAOYSA-N"
"SC6A2","QYIDZGIRYRGUNF-UHFFFAOYSA-N"
"SC6A4","HMSJPIAQQVBQMP-UHFFFAOYSA-N"
"SC6A4","GKIYCLAZFANGKD-UHFFFAOYSA-N"
"SC6A4","QNOVJSGRCXZVAL-UHFFFAOYSA-N"
"SC6A4","GRMXPWKSNKSJGL-UHFFFAOYSA-N"
"SC6A4","GZJLFOYGSNAXDK-UHFFFAOYSA-N"
"SC6A3","GRMXPWKSNKSJGL-UHFFFAOYSA-N"
"SC6A2","HMSJPIAQQVBQMP-UHFFFAOYSA-N"
"SC6A2","GKIYCLAZFANGKD-UHFFFAOYSA-N"
"SC6A2","QNOVJSGRCXZVAL-UHFFFAOYSA-N"
"SC6A2","GRMXPWKSNKSJGL-UHFFFAOYSA-N"
"SC6A2","GZJLFOYGSNAXDK-UHFFFAOYSA-N"
"S40A1","HORQTTVKVIGZSL-MTGICUICSA-N"
"S40A1","UVFIFDSRDXBNNI-YTAGXALCSA-N"
"S40A1","GFWIUPQTKKGQNI-JVQZWYCMSA-N"
"S40A1","DVJQUBYJUUHDSH-COQAPAFSSA-N"
"NTCP2","UMEJXQHDOPQBIE-CLJLJLNGSA-N"
"SC6A2","LVSZWRFDLAUNPF-UHFFFAOYSA-N"
"SC6A3","NCMGDVQEMNIZAB-RTBURBONSA-N"
"SC6A4","AOXRBFRFYPMWLR-XGXHKTLJSA-N"
"SC6A4","PGIUKOCTZQBZIO-WLHGVMLRSA-N"
"SC6A2","PGIUKOCTZQBZIO-WLHGVMLRSA-N"
"SC6A4","XYYGFCDTBHAUSN-UHFFFAOYSA-N"
"SC6A4","XYYGFCDTBHAUSN-DEOSSOPVSA-N"
"SC6A3","XYYGFCDTBHAUSN-UHFFFAOYSA-N"
"SC6A2","XYYGFCDTBHAUSN-UHFFFAOYSA-N"
"SC6A3","KSYXCGBEMVAEDX-GPOLMCQNSA-N"
"SC6A4","NWCPOGFPLUASJD-QUDVFMAMSA-N"
"SC6A3","NWCPOGFPLUASJD-QUDVFMAMSA-N"
"SC6A2","NWCPOGFPLUASJD-QUDVFMAMSA-N"
"SC6A4","IEEIKXULGHBDHP-GKVSMKOHSA-N"
"SC6A4","IEEIKXULGHBDHP-SSOJOUAXSA-N"
"SC6A4","UXFUUSSXWKKNGT-HFJWLAOPSA-N"
"S6A12","PBJUNZJWGZTSKL-MRXNPFEDSA-N"
"SC6A1","PBJUNZJWGZTSKL-MRXNPFEDSA-N"
"EAA3","HHAFVKMHJVEJOY-UHFFFAOYSA-N"
"EAA2","HHAFVKMHJVEJOY-UHFFFAOYSA-N"
"SC6A4","AYGLZYIWAZBQDC-UHFFFAOYSA-N"
"SC6A2","IZXAGSUHTCPYKG-UHFFFAOYSA-N"
"SC6A4","CVFUNUQUAWLUGT-UHFFFAOYSA-N"
"SO1B1","JQXXHWHPUNPDRT-WLSIYKJHSA-N"
"VMAT2","OEDHHXRUTGINKU-TZRRMPRUSA-N"
"VMAT2","MXYUKLILVYORSK-HBMCJLEFSA-N"
"SC6A3","QRXKIUOQVSOXIG-UHFFFAOYSA-N"
"SC6A5","PBZZVMAQTLBVFE-UHFFFAOYSA-N"
"SC6A5","XAEBTKFUKICXCH-UHFFFAOYSA-N"
"SC6A9","PBZZVMAQTLBVFE-UHFFFAOYSA-N"
"SC6A9","XAEBTKFUKICXCH-UHFFFAOYSA-N"
"SC6A2","VQHNOBXUTWSPMZ-MSOLQXFVSA-N"
"SC6A4","GZAWVIWERRSMCS-LBPRGKRZSA-N"
"SC6A3","GZAWVIWERRSMCS-LBPRGKRZSA-N"
"SC6A2","GZAWVIWERRSMCS-LBPRGKRZSA-N"
"SC6A4","QNRJDGABFBSZCM-NNWRFLSQSA-N"
"SC6A4","FOMAEAAMXSBAJG-LANGDILFSA-N"
"SC6A4","UYCWPYLNAMMOLO-NQAVQENRSA-N"
"SC6A3","FOMAEAAMXSBAJG-LANGDILFSA-N"
"SC6A3","UYCWPYLNAMMOLO-NQAVQENRSA-N"
"SC6A2","UYCWPYLNAMMOLO-NQAVQENRSA-N"
"SC6A4","OKRFWLHFFMDJDB-UHFFFAOYSA-N"
"G6PT1","GMGUUHJTCVMSIG-UHFFFAOYSA-N"
"S29A1","OKVZSXCONRVRAJ-UHFFFAOYSA-N"
"SC6A4","CPNTXNSOEZESIH-QZTJIDSGSA-N"
"SC6A3","CPNTXNSOEZESIH-QZTJIDSGSA-N"
"SC6A2","CPNTXNSOEZESIH-QZTJIDSGSA-N"
"SC6A4","MLWGDFBBAVXEAS-PCUWGRHASA-N"
"SC6A4","DVLRTIHPXYOHAH-UHFFFAOYSA-N"
"SC6A3","MLWGDFBBAVXEAS-PCUWGRHASA-N"
"SC6A2","GBPYXOBRYGPNKY-CQSZACIVSA-N"
"SC5A7","PTMOGFUHXVCSAU-UHFFFAOYSA-M"
"SC6A4","NTSBDQLGAZMMFC-UHFFFAOYSA-N"
"SC6A4","PMLBVCPRUZMORG-UHFFFAOYSA-N"
"SC6A4","YSGVIJFMBOEZJZ-UHFFFAOYSA-N"
"SC6A4","ODFLDWCDMOARBM-LBPRGKRZSA-N"
"SC6A3","NTSBDQLGAZMMFC-UHFFFAOYSA-N"
"SC6A3","PMLBVCPRUZMORG-UHFFFAOYSA-N"
"SC6A3","YSGVIJFMBOEZJZ-UHFFFAOYSA-N"
"SC6A3","ODFLDWCDMOARBM-LBPRGKRZSA-N"
"SC6A2","NTSBDQLGAZMMFC-UHFFFAOYSA-N"
"SC6A2","PMLBVCPRUZMORG-UHFFFAOYSA-N"
"SC6A2","YSGVIJFMBOEZJZ-UHFFFAOYSA-N"
"SC6A2","ODFLDWCDMOARBM-LBPRGKRZSA-N"
"SC6A4","LJRGZVNBEHCGFU-UHFFFAOYSA-N"
"SC6A4","FQMVBOXQWIUSJR-UHFFFAOYSA-N"
"SC6A4","QRJJEGAJXVEBNE-HKOYGPOVSA-N"
"SC6A4","UCVKKWQVIIHPLH-CYBMUJFWSA-N"
"S29A1","CERXKOFDWRFKLC-UHFFFAOYSA-N"
"S29A2","CERXKOFDWRFKLC-UHFFFAOYSA-N"
"SC6A3","RGSVXQJPSWZXOP-UHFFFAOYSA-N"
"SC6A3","QDGRJLAJZNWVGV-UHFFFAOYSA-N"
"S15A2","NQIHMZLGCZNZBN-PXNSSMCTSA-N"
"SL9A1","PEDLWHVYCCZYHA-UHFFFAOYSA-N"
"SC6A4","SVFXPTLYMIXFRX-UHFFFAOYSA-N"
"SC6A3","SVFXPTLYMIXFRX-UHFFFAOYSA-N"
"SC6A2","SVFXPTLYMIXFRX-UHFFFAOYSA-N"
"SC6A4","VNLOMGRFINWFNU-UHFFFAOYSA-N"
"VACHT","MDFFDSDCXAZBFF-FGZHOGPDSA-N"
"SC5A7","OKJDBFSGAHFSLC-UHFFFAOYSA-M"
"SC6A4","QJEBAPXHCKKADR-UHFFFAOYSA-N"
"SC6A4","WOORERZMTSEMTL-GNAFDRTKSA-N"
"SC6A4","XPPDUQXXSFOWGY-JCOPYZAKSA-N"
"SC6A4","XQOCAAJLFFVLEP-QDSLRZTOSA-N"
"SC6A4","HGUDCSBIBQSBGQ-GNAFDRTKSA-N"
"SC6A3","QJEBAPXHCKKADR-UHFFFAOYSA-N"
"SC6A3","WOORERZMTSEMTL-GNAFDRTKSA-N"
"SC6A3","XPPDUQXXSFOWGY-JCOPYZAKSA-N"
"SC6A3","XQOCAAJLFFVLEP-QDSLRZTOSA-N"
"SC6A3","HGUDCSBIBQSBGQ-GNAFDRTKSA-N"
"SC6A2","WOORERZMTSEMTL-GNAFDRTKSA-N"
"SC6A2","XPPDUQXXSFOWGY-JCOPYZAKSA-N"
"SC6A2","XQOCAAJLFFVLEP-QDSLRZTOSA-N"
"SC6A2","HGUDCSBIBQSBGQ-GNAFDRTKSA-N"
"SC6A4","SIIICDNNMDMWCI-YJNKXOJESA-N"
"SC6A4","HNVGNUVAMRLMSG-JYVUQVBGSA-N"
"SC6A4","FOGCUXYHCCUINS-PBYXQSIWSA-N"
"SC6A4","MMKZDDDDODERSJ-GXRBRPDZSA-N"
"SC6A4","OMBOXYLBBHNWHL-VOFREWHGSA-N"
"SC6A4","AHEMMEONOCHONP-DBUDALRPSA-N"
"SC6A4","HRJQWACHSNEZEE-DBUDALRPSA-N"
"SC6A4","ZEOHVQFWFVMPGM-SHWKFHJASA-N"
"SC6A4","SIIICDNNMDMWCI-SHWKFHJASA-N"
"SC6A4","ZEOHVQFWFVMPGM-FGDMXMHKSA-N"
"SC6A4","TYFSSZYOVLRLQK-QXSJWSMHSA-N"
"SC6A4","IBOZZWGMZPMXBO-RQJABVFESA-N"
"SC6A4","LTKIILYBJZQLLW-QNIIYNMLSA-N"
"SC6A4","QDZIBQWKRRRXAL-VIRABCJISA-N"
"SC6A4","XOBBOJHELMBHFC-JVEPLPTMSA-N"
"SC6A3","SIIICDNNMDMWCI-YJNKXOJESA-N"
"SC6A3","HNVGNUVAMRLMSG-JYVUQVBGSA-N"
"SC6A3","FOGCUXYHCCUINS-PBYXQSIWSA-N"
"SC6A3","LTKIILYBJZQLLW-QNIIYNMLSA-N"
"SC6A3","MMKZDDDDODERSJ-GXRBRPDZSA-N"
"SC6A3","OMBOXYLBBHNWHL-VOFREWHGSA-N"
"SC6A3","AHEMMEONOCHONP-DBUDALRPSA-N"
"SC6A3","HRJQWACHSNEZEE-DBUDALRPSA-N"
"SC6A3","ZEOHVQFWFVMPGM-SHWKFHJASA-N"
"SC6A3","SIIICDNNMDMWCI-SHWKFHJASA-N"
"SC6A3","ZEOHVQFWFVMPGM-FGDMXMHKSA-N"
"SC6A3","TYFSSZYOVLRLQK-QXSJWSMHSA-N"
"SC6A3","IBOZZWGMZPMXBO-RQJABVFESA-N"
"SC6A3","QDZIBQWKRRRXAL-VIRABCJISA-N"
"SC6A3","XOBBOJHELMBHFC-JVEPLPTMSA-N"
"SC6A2","MMKZDDDDODERSJ-GXRBRPDZSA-N"
"SC6A2","OMBOXYLBBHNWHL-VOFREWHGSA-N"
"SC6A2","SIIICDNNMDMWCI-YJNKXOJESA-N"
"SC6A2","HNVGNUVAMRLMSG-JYVUQVBGSA-N"
"SC6A2","AHEMMEONOCHONP-DBUDALRPSA-N"
"SC6A2","HRJQWACHSNEZEE-DBUDALRPSA-N"
"SC6A2","ZEOHVQFWFVMPGM-SHWKFHJASA-N"
"SC6A2","SIIICDNNMDMWCI-SHWKFHJASA-N"
"SC6A2","ZEOHVQFWFVMPGM-FGDMXMHKSA-N"
"SC6A2","TYFSSZYOVLRLQK-QXSJWSMHSA-N"
"SC6A2","IBOZZWGMZPMXBO-RQJABVFESA-N"
"SC6A2","LTKIILYBJZQLLW-QNIIYNMLSA-N"
"SC6A2","QDZIBQWKRRRXAL-VIRABCJISA-N"
"SC6A2","XOBBOJHELMBHFC-JVEPLPTMSA-N"
"VACHT","YDRNNYAJXYKXEA-AMZMEHNNSA-N"
"SC6A4","JODRRUQCPGURFJ-CPNJWEJPSA-N"
"VMAT2","WKJLZWWXLFVFEV-SZPZYZBQSA-N"
"SC6A4","YORRFXCSZXGULE-UHFFFAOYSA-N"
"SC6A4","WRLALEDDWSKGGQ-UHFFFAOYSA-N"
"SC6A4","IOUSMYRYFCYRJU-UHFFFAOYSA-N"
"SC6A3","VUEFLJKLCMGDEG-HNNXBMFYSA-N"
"SC6A2","VUEFLJKLCMGDEG-HNNXBMFYSA-N"
"SC6A4","MDQSOSLERPCADB-ZDUSSCGKSA-N"
"SC6A4","MDQSOSLERPCADB-CYBMUJFWSA-N"
"SC6A3","MDQSOSLERPCADB-ZDUSSCGKSA-N"
"SC6A3","MDQSOSLERPCADB-CYBMUJFWSA-N"
"SC6A2","MDQSOSLERPCADB-ZDUSSCGKSA-N"
"SC6A2","MDQSOSLERPCADB-CYBMUJFWSA-N"
"SC6A4","WNTMTTVEDFGEMS-UHFFFAOYSA-N"
"SC6A3","WNTMTTVEDFGEMS-UHFFFAOYSA-N"
"SC6A4","XBNXSLUDGIRCOM-UHFFFAOYSA-N"
"SC6A4","OHRNLIWSDINQNJ-UHFFFAOYSA-N"
"SC6A4","XDVASTBBJDCVRN-UHFFFAOYSA-N"
"SC6A4","VLOAJINDPKHKIO-UHFFFAOYSA-N"
"SC6A4","JVGGPWIASBTPGW-UHFFFAOYSA-N"
"SC6A4","UHUMNQDHQUUJKC-UHFFFAOYSA-N"
"SC6A4","QIXJCHBQCPESEZ-UHFFFAOYSA-N"
"SC6A4","WVUXEQNDACAHHK-UHFFFAOYSA-N"
"SC6A4","BIHUQIVPVHHXCO-UHFFFAOYSA-N"
"SC6A4","WNFZGOUONAMKNP-UHFFFAOYSA-N"
"SC6A4","CMCPGNNULUGJBT-UHFFFAOYSA-N"
"SC6A4","KCOLXAMZGORQBP-UHFFFAOYSA-N"
"S15A2","KRCAKIVDAFTTGJ-ARVREXMNSA-N"
"S29A1","JKBPIGWNJYTKKJ-LSCFUAHRSA-N"
"SC6A4","GCIDJPAHOAQOPY-UHFFFAOYSA-N"
"SC6A4","STHBOQUYXBHUNT-UHFFFAOYSA-N"
"SC6A4","NELMSVTWQFLKAL-UHFFFAOYSA-N"
"SC6A4","UYVDBUCXEYXDRT-UHFFFAOYSA-N"
"SC6A4","JASGQPKQLWYLDV-UHFFFAOYSA-N"
"SC6A4","WZDGZWOAQTVYBX-XOINTXKNSA-N"
"SC6A4","XUOUWGWIRPBWCW-OAQYLSRUSA-N"
"SC5A7","OPYKHUMNFAMIBL-NILKIKDOSA-L"
"SC6A4","CAALEIZWPZRHJM-RBFZIWAESA-N"
"S27A4","MGQHBMKQCGTCPQ-UHFFFAOYSA-N"
"SC6A9","XMWPUEPUQVYCIC-UHFFFAOYSA-N"
"SC6A9","HWBKBKKWKOQEOX-ZJSXRUAMSA-N"
"SC6A4","KGRXCESVCIYMSX-OVWBULDYSA-N"
"SC6A3","KGRXCESVCIYMSX-OVWBULDYSA-N"
"SC6A2","KGRXCESVCIYMSX-OVWBULDYSA-N"
"MOT1","SJZYZYMKFRJDEE-UHFFFAOYSA-N"
"MOT1","UHNVWCCKBJDIGZ-MRXNPFEDSA-N"
"MOT1","QFJAWVIERUMTED-OAHLLOKOSA-N"
"SC6A7","WNYOKIADMYAOIR-UHFFFAOYSA-N"
"SC6A4","WQPHROPLMJSADO-UHFFFAOYSA-N"
"SC6A9","WWZNPMCMNQTFRR-UHFFFAOYSA-N"
"SC6A9","QUNZJRVGBKYQDV-UHFFFAOYSA-N"
"SL9A1","JALZOHCTXJCEQU-UHFFFAOYSA-N"
"SC6A9","QDRUIKHXUKSSIB-UHFFFAOYSA-N"
"SC6A9","NQRXPRNMOSAAAR-UHFFFAOYSA-N"
"VMAT2","HTTGVFNTQCNCHU-UHFFFAOYSA-N"
"SC6A4","YTAOQYQJPVKYAI-UHFFFAOYSA-N"
"SC6A2","YTAOQYQJPVKYAI-UHFFFAOYSA-N"
"SC5A1","QPNWHIMAZBIEMR-ADAARDCZSA-N"
"SC5A2","QPNWHIMAZBIEMR-ADAARDCZSA-N"
"SC6A4","QTAUJHKCILRJMG-UHFFFAOYSA-N"
"SC6A4","FJZUSTRVJVXQSY-UHFFFAOYSA-N"
"SC6A4","WURDXGJSSCNLKT-UHFFFAOYSA-N"
"SC6A4","NLMXEWVGDSQUMB-UHFFFAOYSA-N"
"SC6A9","PPNMPBDJTSOMCR-UHFFFAOYSA-N"
"SC6A4","IRSJJJFRMIQSOE-SANMLTNESA-N"
"SC6A4","BVWYBVKUPUODDY-WXTAPIANSA-N"
"SC6A4","BVWYBVKUPUODDY-DWXRJYCRSA-N"
"SC6A4","BVWYBVKUPUODDY-QOBPCVTDSA-N"
"SC6A4","WNCRJQLQHVFPBO-PPHZAIPVSA-N"
"SC6A4","LSKWSFUPQIOHOG-VWLOTQADSA-N"
"SC6A4","RRWISUYOSRHAFZ-QYBDOPJKSA-N"
"SC6A4","PSPXVYVVQAMREV-UHFFFAOYSA-N"
"SC6A4","OBQGUQBIJPHQCO-UHFFFAOYSA-N"
"SC6A9","OUUFVLURDMTSII-UHFFFAOYSA-N"
"SC6A9","BEXPSWDCLXOHKK-UHFFFAOYSA-N"
"SC6A5","RSMAUOLRSZMOCD-UHFFFAOYSA-N"
"SC6A9","RSMAUOLRSZMOCD-UHFFFAOYSA-N"
"SC6A5","SORMGDAGOZUFDS-UHFFFAOYSA-N"
"SC6A9","SORMGDAGOZUFDS-UHFFFAOYSA-N"
"MRP5","WEBOKEGMURHITG-UHFFFAOYSA-N"
"MDR1","SVJMLYUFVDMUHP-XIFFEERXSA-N"
"ABCC9","OINNSETUQQXMNK-UXHICEINSA-N"
"MDR1","KTLXHJOVDOVZBD-UHFFFAOYSA-N"
"MRP1","MJRMGLJQJOXSDU-UHFFFAOYSA-N"
"MDR1","VNMQONKZFZQPCT-JHOUSYSJSA-N"
"MDR1","XPNBVAOZAHYCST-JHOUSYSJSA-N"
"MDR1","VNMQONKZFZQPCT-CZNDPXEESA-N"
"ABCG2","VNMQONKZFZQPCT-JHOUSYSJSA-N"
"ABCG2","XPNBVAOZAHYCST-JHOUSYSJSA-N"
"ABCG2","VNMQONKZFZQPCT-CZNDPXEESA-N"
"MRP1","VNMQONKZFZQPCT-JHOUSYSJSA-N"
"MRP1","XPNBVAOZAHYCST-JHOUSYSJSA-N"
"MRP1","VNMQONKZFZQPCT-CZNDPXEESA-N"
"MDR1","XTIXUZDDNPXVTI-UHFFFAOYSA-N"
"ABCG2","XTIXUZDDNPXVTI-UHFFFAOYSA-N"
"ABCC8","IYXFBLABOZUIDN-UHFFFAOYSA-N"
"TERA","CYHUWUQCNGKSKF-UHFFFAOYSA-N"
"MDR1","LGGHDPFKSSRQNS-UHFFFAOYSA-N"
"MDR1B","LGGHDPFKSSRQNS-UHFFFAOYSA-N"
"ABCG2","LGGHDPFKSSRQNS-UHFFFAOYSA-N"
"MDR1","YKXTXQJFMGBJLD-UHFFFAOYSA-N"
"MDR1B","YKXTXQJFMGBJLD-UHFFFAOYSA-N"
"MDR1","OWTUMFZGWWGYGZ-IHJRPKSHSA-N"
"MDR1","NDOBFHPAKSDNIC-BXKMTCNYSA-N"
"MDR1","FZKYLFTXGOKOLE-LEWJYISDSA-N"
"ABCG2","KPYBKWDWWZIWNE-YTEMWHBBSA-N"
"MDR1","KFUYKTYUJHLOPQ-UHFFFAOYSA-N"
"ABCG2","HZACSJPHOPKIHC-UHFFFAOYSA-N"
"GRM1","WHEMCEZISVNXFW-NOCBQHASSA-N"
"GRM5","JUFSRROJKRHALC-LAUBAEHRSA-N"
"GRM4","GZPRAHBIWSNPMM-UHFFFAOYSA-N"
"GRM5","IHMKNCCPYWKVEH-AATRIKPKSA-N"
"GRM1","IHMKNCCPYWKVEH-AATRIKPKSA-N"
"GRM5","LNVIBVCDBGTKOO-UHFFFAOYSA-N"
"GRM5","OPTNUUNOOBQWMQ-UHFFFAOYSA-N"
"GRM5","PFVHJRXWVNVUQZ-UHFFFAOYSA-N"
"GRM4","QDDMZQCENBRXHC-UHFFFAOYSA-N"
"GRM1","QDDMZQCENBRXHC-UHFFFAOYSA-N"
"GRM5","HETOKPFUPQIXHC-IBGZPJMESA-N"
"GRM4","CEQFGBDWPIJQAJ-GASCZTMLSA-N"
"GRM2","BOZVHERQYJVRDG-GDBMZVCRSA-N"
"GRM2","OPQVLALJVICCEZ-UHFFFAOYSA-N"
"GRM4","SDWRMYSXYWCWKJ-UHFFFAOYSA-N"
"GRM5","LEBIBPNJIMKQIQ-UHFFFAOYSA-N"
"GRM5","MRIYQDALPQSCHI-IUODEOHRSA-N"
"GRM1","MRIYQDALPQSCHI-IUODEOHRSA-N"
"GRM5","UEUUWJVQGWZIJY-UHFFFAOYSA-N"
"GRM1","WTQJVGRBYHDLPD-UHFFFAOYSA-N"
"GRM2","ZOSDMAHANBIICB-UHFFFAOYSA-N"
"GRM5","SLBUCFBPKYJQBD-UHFFFAOYSA-N"
"GRM5","NLNMCEXQEHYXBB-UHFFFAOYSA-N"
"GRM3","NLNMCEXQEHYXBB-UHFFFAOYSA-N"
"CASR","BXGMPNJZRYPCBV-UHFFFAOYSA-N"
"GRM5","WYDQDVYUIYFOCH-UHFFFAOYSA-N"
"GRM1","WYDQDVYUIYFOCH-UHFFFAOYSA-N"
"GRM5","MFXBAYYVDUZZGK-CYBMUJFWSA-N"
"GRM3","MFXBAYYVDUZZGK-CYBMUJFWSA-N"
"GABR1","LMFXDBRFRKVFFT-WSNQEUFISA-N"
"GRM2","SLMMRAOLVCRZMP-DHDCSXOGSA-N"
"GRM5","OGWQBBWUAWYTIK-UHFFFAOYSA-N"
"GRM2","AZMYNGIYMRISBA-UHFFFAOYSA-N"
"GRM5","IIRGOGGQTCHRKN-UHFFFAOYSA-N"
"GRM5","VCUKKMIXURRDKL-UHFFFAOYSA-N"
"GRM1","IIRGOGGQTCHRKN-UHFFFAOYSA-N"
"GRM1","OIFRIFPZTMMMSX-UHFFFAOYSA-N"
"GRM1","VCUKKMIXURRDKL-UHFFFAOYSA-N"
"GRM5","UUYKOGNLETXYOL-UHFFFAOYSA-N"
"GRM4","NAPZSTOOVHXHKA-UPDNOGQMSA-N"
"GRM5","RPOGBBRGHWMBAF-UHFFFAOYSA-N"
"GRM4","WWZKTJWODSYAGE-UHFFFAOYSA-N"
"GRM1","LQXZYHXSQNDGAX-UHFFFAOYSA-N"
"GRM5","YWSNJWSAQDJCBJ-UHFFFAOYSA-N"
"GRM5","PGDZTLDIKMARHN-UHFFFAOYSA-N"
"GRM4","HUMXLHHYMMLIPJ-UHFFFAOYSA-N"
"GRM1","HUMXLHHYMMLIPJ-UHFFFAOYSA-N"
"GRM1","FODONWGPMXPGNC-UHFFFAOYSA-N"
"NPY5R","AUHJXHCVECGTKR-DQNUUZSMSA-N"
"NPY5R","YPWSGCQYXRRYDF-NGUHXVKZSA-N"
"NPY5R","CFIJSMFSIQREBI-NGUHXVKZSA-N"
"NPY5R","XWHPEIXOSGASFN-NGUHXVKZSA-N"
"NPY4R","AUHJXHCVECGTKR-DQNUUZSMSA-N"
"NPY4R","YPWSGCQYXRRYDF-NGUHXVKZSA-N"
"NPY4R","CFIJSMFSIQREBI-NGUHXVKZSA-N"
"NPY4R","XWHPEIXOSGASFN-NGUHXVKZSA-N"
"NPY1R","AUHJXHCVECGTKR-DQNUUZSMSA-N"
"NPY1R","YPWSGCQYXRRYDF-NGUHXVKZSA-N"
"NPY1R","CFIJSMFSIQREBI-NGUHXVKZSA-N"
"NPY1R","XWHPEIXOSGASFN-NGUHXVKZSA-N"
"NPY2R","AUHJXHCVECGTKR-DQNUUZSMSA-N"
"NPY2R","YPWSGCQYXRRYDF-NGUHXVKZSA-N"
"NPY2R","CFIJSMFSIQREBI-NGUHXVKZSA-N"
"NPY2R","XWHPEIXOSGASFN-NGUHXVKZSA-N"
"NPY5R","UAGOKIHKMPQLOZ-UAWNQZSRSA-N"
"NPY2R","UAGOKIHKMPQLOZ-UAWNQZSRSA-N"
"OX1R","KJPHTXTWFHVJIG-KTXUZGJCSA-N"
"OX2R","KJPHTXTWFHVJIG-KTXUZGJCSA-N"
"5HT2B","SVLOBFJUUCMSOY-UHFFFAOYSA-N"
"5HT7R","SVLOBFJUUCMSOY-UHFFFAOYSA-N"
"5HT6R","SVLOBFJUUCMSOY-UHFFFAOYSA-N"
"DRD2","SVLOBFJUUCMSOY-UHFFFAOYSA-N"
"P2RY4","PAOIUUIZGOVIOK-XIZJPJQXSA-N"
"P2RY6","PAOIUUIZGOVIOK-XIZJPJQXSA-N"
"DRD3","YEWGIGCYIAMFMA-UHFFFAOYSA-N"
"DRD3","UPTHGVUSCNDAPF-UHFFFAOYSA-N"
"DRD3","AGZPZBJIQLGGOQ-UHFFFAOYSA-N"
"DRD3","YGTOBHZRTULFTF-QGZVFWFLSA-N"
"DRD4","YEWGIGCYIAMFMA-UHFFFAOYSA-N"
"DRD4","HNSLMUBRFVOOOR-UHFFFAOYSA-N"
"DRD1","YEWGIGCYIAMFMA-UHFFFAOYSA-N"
"DRD1","HNSLMUBRFVOOOR-UHFFFAOYSA-N"
"DRD1","UPTHGVUSCNDAPF-UHFFFAOYSA-N"
"DRD1","AGZPZBJIQLGGOQ-UHFFFAOYSA-N"
"DRD1","DKYKQBWPYFTZHN-UHFFFAOYSA-N"
"DRD1","YGTOBHZRTULFTF-QGZVFWFLSA-N"
"DRD2","YEWGIGCYIAMFMA-UHFFFAOYSA-N"
"DRD2","HNSLMUBRFVOOOR-UHFFFAOYSA-N"
"DRD2","UPTHGVUSCNDAPF-UHFFFAOYSA-N"
"DRD2","AGZPZBJIQLGGOQ-UHFFFAOYSA-N"
"DRD2","DKYKQBWPYFTZHN-UHFFFAOYSA-N"
"DRD2","YGTOBHZRTULFTF-QGZVFWFLSA-N"
"DRD5","YEWGIGCYIAMFMA-UHFFFAOYSA-N"
"DRD5","HNSLMUBRFVOOOR-UHFFFAOYSA-N"
"DRD5","UPTHGVUSCNDAPF-UHFFFAOYSA-N"
"DRD5","AGZPZBJIQLGGOQ-UHFFFAOYSA-N"
"DRD5","DKYKQBWPYFTZHN-UHFFFAOYSA-N"
"DRD5","YGTOBHZRTULFTF-QGZVFWFLSA-N"
"CCR4","JGWNDWXZPDXGBE-NDEPHWFRSA-N"
"ADA2A","VUQFQRNHGGYQGK-UHFFFAOYSA-N"
"5HT1A","VUQFQRNHGGYQGK-UHFFFAOYSA-N"
"DRD3","VUQFQRNHGGYQGK-UHFFFAOYSA-N"
"DRD2","VUQFQRNHGGYQGK-UHFFFAOYSA-N"
"S1PR5","ISBCPWVJRHMKFI-UHFFFAOYSA-N"
"S1PR1","ISBCPWVJRHMKFI-UHFFFAOYSA-N"
"S1PR4","ISBCPWVJRHMKFI-UHFFFAOYSA-N"
"OPRM","MXIFDEWABPGBOL-UHFFFAOYSA-N"
"5HT2A","GQVQHZLEHMPPJD-UHFFFAOYSA-N"
"5HT2C","GQVQHZLEHMPPJD-UHFFFAOYSA-N"
"5HT6R","GQVQHZLEHMPPJD-UHFFFAOYSA-N"
"DRD3","GQVQHZLEHMPPJD-UHFFFAOYSA-N"
"DRD1","GQVQHZLEHMPPJD-UHFFFAOYSA-N"
"DRD2","GQVQHZLEHMPPJD-UHFFFAOYSA-N"
"SSR3","ALZKIEOFIQKKKY-TZIWHRDSSA-N"
"MC4R","UVVSRJZXMBBDIT-IZLXSDGUSA-N"
"ACM1","VRKZGZGFSICLGU-UHFFFAOYSA-N"
"MCHR1","ZLLKIIUCLYZWHE-UHFFFAOYSA-N"
"ACM2","YGHIXHGNVUQBRE-BKWJHWGASA-N"
"ACM3","YGHIXHGNVUQBRE-BKWJHWGASA-N"
"ADA1A","BGURRFIDCHOENU-UHFFFAOYSA-N"
"ADA1B","BGURRFIDCHOENU-UHFFFAOYSA-N"
"ADA1D","BGURRFIDCHOENU-UHFFFAOYSA-N"
"GNRHR","DVDTYQUTDJGBKU-UHFFFAOYSA-N"
"AA1R","QMZAMLTVEASZQQ-UHFFFAOYSA-N"
"AA2BR","QMZAMLTVEASZQQ-UHFFFAOYSA-N"
"AA2AR","QMZAMLTVEASZQQ-UHFFFAOYSA-N"
"AA3R","QMZAMLTVEASZQQ-UHFFFAOYSA-N"
"AA1R","YBZHQFAVAQZLFB-UHFFFAOYSA-N"
"AA2AR","YBZHQFAVAQZLFB-UHFFFAOYSA-N"
"AA1R","RSXYRGSDOLORMR-UHFFFAOYSA-N"
"AA2AR","RSXYRGSDOLORMR-UHFFFAOYSA-N"
"SSR2","OGKLLMOSPWTKLM-MHIGEHEBSA-N"
"SSR3","OGKLLMOSPWTKLM-MHIGEHEBSA-N"
"SSR4","OGKLLMOSPWTKLM-MHIGEHEBSA-N"
"SSR1","OGKLLMOSPWTKLM-MHIGEHEBSA-N"
"MSHR","JJPMYGFCLXEQSM-FKWFRFQNSA-N"
"CCR3","RJECZNRGVJPLSQ-JBRSBNLGSA-N"
"CCR3","ULFGYOICMCABPV-SONWIMMPSA-N"
"5HT1A","QASCBWTWFDWZJI-UHFFFAOYSA-N"
"5HT7R","QASCBWTWFDWZJI-UHFFFAOYSA-N"
"5HT2A","QASCBWTWFDWZJI-UHFFFAOYSA-N"
"5HT6R","QASCBWTWFDWZJI-UHFFFAOYSA-N"
"DRD1","QASCBWTWFDWZJI-UHFFFAOYSA-N"
"AA2BR","JBGRNTKBOQPADE-UHFFFAOYSA-N"
"AA3R","JBGRNTKBOQPADE-UHFFFAOYSA-N"
"AA2BR","DLJCOAYSXAVQNE-UHFFFAOYSA-N"
"ADA1A","GFQPGTMHAHWZHS-UHFFFAOYSA-N"
"ADA1A","LHFRREYTABIJEO-UHFFFAOYSA-N"
"ADA1A","WLZVXPFXXASTLW-UHFFFAOYSA-N"
"ADA1A","XBIPCIFARHCNNE-UHFFFAOYSA-N"
"ADA1A","CXZDAMKDHUXFMW-UHFFFAOYSA-N"
"ADA1A","AKTHZRZKYPJJRC-UHFFFAOYSA-N"
"ADA1A","AXDZGPVPBMNCMT-UHFFFAOYSA-N"
"ADA1A","ZBUMCITULAAXBQ-UHFFFAOYSA-N"
"ADA1A","ZAAQJDPTTZJUDL-UHFFFAOYSA-N"
"ADA1A","PHDDUIXSXSRRQU-UHFFFAOYSA-N"
"ADA1A","PHCUGENQVJPTLC-UHFFFAOYSA-N"
"ADA1A","GYVLPHYAFKCJIG-UHFFFAOYSA-N"
"5HT1A","GFQPGTMHAHWZHS-UHFFFAOYSA-N"
"5HT1A","LHFRREYTABIJEO-UHFFFAOYSA-N"
"5HT1A","WLZVXPFXXASTLW-UHFFFAOYSA-N"
"5HT1A","XBIPCIFARHCNNE-UHFFFAOYSA-N"
"5HT1A","CXZDAMKDHUXFMW-UHFFFAOYSA-N"
"5HT1A","AKTHZRZKYPJJRC-UHFFFAOYSA-N"
"5HT1A","AXDZGPVPBMNCMT-UHFFFAOYSA-N"
"5HT1A","ZBUMCITULAAXBQ-UHFFFAOYSA-N"
"5HT1A","ZAAQJDPTTZJUDL-UHFFFAOYSA-N"
"5HT1A","PHDDUIXSXSRRQU-UHFFFAOYSA-N"
"5HT1A","PHCUGENQVJPTLC-UHFFFAOYSA-N"
"5HT1A","GYVLPHYAFKCJIG-UHFFFAOYSA-N"
"5HT2A","GFQPGTMHAHWZHS-UHFFFAOYSA-N"
"5HT2A","LHFRREYTABIJEO-UHFFFAOYSA-N"
"5HT2A","WLZVXPFXXASTLW-UHFFFAOYSA-N"
"5HT2A","XBIPCIFARHCNNE-UHFFFAOYSA-N"
"5HT2A","CXZDAMKDHUXFMW-UHFFFAOYSA-N"
"5HT2A","AKTHZRZKYPJJRC-UHFFFAOYSA-N"
"5HT2A","AXDZGPVPBMNCMT-UHFFFAOYSA-N"
"5HT2A","ZBUMCITULAAXBQ-UHFFFAOYSA-N"
"5HT2A","ZAAQJDPTTZJUDL-UHFFFAOYSA-N"
"5HT2A","PHDDUIXSXSRRQU-UHFFFAOYSA-N"
"5HT2A","PHCUGENQVJPTLC-UHFFFAOYSA-N"
"5HT2A","GYVLPHYAFKCJIG-UHFFFAOYSA-N"
"DRD2","GFQPGTMHAHWZHS-UHFFFAOYSA-N"
"DRD2","LHFRREYTABIJEO-UHFFFAOYSA-N"
"DRD2","WLZVXPFXXASTLW-UHFFFAOYSA-N"
"DRD2","XBIPCIFARHCNNE-UHFFFAOYSA-N"
"DRD2","CXZDAMKDHUXFMW-UHFFFAOYSA-N"
"DRD2","AKTHZRZKYPJJRC-UHFFFAOYSA-N"
"DRD2","AXDZGPVPBMNCMT-UHFFFAOYSA-N"
"DRD2","ZBUMCITULAAXBQ-UHFFFAOYSA-N"
"DRD2","ZAAQJDPTTZJUDL-UHFFFAOYSA-N"
"DRD2","PHDDUIXSXSRRQU-UHFFFAOYSA-N"
"DRD2","PHCUGENQVJPTLC-UHFFFAOYSA-N"
"DRD2","GYVLPHYAFKCJIG-UHFFFAOYSA-N"
"GPR35","REZGGXNDEMKIQB-UHFFFAOYSA-N"
"MC4R","QFNYNYUWRSANTP-RZFJZAQRSA-N"
"AA2AR","NJNUNXVUFLFRNF-UHFFFAOYSA-N"
"ACM5","DYKWWNCEKVABFK-UHFFFAOYSA-L"
"ACM4","DYKWWNCEKVABFK-UHFFFAOYSA-L"
"MC4R","PNFDTYPRKXTXAO-ULNSLHSMSA-N"
"MC5R","PNFDTYPRKXTXAO-ULNSLHSMSA-N"
"P2RY1","NBGVDEXKDSQFBN-UHFFFAOYSA-N"
"DRD3","UHSKFQJFRQCDBE-UHFFFAOYSA-N"
"DRD4","UHSKFQJFRQCDBE-UHFFFAOYSA-N"
"DRD2","UHSKFQJFRQCDBE-UHFFFAOYSA-N"
"5HT1A","RISHXOUPXKJKGQ-UHFFFAOYSA-N"
"5HT7R","RISHXOUPXKJKGQ-UHFFFAOYSA-N"
"ADA1A","SVJMLYUFVDMUHP-XIFFEERXSA-N"
"ADA1A","KPTMOEWLVJTEEX-UHFFFAOYSA-N"
"ADA1B","SVJMLYUFVDMUHP-XIFFEERXSA-N"
"ADA1B","KPTMOEWLVJTEEX-UHFFFAOYSA-N"
"ADA1D","SVJMLYUFVDMUHP-XIFFEERXSA-N"
"ADA1D","KPTMOEWLVJTEEX-UHFFFAOYSA-N"
"AA2BR","DSWCYOLXLXYNKI-UHFFFAOYSA-N"
"AA2AR","DSWCYOLXLXYNKI-UHFFFAOYSA-N"
"CCKAR","TYMMXZFVKMSUTR-UHFFFAOYSA-N"
"GASR","TYMMXZFVKMSUTR-UHFFFAOYSA-N"
"ADA2B","CETMNKCDAHCKRC-UHFFFAOYSA-N"
"ADA2C","CETMNKCDAHCKRC-UHFFFAOYSA-N"
"ADA2A","CETMNKCDAHCKRC-UHFFFAOYSA-N"
"GPBAR","VYKWUKHQWPYYBR-UHFFFAOYSA-N"
"PE2R4","OECLJIUWGIVHBE-UHFFFAOYSA-N"
"PE2R4","FJMQKJOWJVMHPQ-UHFFFAOYSA-N"
"PF2R","FJMQKJOWJVMHPQ-UHFFFAOYSA-N"
"PE2R2","FJMQKJOWJVMHPQ-UHFFFAOYSA-N"
"TA2R","FJMQKJOWJVMHPQ-UHFFFAOYSA-N"
"PD2R","FJMQKJOWJVMHPQ-UHFFFAOYSA-N"
"5HT2B","LKGBTCMMESGPGL-UHFFFAOYSA-N"
"5HT2A","LKGBTCMMESGPGL-UHFFFAOYSA-N"
"ADA1A","SBPRIAGPYFYCRT-UHFFFAOYSA-N"
"ADA1A","HORQTONVLZMNKK-UHFFFAOYSA-N"
"ADA1B","SBPRIAGPYFYCRT-UHFFFAOYSA-N"
"ADA1B","HORQTONVLZMNKK-UHFFFAOYSA-N"
"ADA1D","SBPRIAGPYFYCRT-UHFFFAOYSA-N"
"ADA1D","HORQTONVLZMNKK-UHFFFAOYSA-N"
"5HT1A","SBPRIAGPYFYCRT-UHFFFAOYSA-N"
"5HT1A","HORQTONVLZMNKK-UHFFFAOYSA-N"
"DRD4","HORQTONVLZMNKK-UHFFFAOYSA-N"
"HRH3","ARXINUPRMISVLG-UHFFFAOYSA-N"
"ADA2B","WDSZUSABLKNHCZ-QWRGUYRKSA-N"
"ADA2A","WDSZUSABLKNHCZ-QWRGUYRKSA-N"
"AA3R","KKQRKKPHRYDCML-UHFFFAOYSA-N"
"OPRD","MCMMCRYPQBNCPH-SGKWCMOWSA-N"
"OPRM","MCMMCRYPQBNCPH-SGKWCMOWSA-N"
"HRH3","SBAQYPMYNRQKBF-UHFFFAOYSA-N"
"5HT1A","RSDAEFPWFADGBB-UHFFFAOYSA-N"
"DRD2","RSDAEFPWFADGBB-UHFFFAOYSA-N"
"CNR2","YGUUURKMKPALCH-UHFFFAOYSA-N"
"CNR1","YGUUURKMKPALCH-UHFFFAOYSA-N"
"NK1R","XHJXRHNUFXHMEV-REAJPLCASA-N"
"OPRD","XHJXRHNUFXHMEV-REAJPLCASA-N"
"OPRM","XHJXRHNUFXHMEV-REAJPLCASA-N"
"CCR1","XSDAUYLGCBWDAK-FQEVSTJZSA-N"
"5HT1A","YMKGMHBARYYHNZ-UHFFFAOYSA-N"
"5HT7R","YMKGMHBARYYHNZ-UHFFFAOYSA-N"
"CNR2","QODLVTGNLXQJER-UHFFFAOYSA-N"
"CNR1","QODLVTGNLXQJER-UHFFFAOYSA-N"
"ADA1A","SVLOMAHKFFJJIC-UHFFFAOYSA-N"
"ADA1A","KFOXMHFDNRTETJ-UHFFFAOYSA-N"
"ADA1A","AMDRAFDQLSKJMW-UHFFFAOYSA-N"
"5HT1A","SVLOMAHKFFJJIC-UHFFFAOYSA-N"
"DRD3","SVLOMAHKFFJJIC-UHFFFAOYSA-N"
"DRD3","KFOXMHFDNRTETJ-UHFFFAOYSA-N"
"DRD3","AMDRAFDQLSKJMW-UHFFFAOYSA-N"
"DRD2","SVLOMAHKFFJJIC-UHFFFAOYSA-N"
"DRD2","KFOXMHFDNRTETJ-UHFFFAOYSA-N"
"DRD2","AMDRAFDQLSKJMW-UHFFFAOYSA-N"
"GP183","BPTCJGVNSUEYAM-UHFFFAOYSA-N"
"AA1R","YTAXNXDGKHGYIC-UHFFFAOYSA-N"
"AA2AR","YTAXNXDGKHGYIC-UHFFFAOYSA-N"
"OPRD","SIYPUCVGBZTYPW-KNLIIKEYSA-N"
"OPRM","SIYPUCVGBZTYPW-KNLIIKEYSA-N"
"PKR1","CHMCHPZUHRZOHF-UHFFFAOYSA-N"
"SSR2","HOAQFSRQYFNWHM-REVPGNRISA-N"
"SSR3","HOAQFSRQYFNWHM-REVPGNRISA-N"
"SSR2","YBFNHZBTLNAFLE-FKKAZWNESA-N"
"SSR3","YBFNHZBTLNAFLE-FKKAZWNESA-N"
"SSR4","YBFNHZBTLNAFLE-FKKAZWNESA-N"
"SSR2","AKICOXAXTFVPHX-JSTKZNKXSA-N"
"SSR3","AKICOXAXTFVPHX-JSTKZNKXSA-N"
"SSR5","AKICOXAXTFVPHX-JSTKZNKXSA-N"
"OPRX","RWZHKEZRFILBTQ-AVRDEDQJSA-N"
"DRD1","OOFZTDDZWQTLSH-UHFFFAOYSA-N"
"GNRHR","XKKURHTXUQVPTG-UHFFFAOYSA-N"
"MCHR1","XLARMCNJVYOFFY-UHFFFAOYSA-N"
"MCHR1","QHRSOSACJBYXIL-UHFFFAOYSA-N"
"PD2R2","SCOMFAPURDHZJH-AVRWGWEMSA-N"
"HRH3","RDPSEAZFXPEZMP-UHFFFAOYSA-N"
"HRH3","APQJKSFOISLQFF-UHFFFAOYSA-N"
"HRH4","APQJKSFOISLQFF-UHFFFAOYSA-N"
"GHSR","CYEIOVYZTVJICS-SZPZYZBQSA-N"
"MTLR","CYEIOVYZTVJICS-SZPZYZBQSA-N"
"OPRD","AVWCTYGZQSFPNB-XKXSCJQESA-N"
"OPRD","ZPOAEHPRIWDCTN-STKWSZKVSA-N"
"OPRK","AVWCTYGZQSFPNB-XKXSCJQESA-N"
"OPRK","ZPOAEHPRIWDCTN-STKWSZKVSA-N"
"OPRM","AVWCTYGZQSFPNB-XKXSCJQESA-N"
"OPRM","ZPOAEHPRIWDCTN-STKWSZKVSA-N"
"NTR2","YAYKNLYVGGFSNU-MHZLTWQESA-N"
"OPRM","LSQXZIUREIDSHZ-NEWJYFPISA-N"
"DRD1","BZGKXGFGDBPNAC-WOJBJXKFSA-N"
"DRD2","BZGKXGFGDBPNAC-WOJBJXKFSA-N"
"NPY5R","KEJJLAINBBOGHE-UHFFFAOYSA-N"
"NPY5R","MKVJQAZEXGSAIT-UHFFFAOYSA-N"
"NPY5R","DPKUOHAURWMUFA-UHFFFAOYSA-N"
"S1PR3","JSXNFWTXYHSRFK-UHFFFAOYSA-N"
"S1PR1","JSXNFWTXYHSRFK-UHFFFAOYSA-N"
"5HT1A","OMGFHJJVBNGXBW-UHFFFAOYSA-N"
"5HT7R","OMGFHJJVBNGXBW-UHFFFAOYSA-N"
"DRD2","OMGFHJJVBNGXBW-UHFFFAOYSA-N"
"5HT1A","LZWDVLLURPUKQS-UHFFFAOYSA-N"
"5HT7R","LZWDVLLURPUKQS-UHFFFAOYSA-N"
"DRD2","LZWDVLLURPUKQS-UHFFFAOYSA-N"
"5HT1A","QDZRLBZZELBOIJ-UHFFFAOYSA-N"
"5HT1A","VXKCYKXMVUMKKQ-DEOSSOPVSA-N"
"5HT7R","QDZRLBZZELBOIJ-UHFFFAOYSA-N"
"5HT7R","VXKCYKXMVUMKKQ-DEOSSOPVSA-N"
"5HT6R","VXKCYKXMVUMKKQ-DEOSSOPVSA-N"
"DRD2","QDZRLBZZELBOIJ-UHFFFAOYSA-N"
"ACM3","WQMYHVQXLJIIHO-UHFFFAOYSA-N"
"ACM1","WQMYHVQXLJIIHO-UHFFFAOYSA-N"
"PE2R3","BJVBKRYJOXRBAD-QHCPKHFHSA-N"
"PD2R","BJVBKRYJOXRBAD-QHCPKHFHSA-N"
"DRD3","AEKRAVIJSVJVBT-UHFFFAOYSA-N"
"DRD2","AEKRAVIJSVJVBT-UHFFFAOYSA-N"
"DRD5","AEKRAVIJSVJVBT-UHFFFAOYSA-N"
"ADA2B","RLKWQKZPCMICPS-UHFFFAOYSA-N"
"ADA2C","RLKWQKZPCMICPS-UHFFFAOYSA-N"
"ADA2A","RLKWQKZPCMICPS-UHFFFAOYSA-N"
"NK3R","SFBJQTXZKXTYKE-UHFFFAOYSA-N"
"DRD3","PSWUORNVMIRUSW-UHFFFAOYSA-N"
"DRD4","PSWUORNVMIRUSW-UHFFFAOYSA-N"
"DRD2","PSWUORNVMIRUSW-UHFFFAOYSA-N"
"V2R","MWIASLNTAGRGGA-ZJPWWDJASA-N"
"V2R","MWIASLNTAGRGGA-WAAQWYFXSA-N"
"V2R","YRBWUCJBVSLYTK-SVYKIPJPSA-N"
"OXYR","MWIASLNTAGRGGA-ZJPWWDJASA-N"
"OXYR","MWIASLNTAGRGGA-WAAQWYFXSA-N"
"OXYR","YRBWUCJBVSLYTK-SVYKIPJPSA-N"
"V1AR","MWIASLNTAGRGGA-ZJPWWDJASA-N"
"V1AR","MWIASLNTAGRGGA-WAAQWYFXSA-N"
"V1AR","YRBWUCJBVSLYTK-SVYKIPJPSA-N"
"CCR4","YTEVTHHGQMUPHC-UHFFFAOYSA-N"
"5HT1A","UXXXYMHRSGDPEU-UHFFFAOYSA-N"
"5HT2A","UXXXYMHRSGDPEU-UHFFFAOYSA-N"
"PE2R3","OIDRWTDKINPYNQ-CMDGGOBGSA-N"
"ADA1D","LCWFAMJVXXNZKV-UHFFFAOYSA-N"
"AA2AR","XDYKDWJFSMJUFV-CQSZACIVSA-N"
"CCR1","CBWXWWZGSKPBOX-GOSISDBHSA-N"
"GALR2","ZWHILRBVKJAMNY-FELOTHHLSA-N"
"GALR1","ZWHILRBVKJAMNY-FELOTHHLSA-N"
"FFAR1","VYJGZGJDHXRHEK-DEOSSOPVSA-N"
"HRH2","AVEVJMZJJJDOCI-UHFFFAOYSA-N"
"NK2R","AVEVJMZJJJDOCI-UHFFFAOYSA-N"
"GNRHR","AVEVJMZJJJDOCI-UHFFFAOYSA-N"
"AA1R","ZUQSIVIEDRMHRP-UHFFFAOYSA-N"
"AA3R","ZUQSIVIEDRMHRP-UHFFFAOYSA-N"
"NPY5R","WYLTXXROXQGYPA-UHFFFAOYSA-N"
"GPBAR","YMFDSPVIOOOQTH-HXUWFJFHSA-N"
"CCL2","RQTUVSVQNVSIKU-FNFJCYJNSA-N"
"5HT1A","CTZWGZSINBFHFD-UHFFFAOYSA-N"
"ADRB1","MXPUBPBHIUDTJX-PKTZIBPZSA-N"
"ADRB1","YIIOYETUELEIHW-VWNXMTODSA-N"
"ADRB1","HDLXDLDDNWHJGJ-GGAORHGYSA-N"
"ADRB1","GRSIQKKNSPHJED-RTWAWAEBSA-N"
"ADRB2","MXPUBPBHIUDTJX-PKTZIBPZSA-N"
"ADRB2","YIIOYETUELEIHW-VWNXMTODSA-N"
"ADRB2","HDLXDLDDNWHJGJ-GGAORHGYSA-N"
"ADRB2","GRSIQKKNSPHJED-RTWAWAEBSA-N"
"ADRB3","MXPUBPBHIUDTJX-PKTZIBPZSA-N"
"ADRB3","YIIOYETUELEIHW-VWNXMTODSA-N"
"ADRB3","HDLXDLDDNWHJGJ-GGAORHGYSA-N"
"ADRB3","GRSIQKKNSPHJED-RTWAWAEBSA-N"
"OPRM","XLSZJRCCIPFELW-LWDWJGHZSA-N"
"OPRX","XLSZJRCCIPFELW-LWDWJGHZSA-N"
"AA3R","FPCCSQOGAWCVBH-UHFFFAOYSA-N"
"5HT2B","FPCCSQOGAWCVBH-UHFFFAOYSA-N"
"5HT2A","FPCCSQOGAWCVBH-UHFFFAOYSA-N"
"5HT2C","FPCCSQOGAWCVBH-UHFFFAOYSA-N"
"DRD2","FPCCSQOGAWCVBH-UHFFFAOYSA-N"
"AA2AR","KAJVJPLKXGLLDA-UHFFFAOYSA-N"
"ADA1A","ZAVYYYQORHVVFN-BDGVIKSFSA-N"
"ADA1B","ZAVYYYQORHVVFN-BDGVIKSFSA-N"
"CCR6","ZAVYYYQORHVVFN-BDGVIKSFSA-N"
"DRD3","ANYSYRVXKLTFPB-ZFWWWQNUSA-N"
"DRD2","ANYSYRVXKLTFPB-ZFWWWQNUSA-N"
"NK1R","ODEBBNRINYMIRX-ACIOBRDBSA-N"
"PE2R4","ZFAWZYKQRSYYLC-SWSMCDPZSA-N"
"OXYR","PFGOHCJFGDEHAX-SWYXWEQBSA-N"
"V1AR","PFGOHCJFGDEHAX-SWYXWEQBSA-N"
"AA1R","CPPSAVWBHKTFNF-UHFFFAOYSA-N"
"AA2BR","CPPSAVWBHKTFNF-UHFFFAOYSA-N"
"AA2AR","CPPSAVWBHKTFNF-UHFFFAOYSA-N"
"5HT1A","UAQAANDOLMXUHK-UHFFFAOYSA-N"
"5HT2A","UAQAANDOLMXUHK-UHFFFAOYSA-N"
"DRD1","UAQAANDOLMXUHK-UHFFFAOYSA-N"
"DRD2","UAQAANDOLMXUHK-UHFFFAOYSA-N"
"PE2R1","FVFTZHBEOKHLHA-UHFFFAOYSA-N"
"ADA2B","POCXNIFHHUXWMU-UHFFFAOYSA-N"
"ADA2B","IPSCUIDJZTXJJO-UHFFFAOYSA-N"
"ADA2C","POCXNIFHHUXWMU-UHFFFAOYSA-N"
"ADA2C","IPSCUIDJZTXJJO-UHFFFAOYSA-N"
"ADA2A","POCXNIFHHUXWMU-UHFFFAOYSA-N"
"ADA2A","IPSCUIDJZTXJJO-UHFFFAOYSA-N"
"OXYR","SHUVSCHNMZHWMV-UHFFFAOYSA-N"
"OXYR","VMLXQVRAOYTIFJ-UHFFFAOYSA-N"
"NK1R","KTIXRTOVKASTTK-VQFZVEARSA-N"
"OPRM","KTIXRTOVKASTTK-VQFZVEARSA-N"
"NPY5R","GOSQWFMKXKORBV-UHFFFAOYSA-N"
"5HT1B","RAKPJSOFWXNMNH-UHFFFAOYSA-N"
"5HT1B","FXJMAIABWURTRB-UHFFFAOYSA-N"
"5HT1B","DZBLKVHBOHYUNY-SFHVURJKSA-N"
"5HT1B","WIGOHQYSKWOHPH-UHFFFAOYSA-N"
"5HT1B","KGVROJQOCQABGA-UHFFFAOYSA-N"
"5HT1B","VOSXYXQMEFDJMI-UHFFFAOYSA-N"
"5HT1B","CTUZKIUJWYPNFV-UHFFFAOYSA-N"
"5HT1B","DZBLKVHBOHYUNY-GOSISDBHSA-N"
"5HT1B","MSFUUIPBIBJYNX-UHFFFAOYSA-N"
"5HT1B","PRYHARAEUCUVIY-UHFFFAOYSA-N"
"5HT1B","FRFBWAJTOSLKJT-UHFFFAOYSA-N"
"5HT1B","SPYRKRZLYSXVFE-UHFFFAOYSA-N"
"5HT1A","RAKPJSOFWXNMNH-UHFFFAOYSA-N"
"5HT1A","FXJMAIABWURTRB-UHFFFAOYSA-N"
"5HT1A","DZBLKVHBOHYUNY-SFHVURJKSA-N"
"5HT1A","WIGOHQYSKWOHPH-UHFFFAOYSA-N"
"5HT1A","KGVROJQOCQABGA-UHFFFAOYSA-N"
"5HT1A","VOSXYXQMEFDJMI-UHFFFAOYSA-N"
"5HT1A","CTUZKIUJWYPNFV-UHFFFAOYSA-N"
"5HT1A","DZBLKVHBOHYUNY-GOSISDBHSA-N"
"5HT1A","MSFUUIPBIBJYNX-UHFFFAOYSA-N"
"5HT1A","PRYHARAEUCUVIY-UHFFFAOYSA-N"
"5HT1A","FRFBWAJTOSLKJT-UHFFFAOYSA-N"
"5HT1A","SPYRKRZLYSXVFE-UHFFFAOYSA-N"
"5HT1D","RAKPJSOFWXNMNH-UHFFFAOYSA-N"
"5HT1D","FXJMAIABWURTRB-UHFFFAOYSA-N"
"5HT1D","DZBLKVHBOHYUNY-SFHVURJKSA-N"
"5HT1D","WIGOHQYSKWOHPH-UHFFFAOYSA-N"
"5HT1D","KGVROJQOCQABGA-UHFFFAOYSA-N"
"5HT1D","VOSXYXQMEFDJMI-UHFFFAOYSA-N"
"5HT1D","CTUZKIUJWYPNFV-UHFFFAOYSA-N"
"5HT1D","DZBLKVHBOHYUNY-GOSISDBHSA-N"
"5HT1D","MSFUUIPBIBJYNX-UHFFFAOYSA-N"
"5HT1D","PRYHARAEUCUVIY-UHFFFAOYSA-N"
"5HT1D","FRFBWAJTOSLKJT-UHFFFAOYSA-N"
"5HT1D","SPYRKRZLYSXVFE-UHFFFAOYSA-N"
"5HT1B","JAELRPUWEUXJPW-UHFFFAOYSA-N"
"5HT1B","HFPMFXUJDFZECD-UHFFFAOYSA-N"
"5HT1A","JAELRPUWEUXJPW-UHFFFAOYSA-N"
"5HT1A","HFPMFXUJDFZECD-UHFFFAOYSA-N"
"5HT1D","JAELRPUWEUXJPW-UHFFFAOYSA-N"
"5HT1D","HFPMFXUJDFZECD-UHFFFAOYSA-N"
"HRH3","ADHCEOHLWFBYCU-UHFFFAOYSA-N"
"5HT1A","GPANICKLGIVBML-UHFFFAOYSA-N"
"5HT2A","GPANICKLGIVBML-UHFFFAOYSA-N"
"CNR2","MBDFEYSTWDVXOJ-UHFFFAOYSA-N"
"CNR1","MBDFEYSTWDVXOJ-UHFFFAOYSA-N"
"CNR1","KCQJZOJGRGXWCV-UHFFFAOYSA-N"
"C5AR1","KIAVXLCRALURJT-UHFFFAOYSA-N"
"GP142","ATOKVTDUHKZLMB-UHFFFAOYSA-N"
"ADA2A","LDEQLBJRYFYFBT-UHFFFAOYSA-N"
"5HT6R","LDEQLBJRYFYFBT-UHFFFAOYSA-N"
"DRD3","ICXGSSKPPOBXQR-UHFFFAOYSA-N"
"DRD3","CTWAEGZNMNTFST-UHFFFAOYSA-N"
"DRD1","ICXGSSKPPOBXQR-UHFFFAOYSA-N"
"DRD1","CTWAEGZNMNTFST-UHFFFAOYSA-N"
"DRD2","ICXGSSKPPOBXQR-UHFFFAOYSA-N"
"DRD2","CTWAEGZNMNTFST-UHFFFAOYSA-N"
"V2R","VFGUUFALPPOHKD-ULJHMMPZSA-N"
"V1AR","VFGUUFALPPOHKD-ULJHMMPZSA-N"
"CNR1","UJLUJVLJRDVHQO-LEWJYISDSA-N"
"OPRD","NMGCCCXRAFVYBR-RRGQHJHPSA-N"
"OPRK","GIZJWWQFOGQPRY-RRGQHJHPSA-N"
"OPRK","NMGCCCXRAFVYBR-RRGQHJHPSA-N"
"OPRM","GIZJWWQFOGQPRY-RRGQHJHPSA-N"
"OPRM","NMGCCCXRAFVYBR-RRGQHJHPSA-N"
"ADA2C","UCHDWCPVSPXUMX-TZIWLTJVSA-N"
"AA3R","UCHDWCPVSPXUMX-TZIWLTJVSA-N"
"CLTR1","UCHDWCPVSPXUMX-TZIWLTJVSA-N"
"NPY1R","AKSPVPSPCDRFDG-RJRADHEHSA-N"
"DRD3","GOPCNWYYZCPBLJ-UHFFFAOYSA-N"
"DRD4","GOPCNWYYZCPBLJ-UHFFFAOYSA-N"
"DRD2","GOPCNWYYZCPBLJ-UHFFFAOYSA-N"
"5HT1D","MQOXSVRCBZPXNC-UHFFFAOYSA-N"
"PE2R4","FADNAZBPTQVMPQ-ZDUSSCGKSA-N"
"PE2R2","FADNAZBPTQVMPQ-ZDUSSCGKSA-N"
"ADA1A","CLVNHGRETDEYIG-UHFFFAOYSA-N"
"HRH3","ZWUFGBNOUKQGBR-UHFFFAOYSA-N"
"V2R","XNOPRXBHLZRZKH-DSZYJQQASA-N"
"V2R","VWXRQYYUEIYXCZ-OBIMUBPZSA-N"
"V2R","GTYWGUNQAMYZPF-QPLNMOKZSA-N"
"OXYR","VWXRQYYUEIYXCZ-OBIMUBPZSA-N"
"OXYR","XNOPRXBHLZRZKH-DSZYJQQASA-N"
"OXYR","GTYWGUNQAMYZPF-QPLNMOKZSA-N"
"V1BR","VWXRQYYUEIYXCZ-OBIMUBPZSA-N"
"V1BR","XNOPRXBHLZRZKH-DSZYJQQASA-N"
"V1BR","GTYWGUNQAMYZPF-QPLNMOKZSA-N"
"V1AR","VWXRQYYUEIYXCZ-OBIMUBPZSA-N"
"V1AR","XNOPRXBHLZRZKH-DSZYJQQASA-N"
"V1AR","GTYWGUNQAMYZPF-QPLNMOKZSA-N"
"5HT1A","PQGLTWUOVHNAGW-PUZFROQSSA-N"
"DRD2","PQGLTWUOVHNAGW-PUZFROQSSA-N"
"V1AR","DJKJVWJQAVGLHJ-YPMHNXCESA-N"
"HRH3","DJKJVWJQAVGLHJ-YPMHNXCESA-N"
"HRH4","DJKJVWJQAVGLHJ-YPMHNXCESA-N"
"CCR1","DJKJVWJQAVGLHJ-YPMHNXCESA-N"
"CNR2","CJFACYWSEAVGGO-UHFFFAOYSA-N"
"CNR1","CJFACYWSEAVGGO-UHFFFAOYSA-N"
"AA1R","CQMWNSQCEMHNIW-UHFFFAOYSA-N"
"AA2AR","CQMWNSQCEMHNIW-UHFFFAOYSA-N"
"CNR2","ATLRMJMTXFCOHV-UHFFFAOYSA-N"
"CNR1","ATLRMJMTXFCOHV-UHFFFAOYSA-N"
"HRH3","FBGLPECKCFZJFU-UHFFFAOYSA-N"
"HRH1","FBGLPECKCFZJFU-UHFFFAOYSA-N"
"DRD3","FBGLPECKCFZJFU-UHFFFAOYSA-N"
"DRD1","FBGLPECKCFZJFU-UHFFFAOYSA-N"
"DRD2","FBGLPECKCFZJFU-UHFFFAOYSA-N"
"DRD3","UPZQTOBGZYRXMC-UHFFFAOYSA-N"
"DRD4","UPZQTOBGZYRXMC-UHFFFAOYSA-N"
"HRH3","DFBYKWKCUIKCPG-UHFFFAOYSA-N"
"HRH1","DFBYKWKCUIKCPG-UHFFFAOYSA-N"
"DRD3","DFBYKWKCUIKCPG-UHFFFAOYSA-N"
"OPRD","GCQBOMHBVPHVMB-UHFFFAOYSA-N"
"OPRD","SFJKZKRGYFETAG-UHFFFAOYSA-N"
"OPRK","WKHQHQNKNHJSFM-UHFFFAOYSA-N"
"OPRK","DBUJJGVEYVDIRQ-UHFFFAOYSA-N"
"OPRK","GCQBOMHBVPHVMB-UHFFFAOYSA-N"
"OPRK","MEFGLNPAZYTMOF-UHFFFAOYSA-N"
"OPRK","SPEMYEUTUHZLSU-UHFFFAOYSA-N"
"OPRK","SFJKZKRGYFETAG-UHFFFAOYSA-N"
"OPRM","WKHQHQNKNHJSFM-UHFFFAOYSA-N"
"OPRM","DBUJJGVEYVDIRQ-UHFFFAOYSA-N"
"OPRM","GCQBOMHBVPHVMB-UHFFFAOYSA-N"
"OPRM","MEFGLNPAZYTMOF-UHFFFAOYSA-N"
"OPRM","SPEMYEUTUHZLSU-UHFFFAOYSA-N"
"OPRM","SFJKZKRGYFETAG-UHFFFAOYSA-N"
"OPRX","WKHQHQNKNHJSFM-UHFFFAOYSA-N"
"OPRX","DBUJJGVEYVDIRQ-UHFFFAOYSA-N"
"OPRX","GCQBOMHBVPHVMB-UHFFFAOYSA-N"
"OPRX","MEFGLNPAZYTMOF-UHFFFAOYSA-N"
"OPRX","SPEMYEUTUHZLSU-UHFFFAOYSA-N"
"OPRX","SFJKZKRGYFETAG-UHFFFAOYSA-N"
"TA2R","OOPPXCLFSYMOMD-UHFFFAOYSA-N"
"PD2R","OOPPXCLFSYMOMD-UHFFFAOYSA-N"
"PD2R","SGOBSURTJPVFGZ-UHFFFAOYSA-N"
"HCAR2","AFWUGCDAGKBALB-UHFFFAOYSA-N"
"5HT1B","ACMJXMGGOZMZJM-UHFFFAOYSA-N"
"5HT7R","NJTCYGAQRADUAS-UHFFFAOYSA-N"
"5HT7R","FOBZBVWBEVBZHU-UHFFFAOYSA-N"
"5HT7R","PXFNUVRXAKDHRD-UHFFFAOYSA-N"
"5HT7R","KKOAHOJCVVPWLC-UHFFFAOYSA-N"
"5HT2A","NJTCYGAQRADUAS-UHFFFAOYSA-N"
"5HT2A","FOBZBVWBEVBZHU-UHFFFAOYSA-N"
"5HT2A","PXFNUVRXAKDHRD-UHFFFAOYSA-N"
"5HT2A","KKOAHOJCVVPWLC-UHFFFAOYSA-N"
"DRD2","NJTCYGAQRADUAS-UHFFFAOYSA-N"
"DRD2","FOBZBVWBEVBZHU-UHFFFAOYSA-N"
"DRD2","PXFNUVRXAKDHRD-UHFFFAOYSA-N"
"DRD2","KKOAHOJCVVPWLC-UHFFFAOYSA-N"
"OX1R","GUDQJFKBBOAOIC-HNNXBMFYSA-N"
"OX2R","GUDQJFKBBOAOIC-HNNXBMFYSA-N"
"PD2R2","LXBXZSFSKQMEIJ-UHFFFAOYSA-N"
"HRH1","LSOVNGNFKVHURS-UHFFFAOYSA-N"
"AA3R","ZJHQIRJETMZORC-UHFFFAOYSA-N"
"AA1R","UBJLQDSZSYHXLE-UHFFFAOYSA-N"
"AA1R","GFLZXPLJINFGKI-UHFFFAOYSA-N"
"AA1R","QVOWOYIUKZYYOJ-UHFFFAOYSA-N"
"AA2BR","GFLZXPLJINFGKI-UHFFFAOYSA-N"
"AA2AR","UBJLQDSZSYHXLE-UHFFFAOYSA-N"
"AA2AR","GFLZXPLJINFGKI-UHFFFAOYSA-N"
"AA2AR","QVOWOYIUKZYYOJ-UHFFFAOYSA-N"
"AA3R","UBJLQDSZSYHXLE-UHFFFAOYSA-N"
"AA3R","GFLZXPLJINFGKI-UHFFFAOYSA-N"
"AA3R","QVOWOYIUKZYYOJ-UHFFFAOYSA-N"
"OX1R","IWNLDQPKTBRWAF-UHFFFAOYSA-N"
"OX2R","IWNLDQPKTBRWAF-UHFFFAOYSA-N"
"AA1R","UOAGLWXCVMDEEN-UHFFFAOYSA-N"
"AA2AR","UOAGLWXCVMDEEN-UHFFFAOYSA-N"
"AA3R","UOAGLWXCVMDEEN-UHFFFAOYSA-N"
"GPR35","WLJNZVDCPSBLRP-UHFFFAOYSA-N"
"CCKAR","LFIFGNCFEBAIHA-JCOUAQLOSA-N"
"GASR","LFIFGNCFEBAIHA-XSAWFYHVSA-N"
"GASR","KJQHRGYUFQCLJG-ACEPAJJMSA-N"
"GASR","LFIFGNCFEBAIHA-JCOUAQLOSA-N"
"OPRD","LFIFGNCFEBAIHA-XSAWFYHVSA-N"
"OPRD","KJQHRGYUFQCLJG-ACEPAJJMSA-N"
"OPRD","LFIFGNCFEBAIHA-JCOUAQLOSA-N"
"OPRM","LFIFGNCFEBAIHA-XSAWFYHVSA-N"
"OPRM","KJQHRGYUFQCLJG-ACEPAJJMSA-N"
"OPRM","LFIFGNCFEBAIHA-JCOUAQLOSA-N"
"MTR1B","PQZZGTZTKGECDT-UHFFFAOYSA-N"
"MTR1A","PQZZGTZTKGECDT-UHFFFAOYSA-N"
"5HT1A","LNLHSSBZJJKVNL-UHFFFAOYSA-N"
"5HT7R","LNLHSSBZJJKVNL-UHFFFAOYSA-N"
"5HT6R","LNLHSSBZJJKVNL-UHFFFAOYSA-N"
"DRD2","LNLHSSBZJJKVNL-UHFFFAOYSA-N"
"P2Y12","PSMGYCPOASWFCF-UHFFFAOYSA-N"
"AA1R","RZJAODYQRFMAKN-WVSUBDOOSA-N"
"AA3R","RZJAODYQRFMAKN-WVSUBDOOSA-N"
"MCHR1","OWVJFLOWTRTEOY-UHFFFAOYSA-N"
"S1PR5","LPAUOXUZGSBGDU-GMNMEAIESA-N"
"S1PR3","LPAUOXUZGSBGDU-GMNMEAIESA-N"
"S1PR1","LPAUOXUZGSBGDU-GMNMEAIESA-N"
"ACM1","YLOMMHJWKYDOFW-KOUNCHBCSA-N"
"ADA1A","QTXPSJZUMKDMGD-UHFFFAOYSA-N"
"ADA1D","QTXPSJZUMKDMGD-UHFFFAOYSA-N"
"5HT1A","QTXPSJZUMKDMGD-UHFFFAOYSA-N"
"OPRD","LEPBHAAYNPPRRA-WMZHIEFXSA-N"
"OPRK","LEPBHAAYNPPRRA-WMZHIEFXSA-N"
"OPRM","LEPBHAAYNPPRRA-WMZHIEFXSA-N"
"EDNRB","ZUBDGKVDJUIMQQ-UBFCDGJISA-N"
"EDNRA","ZUBDGKVDJUIMQQ-UBFCDGJISA-N"
"FFAR1","CMBKWOVNBBMKPI-IBGZPJMESA-N"
"ADRB2","XRUGWYOIFVUFLD-DHUJRADRSA-N"
"ACM3","XRUGWYOIFVUFLD-DHUJRADRSA-N"
"5HT1A","VLUZXILOPLVBGT-UHFFFAOYSA-N"
"5HT1A","KGMNPYRERCCGKH-UHFFFAOYSA-N"
"5HT1A","LHMHWJFZTBPLDP-UHFFFAOYSA-N"
"5HT1A","KGZLHIUAOKRDKJ-UHFFFAOYSA-N"
"5HT1A","YCFSCWCCZHATDT-UHFFFAOYSA-N"
"5HT7R","VLUZXILOPLVBGT-UHFFFAOYSA-N"
"5HT7R","KGMNPYRERCCGKH-UHFFFAOYSA-N"
"5HT7R","LHMHWJFZTBPLDP-UHFFFAOYSA-N"
"5HT7R","KGZLHIUAOKRDKJ-UHFFFAOYSA-N"
"5HT7R","YCFSCWCCZHATDT-UHFFFAOYSA-N"
"5HT6R","VLUZXILOPLVBGT-UHFFFAOYSA-N"
"5HT6R","KGMNPYRERCCGKH-UHFFFAOYSA-N"
"5HT6R","LHMHWJFZTBPLDP-UHFFFAOYSA-N"
"5HT6R","KGZLHIUAOKRDKJ-UHFFFAOYSA-N"
"5HT6R","YCFSCWCCZHATDT-UHFFFAOYSA-N"
"DRD2","VLUZXILOPLVBGT-UHFFFAOYSA-N"
"DRD2","KGMNPYRERCCGKH-UHFFFAOYSA-N"
"DRD2","LHMHWJFZTBPLDP-UHFFFAOYSA-N"
"DRD2","KGZLHIUAOKRDKJ-UHFFFAOYSA-N"
"DRD2","YCFSCWCCZHATDT-UHFFFAOYSA-N"
"5HT2C","VIJUXAMFDQXDIE-UHFFFAOYSA-N"
"AA3R","ZZJYIKPMDIWRSN-TZBSWOFLSA-N"
"5HT2A","ZZJYIKPMDIWRSN-TZBSWOFLSA-N"
"DRD3","ZZJYIKPMDIWRSN-TZBSWOFLSA-N"
"DRD1","ZZJYIKPMDIWRSN-TZBSWOFLSA-N"
"DRD2","ZZJYIKPMDIWRSN-TZBSWOFLSA-N"
"DRD1","IKMXUUHNYQWZBC-UHFFFAOYSA-N"
"DRD2","IKMXUUHNYQWZBC-UHFFFAOYSA-N"
"DRD4","MSJWCCHOETUGFO-UHFFFAOYSA-N"
"DRD2","MSJWCCHOETUGFO-UHFFFAOYSA-N"
"DRD2","RUTLNJGVITWMQE-UHFFFAOYSA-N"
"AA1R","CBNXOSCGWXMGTB-UHFFFAOYSA-N"
"AA1R","OTTHALQEWXGENA-UHFFFAOYSA-N"
"AA1R","BUEJCBZTDZRXBI-UHFFFAOYSA-N"
"AA1R","AVWBSFSALRNJKJ-UHFFFAOYSA-N"
"AA1R","CRYQUEMGJRNSNJ-UHFFFAOYSA-N"
"AA1R","COBHXZIKLYWMLS-UHFFFAOYSA-N"
"AA1R","DUUGGDGHFBNLHS-UHFFFAOYSA-N"
"AA1R","XOGGWMKIGUYGPC-UHFFFAOYSA-N"
"AA1R","NSUAESZFZHYVHU-UHFFFAOYSA-N"
"AA2BR","CBNXOSCGWXMGTB-UHFFFAOYSA-N"
"AA2BR","OTTHALQEWXGENA-UHFFFAOYSA-N"
"AA2BR","BUEJCBZTDZRXBI-UHFFFAOYSA-N"
"AA2BR","AVWBSFSALRNJKJ-UHFFFAOYSA-N"
"AA2BR","CRYQUEMGJRNSNJ-UHFFFAOYSA-N"
"AA2BR","COBHXZIKLYWMLS-UHFFFAOYSA-N"
"AA2BR","DUUGGDGHFBNLHS-UHFFFAOYSA-N"
"AA2BR","XOGGWMKIGUYGPC-UHFFFAOYSA-N"
"AA2BR","NSUAESZFZHYVHU-UHFFFAOYSA-N"
"AA2AR","CBNXOSCGWXMGTB-UHFFFAOYSA-N"
"AA2AR","OTTHALQEWXGENA-UHFFFAOYSA-N"
"AA2AR","BUEJCBZTDZRXBI-UHFFFAOYSA-N"
"AA2AR","CRYQUEMGJRNSNJ-UHFFFAOYSA-N"
"AA2AR","COBHXZIKLYWMLS-UHFFFAOYSA-N"
"AA2AR","DUUGGDGHFBNLHS-UHFFFAOYSA-N"
"AA2AR","XOGGWMKIGUYGPC-UHFFFAOYSA-N"
"AA2AR","NSUAESZFZHYVHU-UHFFFAOYSA-N"
"AA3R","AVWBSFSALRNJKJ-UHFFFAOYSA-N"
"AA3R","CRYQUEMGJRNSNJ-UHFFFAOYSA-N"
"AA3R","COBHXZIKLYWMLS-UHFFFAOYSA-N"
"AA3R","DUUGGDGHFBNLHS-UHFFFAOYSA-N"
"AA3R","XOGGWMKIGUYGPC-UHFFFAOYSA-N"
"AA3R","NSUAESZFZHYVHU-UHFFFAOYSA-N"
"S1PR3","LJOJKDPJECUQMO-UHFFFAOYSA-N"
"S1PR1","LJOJKDPJECUQMO-UHFFFAOYSA-N"
"DRD3","TZQRQWWAQZCVET-UHFFFAOYSA-N"
"DRD2","TZQRQWWAQZCVET-UHFFFAOYSA-N"
"HRH1","MKKJPIHSAMRGEO-UHFFFAOYSA-N"
"5HT7R","NSQFNGCVKOBFOP-UHFFFAOYSA-N"
"5HT2A","NSQFNGCVKOBFOP-UHFFFAOYSA-N"
"5HT6R","NSQFNGCVKOBFOP-UHFFFAOYSA-N"
"HRH3","ITYMMRKSCDTSQX-HTAPYJJXSA-N"
"PE2R3","GDWDVTWHKOMUSN-UHFFFAOYSA-N"
"NPY1R","ZSNMPXARMQLVQF-FGUUHEIUSA-N"
"MCHR1","TZAVEMGJPFYKKA-UHFFFAOYSA-N"
"P2Y12","BENZZVSVNAGPOJ-GEVKEYJPSA-N"
"NK1R","BLKHBPBPTMODSH-RAWAAWEYSA-N"
"OPRD","BLKHBPBPTMODSH-RAWAAWEYSA-N"
"OPRD","ACCWAOKNDZJAQS-WBWMCNGVSA-N"
"OPRM","ACCWAOKNDZJAQS-WBWMCNGVSA-N"
"SSR3","VABWJEMMIDGNDC-OFMOJSQQSA-N"
"SSR3","VABWJEMMIDGNDC-SWDBKDPZSA-N"
"SSR4","VABWJEMMIDGNDC-OFMOJSQQSA-N"
"SSR4","VABWJEMMIDGNDC-SWDBKDPZSA-N"
"SSR1","VABWJEMMIDGNDC-OFMOJSQQSA-N"
"SSR1","VABWJEMMIDGNDC-SWDBKDPZSA-N"
"NPY1R","JASFWVIOOFYYRD-FWZXWOTPSA-N"
"5HT2A","PRYNGBWWKDSBAP-UHFFFAOYSA-N"
"5HT4R","PRYNGBWWKDSBAP-UHFFFAOYSA-N"
"5HT7R","GDBBTMDOWJPPBU-UHFFFAOYSA-N"
"5HT2A","GDBBTMDOWJPPBU-UHFFFAOYSA-N"
"ACM2","DAIWBMZPSVQRCH-IBGZPJMESA-N"
"ACM3","DAIWBMZPSVQRCH-IBGZPJMESA-N"
"ACM1","DAIWBMZPSVQRCH-IBGZPJMESA-N"
"HRH1","YGQQBKYVKLZEMA-UHFFFAOYSA-N"
"MC4R","GRAFEEBFOIOLGS-AREMUKBSSA-N"
"MC4R","KKBPPVVSQKSKNV-AREMUKBSSA-N"
"MC3R","GRAFEEBFOIOLGS-AREMUKBSSA-N"
"MC3R","KKBPPVVSQKSKNV-AREMUKBSSA-N"
"MC5R","GRAFEEBFOIOLGS-AREMUKBSSA-N"
"MC5R","KKBPPVVSQKSKNV-AREMUKBSSA-N"
"BKRB2","ROMRTXMEQJYJJZ-UHFFFAOYSA-N"
"5HT6R","VZHQBJGRGJYOBZ-UHFFFAOYSA-N"
"5HT1A","JRLJFLWPLMJTPJ-UHFFFAOYSA-N"
"5HT7R","JRLJFLWPLMJTPJ-UHFFFAOYSA-N"
"5HT2A","JRLJFLWPLMJTPJ-UHFFFAOYSA-N"
"PD2R","QJTJQXIBBHMOBJ-UHFFFAOYSA-N"
"PD2R2","QJTJQXIBBHMOBJ-UHFFFAOYSA-N"
"5HT1A","HAOITGOWYBTNMV-UHFFFAOYSA-N"
"5HT2A","HAOITGOWYBTNMV-UHFFFAOYSA-N"
"AA1R","NSXUYBRBIYQDKM-UHFFFAOYSA-N"
"AA2BR","NSXUYBRBIYQDKM-UHFFFAOYSA-N"
"AA2AR","NSXUYBRBIYQDKM-UHFFFAOYSA-N"
"5HT1A","SREBUNVCUQHAKE-UHFFFAOYSA-N"
"5HT7R","SREBUNVCUQHAKE-UHFFFAOYSA-N"
"5HT2A","SREBUNVCUQHAKE-UHFFFAOYSA-N"
"5HT6R","SREBUNVCUQHAKE-UHFFFAOYSA-N"
"5HT2A","FNRRHBXSSQNLPH-UHFFFAOYSA-N"
"5HT2A","ZOGCPCPBHXLAHX-UHFFFAOYSA-N"
"5HT2C","ZOGCPCPBHXLAHX-UHFFFAOYSA-N"
"DRD3","FNRRHBXSSQNLPH-UHFFFAOYSA-N"
"DRD3","ZOGCPCPBHXLAHX-UHFFFAOYSA-N"
"DRD1","FNRRHBXSSQNLPH-UHFFFAOYSA-N"
"DRD1","ZOGCPCPBHXLAHX-UHFFFAOYSA-N"
"DRD2","FNRRHBXSSQNLPH-UHFFFAOYSA-N"
"DRD2","ZOGCPCPBHXLAHX-UHFFFAOYSA-N"
"V1BR","RTYFXNURHRXECA-UHFFFAOYSA-N"
"V1AR","RTYFXNURHRXECA-UHFFFAOYSA-N"
"V2R","NJXZWIIMWNEOGJ-WEWKHQNJSA-N"
"OXYR","NJXZWIIMWNEOGJ-WEWKHQNJSA-N"
"V1BR","NJXZWIIMWNEOGJ-WEWKHQNJSA-N"
"V1AR","NJXZWIIMWNEOGJ-WEWKHQNJSA-N"
"5HT1A","LCJMOOYZLAZDBK-UHFFFAOYSA-N"
"5HT1A","YQANZQCQGNYBAC-MOSHPQCFSA-N"
"CXCR3","JDFIOGARMQAPQO-OHGISNTKSA-M"
"HRH3","RNAMYOYQYRYFQY-UHFFFAOYSA-N"
"CCR2","ZBIJSTZDZCPBBF-AHWVRZQESA-N"
"DRD1","FPZPTCIPFUOBLF-XBXARRHUSA-N"
"P2Y12","QYCPAGGTJKCYPL-FQEVSTJZSA-N"
"PD2R","KBLSMGVSEBPDRB-UHFFFAOYSA-N"
"PD2R2","KBLSMGVSEBPDRB-UHFFFAOYSA-N"
"GPER1","VHSVKVWHYFBIFJ-HKZYLEAXSA-N"
"5HT1A","AOAWROOBGZLWJS-UHFFFAOYSA-N"
"5HT2B","UWMNAFXETUEZJZ-UHFFFAOYSA-N"
"5HT2B","KMWRABRPTOODHP-UHFFFAOYSA-N"
"5HT7R","UWMNAFXETUEZJZ-UHFFFAOYSA-N"
"5HT7R","KMWRABRPTOODHP-UHFFFAOYSA-N"
"5HT2C","UWMNAFXETUEZJZ-UHFFFAOYSA-N"
"5HT4R","UWMNAFXETUEZJZ-UHFFFAOYSA-N"
"5HT4R","KMWRABRPTOODHP-UHFFFAOYSA-N"
"GPR35","IHLWXZNPOVMUFQ-UHFFFAOYSA-N"
"ACM5","CYXKNKQEMFBLER-UHFFFAOYSA-N"
"ACM4","CYXKNKQEMFBLER-UHFFFAOYSA-N"
"ACM3","CYXKNKQEMFBLER-UHFFFAOYSA-N"
"ACM1","CYXKNKQEMFBLER-UHFFFAOYSA-N"
"V1AR","YOKBGCTZYPOSQM-HPSWDUTRSA-N"
"NK2R","YOKBGCTZYPOSQM-HPSWDUTRSA-N"
"MC4R","YOKBGCTZYPOSQM-HPSWDUTRSA-N"
"C5AR1","YOKBGCTZYPOSQM-HPSWDUTRSA-N"
"P2RY2","JFCPDJMYRHCAHH-ZOQUXTDFSA-N"
"P2RY4","JFCPDJMYRHCAHH-ZOQUXTDFSA-N"
"P2RY6","JFCPDJMYRHCAHH-ZOQUXTDFSA-N"
"ADRB2","JRRKWFRTDFOWAB-SANMLTNESA-N"
"ACM2","JRRKWFRTDFOWAB-SANMLTNESA-N"
"AA3R","CVKURGINOFELMY-UHFFFAOYSA-N"
"AA1R","FPIHBXLUUOSXHR-UHFFFAOYSA-N"
"AA1R","LIMBCJHHZJITSJ-UHFFFAOYSA-N"
"AA1R","OCYNMYPMSJPZPM-UHFFFAOYSA-N"
"AA1R","SSHDELUWPYLWLW-UHFFFAOYSA-N"
"AA2BR","FPIHBXLUUOSXHR-UHFFFAOYSA-N"
"AA2BR","LIMBCJHHZJITSJ-UHFFFAOYSA-N"
"AA2BR","OCYNMYPMSJPZPM-UHFFFAOYSA-N"
"AA2BR","SSHDELUWPYLWLW-UHFFFAOYSA-N"
"AA2AR","FPIHBXLUUOSXHR-UHFFFAOYSA-N"
"AA2AR","LIMBCJHHZJITSJ-UHFFFAOYSA-N"
"AA2AR","OCYNMYPMSJPZPM-UHFFFAOYSA-N"
"AA2AR","SSHDELUWPYLWLW-UHFFFAOYSA-N"
"AA1R","WCFZQVPJCXXOQP-UHFFFAOYSA-N"
"AA2BR","WCFZQVPJCXXOQP-UHFFFAOYSA-N"
"5HT2C","MWHSRYBROGTQTJ-DYVFJYSZSA-N"
"5HT1A","QLOFPPKCJSHBIO-UHFFFAOYSA-N"
"DRD4","QLOFPPKCJSHBIO-UHFFFAOYSA-N"
"DRD2","QLOFPPKCJSHBIO-UHFFFAOYSA-N"
"5HT1A","FYOVZCDHYOEKDE-UHFFFAOYSA-N"
"5HT2B","FYOVZCDHYOEKDE-UHFFFAOYSA-N"
"5HT6R","FYOVZCDHYOEKDE-UHFFFAOYSA-N"
"5HT2B","AUNJSZUSKBJRIJ-MRXNPFEDSA-N"
"5HT6R","AUNJSZUSKBJRIJ-MRXNPFEDSA-N"
"CNR2","PBYWRLYMVUMIFF-UHFFFAOYSA-N"
"CNR1","PBYWRLYMVUMIFF-UHFFFAOYSA-N"
"TRFR","ZWYVFBBBUUPCJC-JQWIXIFHSA-N"
"OPRK","MZECNVZIHKKHMP-SVBPBHIXSA-N"
"OPRM","MZECNVZIHKKHMP-SVBPBHIXSA-N"
"5HT1A","AGCRUJCLQRUZLK-UHFFFAOYSA-N"
"5HT7R","POKYWZWHSFVCNV-UHFFFAOYSA-N"
"5HT2A","POKYWZWHSFVCNV-UHFFFAOYSA-N"
"5HT2C","POKYWZWHSFVCNV-UHFFFAOYSA-N"
"AA2AR","KWULQQPKJVEXMY-UHFFFAOYSA-N"
"AA1R","HTSGFLSECZTQRO-FSKOQRQXSA-N"
"AA1R","SZFIADCESWNCDQ-PASRKNOOSA-N"
"AA3R","SZFIADCESWNCDQ-PASRKNOOSA-N"
"AA1R","GPEFJUIYWKPKIL-UHFFFAOYSA-N"
"AA2BR","GPEFJUIYWKPKIL-UHFFFAOYSA-N"
"AA3R","GPEFJUIYWKPKIL-UHFFFAOYSA-N"
"PE2R3","SOONLSMFDWIFKR-UHFFFAOYSA-N"
"PF2R","SOONLSMFDWIFKR-UHFFFAOYSA-N"
"5HT2A","QQGJOZLAJLPARG-UHFFFAOYSA-N"
"5HT2A","IGUHNGAQSVMCOM-UHFFFAOYSA-N"
"5HT2A","CVCPNOHIUOTCKW-UHFFFAOYSA-N"
"5HT2A","ABKFNWSCLGGDOH-UHFFFAOYSA-N"
"5HT2A","NUHJBHFWIFYLHK-UHFFFAOYSA-N"
"5HT2A","OZHJLELZQHCGSD-UHFFFAOYSA-N"
"5HT2A","OHODDACZFUFQDV-UHFFFAOYSA-N"
"5HT2A","YIHQDWZWZRGAIH-UHFFFAOYSA-N"
"5HT2A","JIUFRGXCNZAJEV-UHFFFAOYSA-N"
"5HT2A","LMNFUDPLNOKROB-UHFFFAOYSA-N"
"5HT2A","UZOQQWLFKZUEAL-UHFFFAOYSA-N"
"5HT2A","WEARRJZMFZNKLA-UHFFFAOYSA-N"
"5HT2C","QQGJOZLAJLPARG-UHFFFAOYSA-N"
"5HT2C","IGUHNGAQSVMCOM-UHFFFAOYSA-N"
"5HT2C","CVCPNOHIUOTCKW-UHFFFAOYSA-N"
"5HT2C","ABKFNWSCLGGDOH-UHFFFAOYSA-N"
"5HT2C","NUHJBHFWIFYLHK-UHFFFAOYSA-N"
"5HT2C","OZHJLELZQHCGSD-UHFFFAOYSA-N"
"5HT2C","OHODDACZFUFQDV-UHFFFAOYSA-N"
"5HT2C","YIHQDWZWZRGAIH-UHFFFAOYSA-N"
"5HT2C","JIUFRGXCNZAJEV-UHFFFAOYSA-N"
"5HT2C","LMNFUDPLNOKROB-UHFFFAOYSA-N"
"5HT2C","UZOQQWLFKZUEAL-UHFFFAOYSA-N"
"5HT2C","WEARRJZMFZNKLA-UHFFFAOYSA-N"
"GPR52","HSRFCCJTFOZWIG-UHFFFAOYSA-N"
"CNR2","UVQIBKXDOZWHFU-WOJBJXKFSA-N"
"CNR1","UVQIBKXDOZWHFU-WOJBJXKFSA-N"
"CNR2","KQQMZTULVOWZJR-ZTNFWEORSA-N"
"CNR1","KQQMZTULVOWZJR-ZTNFWEORSA-N"
"DRD3","MSXGPWPTXORIBR-UHFFFAOYSA-N"
"DRD1","MSXGPWPTXORIBR-UHFFFAOYSA-N"
"DRD2","MSXGPWPTXORIBR-UHFFFAOYSA-N"
"DRD5","MSXGPWPTXORIBR-UHFFFAOYSA-N"
"HRH3","KTIHAAVUVHUODX-GFCCVEGCSA-N"
"HRH4","KTIHAAVUVHUODX-GFCCVEGCSA-N"
"AGTR1","HQEOEKZNWMXPAE-UQWHTAPSSA-N"
"5HT1A","ACVFFLLCEGYOOX-UHFFFAOYSA-N"
"5HT2A","IRKUMRQQBHRFLD-UHFFFAOYSA-N"
"DRD1","ACVFFLLCEGYOOX-UHFFFAOYSA-N"
"DRD1","IRKUMRQQBHRFLD-UHFFFAOYSA-N"
"HRH4","LJSDZLLEOCBXBC-MRVPVSSYSA-N"
"AA2AR","RESVNXVNOWGHOF-UHFFFAOYSA-N"
"AA3R","RESVNXVNOWGHOF-UHFFFAOYSA-N"
"MC4R","FTOGLQXKLWNGLW-VHNNBIRDSA-N"
"5HT1A","SZNATCJGGOZJDA-UHFFFAOYSA-N"
"5HT7R","SZNATCJGGOZJDA-UHFFFAOYSA-N"
"5HT1A","UMLQEUFOJFONRU-UHFFFAOYSA-N"
"5HT2A","UMLQEUFOJFONRU-UHFFFAOYSA-N"
"ADRB1","ZQWNZUAMWNPQGR-UHFFFAOYSA-N"
"ADRB2","ZQWNZUAMWNPQGR-UHFFFAOYSA-N"
"5HT6R","QUUSSZWUXRDTJG-UHFFFAOYSA-N"
"HRH3","USNNNBJEPXKOFF-SFTDATJTSA-N"
"5HT4R","LBXVOPLYLDLZEV-UHFFFAOYSA-N"
"CNR1","XCFWDLWOCXSJOK-JRTLGTJJSA-N"
"5HT1A","AGKQMEJGGYUHPL-UHFFFAOYSA-N"
"5HT2C","AZMQHXVJUIAXHL-UHFFFAOYSA-N"
"DRD2","ZBISUMKKQFCYDI-UHFFFAOYSA-N"
"ADRB2","KJRJFCYUWPYYSW-UHFFFAOYSA-N"
"ADRB3","KJRJFCYUWPYYSW-UHFFFAOYSA-N"
"ADRB1","NVFFYNVUDNEFQT-UHFFFAOYSA-N"
"ADRB1","KKPXMOIIKXJFCJ-UHFFFAOYSA-N"
"ADRB1","LBELPNBKSBOXOB-UHFFFAOYSA-N"
"ADRB1","HPTKHKFFMSMJTM-UHFFFAOYSA-N"
"ADRB1","WCPUZUMGETWWNL-UHFFFAOYSA-N"
"ADRB1","CBIPUOCUMCGWSC-UHFFFAOYSA-N"
"ADRB1","OBNBHAGRBKUSPV-UHFFFAOYSA-N"
"ADRB1","NDJLTYJJCSTDDO-UHFFFAOYSA-N"
"ADRB1","KYYMUHCVQBBYFP-UHFFFAOYSA-N"
"ADRB2","NVFFYNVUDNEFQT-UHFFFAOYSA-N"
"ADRB2","KKPXMOIIKXJFCJ-UHFFFAOYSA-N"
"ADRB2","LBELPNBKSBOXOB-UHFFFAOYSA-N"
"ADRB2","HPTKHKFFMSMJTM-UHFFFAOYSA-N"
"ADRB2","WCPUZUMGETWWNL-UHFFFAOYSA-N"
"ADRB2","CBIPUOCUMCGWSC-UHFFFAOYSA-N"
"ADRB2","OBNBHAGRBKUSPV-UHFFFAOYSA-N"
"ADRB2","NDJLTYJJCSTDDO-UHFFFAOYSA-N"
"ADRB2","KYYMUHCVQBBYFP-UHFFFAOYSA-N"
"ADRB3","NVFFYNVUDNEFQT-UHFFFAOYSA-N"
"ADRB3","KKPXMOIIKXJFCJ-UHFFFAOYSA-N"
"ADRB3","LBELPNBKSBOXOB-UHFFFAOYSA-N"
"ADRB3","HPTKHKFFMSMJTM-UHFFFAOYSA-N"
"ADRB3","WCPUZUMGETWWNL-UHFFFAOYSA-N"
"ADRB3","CBIPUOCUMCGWSC-UHFFFAOYSA-N"
"ADRB3","OBNBHAGRBKUSPV-UHFFFAOYSA-N"
"ADRB3","NDJLTYJJCSTDDO-UHFFFAOYSA-N"
"ADRB3","KYYMUHCVQBBYFP-UHFFFAOYSA-N"
"NMUR1","WBWUFPXBZXKQCJ-AQJXLSMYSA-N"
"NMUR2","WBWUFPXBZXKQCJ-AQJXLSMYSA-N"
"P2RY6","RYWQVZLIGJOUIY-JMJGKCIBSA-N"
"HRH3","MGPIMNVSULKFFK-UHFFFAOYSA-N"
"HRH2","MGPIMNVSULKFFK-UHFFFAOYSA-N"
"HRH4","MGPIMNVSULKFFK-UHFFFAOYSA-N"
"5HT2A","ADZOFZRDWPGJCH-UHFFFAOYSA-N"
"5HT2C","ADZOFZRDWPGJCH-UHFFFAOYSA-N"
"5HT2A","UTGILOVPWVPYDC-UHFFFAOYSA-N"
"PE2R4","IFKQAJFRAOXFQO-UHFFFAOYSA-N"
"PD2R","IFKQAJFRAOXFQO-UHFFFAOYSA-N"
"OPRD","DCJFBZIBSWVDCC-ZJQIPYTLSA-N"
"OPRM","DCJFBZIBSWVDCC-ZJQIPYTLSA-N"
"OPRK","OOLFHBYKMZMHBX-UHFFFAOYSA-N"
"OPRM","OOLFHBYKMZMHBX-UHFFFAOYSA-N"
"OPRX","OOLFHBYKMZMHBX-UHFFFAOYSA-N"
"CCKAR","YCEIOOXEUSAMIZ-RUJSPISNSA-N"
"GASR","YCEIOOXEUSAMIZ-RUJSPISNSA-N"
"MC4R","YCEIOOXEUSAMIZ-RUJSPISNSA-N"
"MC4R","OYHTUAKSBPLZSH-LTIDWATBSA-N"
"OPRD","OYHTUAKSBPLZSH-LTIDWATBSA-N"
"OPRM","OYHTUAKSBPLZSH-LTIDWATBSA-N"
"CCKAR","TVINVHGLLFLSBP-XDVIOIQHSA-N"
"CCKAR","TVINVHGLLFLSBP-KYFADEEDSA-N"
"GASR","TVINVHGLLFLSBP-XDVIOIQHSA-N"
"GASR","TVINVHGLLFLSBP-KYFADEEDSA-N"
"MC4R","TVINVHGLLFLSBP-XDVIOIQHSA-N"
"MC4R","TVINVHGLLFLSBP-KYFADEEDSA-N"
"OPRD","TVINVHGLLFLSBP-XDVIOIQHSA-N"
"OPRD","TVINVHGLLFLSBP-KYFADEEDSA-N"
"OPRM","TVINVHGLLFLSBP-XDVIOIQHSA-N"
"OPRM","TVINVHGLLFLSBP-KYFADEEDSA-N"
"5HT1A","IMWNCWRNMUKPGO-UHFFFAOYSA-N"
"5HT1A","YWGRWBCJUGEEBA-UHFFFAOYSA-N"
"5HT2A","IMWNCWRNMUKPGO-UHFFFAOYSA-N"
"5HT2A","YWGRWBCJUGEEBA-UHFFFAOYSA-N"
"DRD2","IMWNCWRNMUKPGO-UHFFFAOYSA-N"
"DRD2","YWGRWBCJUGEEBA-UHFFFAOYSA-N"
"5HT6R","SAUBDZFGZSKYKZ-UHFFFAOYSA-N"
"ADA2C","SPBDXSGPUHCETR-JFUDTMANSA-N"
"AA3R","SPBDXSGPUHCETR-JFUDTMANSA-N"
"DRD3","SPBDXSGPUHCETR-JFUDTMANSA-N"
"HRH2","GMDCDXMAFMEDAG-BTJKTKAUSA-N"
"ACM2","DDXKWMJFZQQOPD-UHFFFAOYSA-N"
"ACM4","DDXKWMJFZQQOPD-UHFFFAOYSA-N"
"ACM1","DDXKWMJFZQQOPD-UHFFFAOYSA-N"
"AA1R","HPHNCACRSQYJMW-UHFFFAOYSA-N"
"AA2AR","HPHNCACRSQYJMW-UHFFFAOYSA-N"
"AA3R","HPHNCACRSQYJMW-UHFFFAOYSA-N"
"CCR3","CLXQASNQVOBRFA-NRFANRHFSA-N"
"CCR3","JYQOPMMBCFIFTN-GXZJQHSTSA-N"
"AA2AR","UTZXDCZJCNAOLA-UHFFFAOYSA-N"
"AA3R","UTZXDCZJCNAOLA-UHFFFAOYSA-N"
"AA1R","BXIMHQVUAHQOHY-UHFFFAOYSA-N"
"AA2AR","BXIMHQVUAHQOHY-UHFFFAOYSA-N"
"AA3R","URTPIOIKUGTKJB-UHFFFAOYSA-N"
"NK2R","DKZNWZVQLFXZER-JHOFKJSISA-N"
"NK1R","DKZNWZVQLFXZER-JHOFKJSISA-N"
"OPRD","DKZNWZVQLFXZER-JHOFKJSISA-N"
"OPRM","DKZNWZVQLFXZER-JHOFKJSISA-N"
"AA1R","BIXBUGXIDIEPGI-UHFFFAOYSA-N"
"AA2AR","BIXBUGXIDIEPGI-UHFFFAOYSA-N"
"ADA1B","RXZBMPWDPOLZGW-XMRMVWPWSA-N"
"5HT2A","ZDLXLRYZJLTEER-UHFFFAOYSA-N"
"ADA2A","RQEBRILFCMJWAD-UHFFFAOYSA-N"
"5HT1A","RQEBRILFCMJWAD-UHFFFAOYSA-N"
"DRD3","RQEBRILFCMJWAD-UHFFFAOYSA-N"
"ADA2A","WUTIBZPSZGYSGD-UHFFFAOYSA-N"
"5HT1A","WUTIBZPSZGYSGD-UHFFFAOYSA-N"
"DRD3","WUTIBZPSZGYSGD-UHFFFAOYSA-N"
"DRD2","WUTIBZPSZGYSGD-UHFFFAOYSA-N"
"ADA2A","WEXLHWFGOZCTNY-UHFFFAOYSA-N"
"5HT1A","WEXLHWFGOZCTNY-UHFFFAOYSA-N"
"DRD2","WEXLHWFGOZCTNY-UHFFFAOYSA-N"
"ADRB1","LMKMYJGZBLESNG-XPKDYRNWSA-N"
"ADRB1","LMKMYJGZBLESNG-NOLJZWGESA-N"
"ADRB1","HYNOMSZTPOUFRQ-QRTARXTBSA-N"
"ADRB1","JMWPNBKHGFORBT-KYJSFNMBSA-N"
"ADRB2","LMKMYJGZBLESNG-XPKDYRNWSA-N"
"ADRB2","LMKMYJGZBLESNG-NOLJZWGESA-N"
"ADRB2","HYNOMSZTPOUFRQ-QRTARXTBSA-N"
"ADRB2","JMWPNBKHGFORBT-KYJSFNMBSA-N"
"DRD3","LMKMYJGZBLESNG-XPKDYRNWSA-N"
"DRD3","LMKMYJGZBLESNG-NOLJZWGESA-N"
"DRD3","HYNOMSZTPOUFRQ-QRTARXTBSA-N"
"DRD3","JMWPNBKHGFORBT-KYJSFNMBSA-N"
"EDNRA","ZMZJOZFSFHZWRN-FEBBOSPPSA-N"
"CNR2","LRNWPKUMWXTQRX-KCWXNJEJSA-N"
"CNR1","LRNWPKUMWXTQRX-KCWXNJEJSA-N"
"HRH1","WSPOMRSOLSGNFJ-AUWJEWJLSA-N"
"DRD3","WSPOMRSOLSGNFJ-AUWJEWJLSA-N"
"DRD1","WSPOMRSOLSGNFJ-AUWJEWJLSA-N"
"DRD2","WSPOMRSOLSGNFJ-AUWJEWJLSA-N"
"DRD5","WSPOMRSOLSGNFJ-AUWJEWJLSA-N"
"ACM1","FIADGNVRKBPQEU-UHFFFAOYSA-N"
"5HT2B","FIADGNVRKBPQEU-UHFFFAOYSA-N"
"5HT7R","FIADGNVRKBPQEU-UHFFFAOYSA-N"
"5HT2A","FIADGNVRKBPQEU-UHFFFAOYSA-N"
"5HT2C","FIADGNVRKBPQEU-UHFFFAOYSA-N"
"DRD2","FIADGNVRKBPQEU-UHFFFAOYSA-N"
"PE2R1","PNVFGVWWQZJNKR-UHFFFAOYSA-N"
"TA2R","PNVFGVWWQZJNKR-UHFFFAOYSA-N"
"CNR2","KBDZMHUBIGWJPD-UHFFFAOYSA-N"
"CNR2","OVNVZWSCIAIPJL-UHFFFAOYSA-N"
"CNR1","KBDZMHUBIGWJPD-UHFFFAOYSA-N"
"CNR1","OVNVZWSCIAIPJL-UHFFFAOYSA-N"
"SSR2","BBXDZDQHRJCMJF-IOPUJYQWSA-N"
"SSR4","BBXDZDQHRJCMJF-IOPUJYQWSA-N"
"SSR5","BBXDZDQHRJCMJF-IOPUJYQWSA-N"
"SSR2","JYKMELCLGQMDDG-OJKZWRJASA-N"
"SSR3","JYKMELCLGQMDDG-OJKZWRJASA-N"
"SSR1","JYKMELCLGQMDDG-OJKZWRJASA-N"
"SSR5","JYKMELCLGQMDDG-OJKZWRJASA-N"
"ADA1A","DPAGUJADGMJVKD-UHFFFAOYSA-N"
"ADA1A","GVOWTPVTYQMHDU-UHFFFAOYSA-N"
"ADA1A","KFWSEMIBLPIBOC-UHFFFAOYSA-N"
"DRD3","DPAGUJADGMJVKD-UHFFFAOYSA-N"
"DRD3","GVOWTPVTYQMHDU-UHFFFAOYSA-N"
"DRD3","KFWSEMIBLPIBOC-UHFFFAOYSA-N"
"DRD2","DPAGUJADGMJVKD-UHFFFAOYSA-N"
"DRD2","GVOWTPVTYQMHDU-UHFFFAOYSA-N"
"DRD2","KFWSEMIBLPIBOC-UHFFFAOYSA-N"
"V1BR","IVHDKTQWYKESAJ-UHFFFAOYSA-N"
"ADA1A","HXSZWCAHOHIEOA-UHFFFAOYSA-N"
"DRD2","HXSZWCAHOHIEOA-UHFFFAOYSA-N"
"5HT2B","OQGNYBGVLNWSIX-UHFFFAOYSA-N"
"HRH1","OWPHKTVZEZNCMB-UHFFFAOYSA-N"
"5HT2A","OWPHKTVZEZNCMB-UHFFFAOYSA-N"
"CCR9","IBEDSNAOJOARAY-UHFFFAOYSA-N"
"ADA1A","FLGSUSWMWSZVMP-UHFFFAOYSA-N"
"ADA1B","FLGSUSWMWSZVMP-UHFFFAOYSA-N"
"HRH1","FLGSUSWMWSZVMP-UHFFFAOYSA-N"
"MCHR1","PABKXBWIZMLLJW-UHFFFAOYSA-N"
"UR2R","IFCCNHXLPWYQJO-NVHWWMOMSA-N"
"OXYR","YDPSKBZTMQDVAD-WAQYZQTGSA-N"
"V1BR","YDPSKBZTMQDVAD-WAQYZQTGSA-N"
"V1AR","YDPSKBZTMQDVAD-WAQYZQTGSA-N"
"SSR5","MYDCHOWQWXGJOS-DALHLNIMSA-N"
"OPRK","HEVKQILECXRYNK-AMEOFWRWSA-N"
"OPRM","HEVKQILECXRYNK-AMEOFWRWSA-N"
"SSR4","MUHCKMPUSDXVPC-VXEMTOTPSA-N"
"SSR3","DNXIUBYQOBCOCP-KMGUSPSJSA-N"
"SSR5","DNXIUBYQOBCOCP-KMGUSPSJSA-N"
"V2R","GTXWLWONMAPIRD-RCGJWBAQSA-N"
"V2R","RCRXYLXZXVEDIM-UZOCLWNNSA-N"
"OXYR","GTXWLWONMAPIRD-RCGJWBAQSA-N"
"OXYR","RCRXYLXZXVEDIM-UZOCLWNNSA-N"
"V1AR","GTXWLWONMAPIRD-RCGJWBAQSA-N"
"V1AR","RCRXYLXZXVEDIM-UZOCLWNNSA-N"
"OXYR","IBXGJPAYWMFXSF-UEEONYLUSA-N"
"V1AR","IBXGJPAYWMFXSF-UEEONYLUSA-N"
"ADA2B","HSSBMQXDKGERBI-KWCYVHTRSA-N"
"ADA2B","JWXMKFUDAOLJCY-DZGCQCFKSA-N"
"ADA2B","LQKQCQKZRUYZOI-SQWLQELKSA-N"
"ADA2B","ASHFKBMVCDTQQO-VHDGCEQUSA-N"
"ADA2B","VDSXZDLUEYFJGH-MRCXROJRSA-N"
"ADA2B","DLWKVBPPVYZEML-ZIAGYGMSSA-N"
"ADA2B","ARHWJJBPLJIHQP-AEGPPILISA-N"
"ADA2B","HSSBMQXDKGERBI-MRVWCRGKSA-N"
"ADA2B","WYFCRYMMLDTJAM-CUOATXAZSA-N"
"ADA2B","IXRPDYSTGHYEBR-VNQPRFMTSA-N"
"ADA2C","HSSBMQXDKGERBI-KWCYVHTRSA-N"
"ADA2C","JWXMKFUDAOLJCY-DZGCQCFKSA-N"
"ADA2C","LQKQCQKZRUYZOI-SQWLQELKSA-N"
"ADA2C","ASHFKBMVCDTQQO-VHDGCEQUSA-N"
"ADA2C","VDSXZDLUEYFJGH-MRCXROJRSA-N"
"ADA2C","DLWKVBPPVYZEML-ZIAGYGMSSA-N"
"ADA2C","ARHWJJBPLJIHQP-AEGPPILISA-N"
"ADA2C","HSSBMQXDKGERBI-MRVWCRGKSA-N"
"ADA2C","WYFCRYMMLDTJAM-CUOATXAZSA-N"
"ADA2C","IXRPDYSTGHYEBR-VNQPRFMTSA-N"
"ADA1B","HSSBMQXDKGERBI-KWCYVHTRSA-N"
"ADA1B","JWXMKFUDAOLJCY-DZGCQCFKSA-N"
"ADA1B","LQKQCQKZRUYZOI-SQWLQELKSA-N"
"ADA1B","ASHFKBMVCDTQQO-VHDGCEQUSA-N"
"ADA1B","VDSXZDLUEYFJGH-MRCXROJRSA-N"
"ADA1B","DLWKVBPPVYZEML-ZIAGYGMSSA-N"
"ADA1B","ARHWJJBPLJIHQP-AEGPPILISA-N"
"ADA1B","HSSBMQXDKGERBI-MRVWCRGKSA-N"
"ADA1B","WYFCRYMMLDTJAM-CUOATXAZSA-N"
"ADA1B","IXRPDYSTGHYEBR-VNQPRFMTSA-N"
"ADA2A","HSSBMQXDKGERBI-KWCYVHTRSA-N"
"ADA2A","JWXMKFUDAOLJCY-DZGCQCFKSA-N"
"ADA2A","LQKQCQKZRUYZOI-SQWLQELKSA-N"
"ADA2A","ASHFKBMVCDTQQO-VHDGCEQUSA-N"
"ADA2A","VDSXZDLUEYFJGH-MRCXROJRSA-N"
"ADA2A","DLWKVBPPVYZEML-ZIAGYGMSSA-N"
"ADA2A","ARHWJJBPLJIHQP-AEGPPILISA-N"
"ADA2A","HSSBMQXDKGERBI-MRVWCRGKSA-N"
"ADA2A","WYFCRYMMLDTJAM-CUOATXAZSA-N"
"ADA2A","IXRPDYSTGHYEBR-VNQPRFMTSA-N"
"5HT1A","NZDOOXVGZXZEHJ-UHFFFAOYSA-N"
"5HT1A","GWGIUBSVFHLVKW-UHFFFAOYSA-N"
"5HT1A","OHGZIKVFWPQXNG-UHFFFAOYSA-N"
"5HT1A","JPZJTCUPRQKHCW-UHFFFAOYSA-N"
"5HT1A","MGUCYNMYMMBXDP-UHFFFAOYSA-N"
"5HT1A","VPAUPKOMHDFAMG-UHFFFAOYSA-N"
"5HT1A","FIVZLAMKROFZLS-UHFFFAOYSA-N"
"5HT1A","KGJDHBDNYIVRSF-UHFFFAOYSA-N"
"5HT1A","TVCLMCWUAJMAEI-UHFFFAOYSA-N"
"5HT1A","NNTYWLSMUTYNRH-UHFFFAOYSA-N"
"5HT1A","QNYPKNGYEMSOEU-UHFFFAOYSA-N"
"5HT1A","MYHILGOTSGIDBG-UHFFFAOYSA-N"
"5HT1A","LBBDMGBKCDPMSN-UHFFFAOYSA-N"
"5HT1A","SCTHKCGXMXTKHG-UHFFFAOYSA-N"
"5HT1A","SROBMKRRHVLVHU-UHFFFAOYSA-N"
"5HT1A","AZXRALDDIQIHKZ-UHFFFAOYSA-N"
"5HT1A","PJBISDNIYJBREA-UHFFFAOYSA-N"
"5HT1A","ZYZZJOLJNNFBHS-UHFFFAOYSA-N"
"5HT1A","FFGYZWWOVBUEIV-UHFFFAOYSA-N"
"5HT1A","YIIGKFOFBJECPD-UHFFFAOYSA-N"
"5HT2A","NZDOOXVGZXZEHJ-UHFFFAOYSA-N"
"5HT2A","GWGIUBSVFHLVKW-UHFFFAOYSA-N"
"5HT2A","OHGZIKVFWPQXNG-UHFFFAOYSA-N"
"5HT2A","JPZJTCUPRQKHCW-UHFFFAOYSA-N"
"5HT2A","MGUCYNMYMMBXDP-UHFFFAOYSA-N"
"5HT2A","VPAUPKOMHDFAMG-UHFFFAOYSA-N"
"5HT2A","FIVZLAMKROFZLS-UHFFFAOYSA-N"
"5HT2A","KGJDHBDNYIVRSF-UHFFFAOYSA-N"
"5HT2A","TVCLMCWUAJMAEI-UHFFFAOYSA-N"
"5HT2A","NNTYWLSMUTYNRH-UHFFFAOYSA-N"
"5HT2A","QNYPKNGYEMSOEU-UHFFFAOYSA-N"
"5HT2A","MYHILGOTSGIDBG-UHFFFAOYSA-N"
"5HT2A","LBBDMGBKCDPMSN-UHFFFAOYSA-N"
"5HT2A","SCTHKCGXMXTKHG-UHFFFAOYSA-N"
"5HT2A","SROBMKRRHVLVHU-UHFFFAOYSA-N"
"5HT2A","AZXRALDDIQIHKZ-UHFFFAOYSA-N"
"5HT2A","PJBISDNIYJBREA-UHFFFAOYSA-N"
"5HT2A","ZYZZJOLJNNFBHS-UHFFFAOYSA-N"
"5HT2A","FFGYZWWOVBUEIV-UHFFFAOYSA-N"
"5HT2A","YIIGKFOFBJECPD-UHFFFAOYSA-N"
"DRD2","NZDOOXVGZXZEHJ-UHFFFAOYSA-N"
"DRD2","GWGIUBSVFHLVKW-UHFFFAOYSA-N"
"DRD2","OHGZIKVFWPQXNG-UHFFFAOYSA-N"
"DRD2","JPZJTCUPRQKHCW-UHFFFAOYSA-N"
"DRD2","MGUCYNMYMMBXDP-UHFFFAOYSA-N"
"DRD2","VPAUPKOMHDFAMG-UHFFFAOYSA-N"
"DRD2","FIVZLAMKROFZLS-UHFFFAOYSA-N"
"DRD2","KGJDHBDNYIVRSF-UHFFFAOYSA-N"
"DRD2","TVCLMCWUAJMAEI-UHFFFAOYSA-N"
"DRD2","NNTYWLSMUTYNRH-UHFFFAOYSA-N"
"DRD2","QNYPKNGYEMSOEU-UHFFFAOYSA-N"
"DRD2","MYHILGOTSGIDBG-UHFFFAOYSA-N"
"DRD2","LBBDMGBKCDPMSN-UHFFFAOYSA-N"
"DRD2","SCTHKCGXMXTKHG-UHFFFAOYSA-N"
"DRD2","SROBMKRRHVLVHU-UHFFFAOYSA-N"
"DRD2","AZXRALDDIQIHKZ-UHFFFAOYSA-N"
"DRD2","PJBISDNIYJBREA-UHFFFAOYSA-N"
"DRD2","ZYZZJOLJNNFBHS-UHFFFAOYSA-N"
"DRD2","FFGYZWWOVBUEIV-UHFFFAOYSA-N"
"DRD2","YIIGKFOFBJECPD-UHFFFAOYSA-N"
"ADRB3","UHYBYWHOEQPVCW-UHFFFAOYSA-N"
"ACM1","HAKKERAGHOXDDR-UHFFFAOYSA-N"
"5HT2A","HAKKERAGHOXDDR-UHFFFAOYSA-N"
"MCHR1","HAKKERAGHOXDDR-UHFFFAOYSA-N"
"HCAR2","UCPLOJQSGKDIKF-UHFFFAOYSA-N"
"5HT2A","PGXSSBALVLNDFL-PHZGNYQRSA-N"
"DRD2","PGXSSBALVLNDFL-PHZGNYQRSA-N"
"5HT1A","JVMBIOQCKALKPB-UHFFFAOYSA-N"
"5HT1A","FSOQNRYVHQRTNP-UHFFFAOYSA-N"
"5HT2A","JVMBIOQCKALKPB-UHFFFAOYSA-N"
"5HT2A","FSOQNRYVHQRTNP-UHFFFAOYSA-N"
"DRD2","JVMBIOQCKALKPB-UHFFFAOYSA-N"
"DRD2","FSOQNRYVHQRTNP-UHFFFAOYSA-N"
"ADA1D","VKHDCWQCGOAHKV-UHFFFAOYSA-N"
"DRD2","VKHDCWQCGOAHKV-UHFFFAOYSA-N"
"5HT2B","VSJKWCGYPAHWDS-FQEVSTJZSA-N"
"5HT2A","KXPDUNKSCJWNNO-UHFFFAOYSA-N"
"5HT1A","MYBMSIDXODXJBU-UHFFFAOYSA-N"
"HRH1","WFQOETMVYMINSA-UHFFFAOYSA-N"
"5HT1A","WFQOETMVYMINSA-UHFFFAOYSA-N"
"5HT7R","WFQOETMVYMINSA-UHFFFAOYSA-N"
"5HT2A","WFQOETMVYMINSA-UHFFFAOYSA-N"
"HRH1","SKOALCKWENTDHG-TUXUZCGSSA-N"
"5HT2A","SKOALCKWENTDHG-TUXUZCGSSA-N"
"5HT2B","CPKUIKQUAANRIQ-UHFFFAOYSA-N"
"5HT6R","CPKUIKQUAANRIQ-UHFFFAOYSA-N"
"DRD2","CPKUIKQUAANRIQ-UHFFFAOYSA-N"
"HRH3","IIGOTHGDDVVXRO-AFARHQOCSA-N"
"5HT1A","SITWRYHARVINLW-UHFFFAOYSA-N"
"5HT1D","SITWRYHARVINLW-UHFFFAOYSA-N"
"5HT1B","XYHWHDGNYCZFTQ-UHFFFAOYSA-N"
"5HT1A","IHHALLDEDARSAL-LBPRGKRZSA-N"
"5HT2B","IHHALLDEDARSAL-LBPRGKRZSA-N"
"5HT2B","XYHWHDGNYCZFTQ-UHFFFAOYSA-N"
"5HT2A","IHHALLDEDARSAL-LBPRGKRZSA-N"
"5HT2A","XYHWHDGNYCZFTQ-UHFFFAOYSA-N"
"5HT2C","IHHALLDEDARSAL-LBPRGKRZSA-N"
"5HT2C","XYHWHDGNYCZFTQ-UHFFFAOYSA-N"
"5HT6R","IHHALLDEDARSAL-LBPRGKRZSA-N"
"CCR2","IIHHEHBOPFOTGB-MNAPGUCWSA-N"
"PE2R3","UQFMMXIEBQVORL-UHFFFAOYSA-N"
"PE2R2","UQFMMXIEBQVORL-UHFFFAOYSA-N"
"NPSR1","QAONLHFZGILYFO-UHFFFAOYSA-M"
"NPSR1","PLJOYTSAUJSHBE-CALJPSDSSA-M"
"EDNRB","PAWQUQKYUGKVJI-UHFFFAOYSA-N"
"EDNRA","PAWQUQKYUGKVJI-UHFFFAOYSA-N"
"EDNRB","UOCWQSCYEUUPBJ-UHFFFAOYSA-N"
"EDNRA","UOCWQSCYEUUPBJ-UHFFFAOYSA-N"
"NK3R","LXVHCKLEUVVBBN-UHFFFAOYSA-N"
"AA2BR","PTIAQKMBSAVDRM-UHFFFAOYSA-N"
"BRS3","PMMPJWFJIJZLTB-RZQQEMMASA-N"
"BKRB1","IHNMIXOGESYUNF-UHFFFAOYSA-N"
"PTAFR","NOMJVKPFWRFJLH-NSOVKSMOSA-N"
"ADA2B","MGQIWQQQIZXANT-CVEARBPZSA-N"
"ADA2A","MGQIWQQQIZXANT-CVEARBPZSA-N"
"CNR2","FDWXWGMBMDDQLS-UHFFFAOYSA-N"
"CNR1","FDWXWGMBMDDQLS-UHFFFAOYSA-N"
"GP142","SIHDMQQEFJZUAD-UHFFFAOYSA-N"
"HRH4","LAGYSANYLWEGTL-UHFFFAOYSA-N"
"GNRHR","ZGNGERRELWGUEN-UHFFFAOYSA-N"
"AA1R","LJGRGJTVEJEIDI-UHFFFAOYSA-N"
"AA3R","LJGRGJTVEJEIDI-UHFFFAOYSA-N"
"PE2R4","STWIBIUJSSFCCO-JCTFQTSCSA-N"
"NPY5R","BBEBKAGLYIMBCE-UHFFFAOYSA-N"
"OPRD","REDIQMXVXNAKLK-UHFFFAOYSA-N"
"5HT2B","BIIFEDMBGOQTDO-USCPGHQQSA-N"
"5HT2C","BIIFEDMBGOQTDO-USCPGHQQSA-N"
"GP119","YKUPDOYJJSESIU-IYARVYRRSA-N"
"CCKAR","NFHRQQKPEBFUJK-HSZRJFAPSA-N"
"GASR","NFHRQQKPEBFUJK-HSZRJFAPSA-N"
"S1PR3","VOLMVECKFPZXDV-AWEZNQCLSA-N"
"S1PR1","VOLMVECKFPZXDV-AWEZNQCLSA-N"
"OPRD","VSBFHNWLJXFFTK-UHFFFAOYSA-N"
"OPRD","CHHRPKMGZRRHBF-KJYTXNCISA-N"
"OPRD","CDLAPAAACNSKLQ-WYMJOSIYSA-N"
"OPRK","VSBFHNWLJXFFTK-UHFFFAOYSA-N"
"OPRK","CHHRPKMGZRRHBF-KJYTXNCISA-N"
"OPRK","CDLAPAAACNSKLQ-WYMJOSIYSA-N"
"OPRM","VSBFHNWLJXFFTK-UHFFFAOYSA-N"
"OPRM","CHHRPKMGZRRHBF-KJYTXNCISA-N"
"OPRM","CDLAPAAACNSKLQ-WYMJOSIYSA-N"
"5HT7R","JMRVHBJXROYVQP-UHFFFAOYSA-N"
"V2R","PINVZEORCGWDCB-UHFFFAOYSA-N"
"V1AR","PINVZEORCGWDCB-UHFFFAOYSA-N"
"5HT1A","KCIORJWXNLIEPL-UHFFFAOYSA-N"
"V2R","YLNCPTHZHRDLCS-UHFFFAOYSA-N"
"V2R","KYYYGMCGDBPAIF-UHFFFAOYSA-N"
"V1AR","KYYYGMCGDBPAIF-UHFFFAOYSA-N"
"AA2BR","GZBCDFOZDQIUBI-UHFFFAOYSA-N"
"AA2AR","GZBCDFOZDQIUBI-UHFFFAOYSA-N"
"AA3R","GZBCDFOZDQIUBI-UHFFFAOYSA-N"
"PE2R4","LQTJPCVWGKNTLZ-UHFFFAOYSA-N"
"TAAR1","LZITYSWDKXUWGU-UHFFFAOYSA-N"
"AA2BR","JSTVKVBTXCGTLN-UHFFFAOYSA-N"
"AA2BR","HUPNMGIBODMDOH-UHFFFAOYSA-N"
"AA2BR","YAPJZGXRIHUBAY-UHFFFAOYSA-N"
"AA2AR","YAPJZGXRIHUBAY-UHFFFAOYSA-N"
"AA2BR","GEPUTKWSUKGITG-UHFFFAOYSA-N"
"AA2AR","GEPUTKWSUKGITG-UHFFFAOYSA-N"
"AA3R","GEPUTKWSUKGITG-UHFFFAOYSA-N"
"EDNRB","SYMLFHWTJLQEBY-UHFFFAOYSA-N"
"EDNRA","SYMLFHWTJLQEBY-UHFFFAOYSA-N"
"CCR1","OPLJFYVVYWAUGH-XXAUWVGASA-N"
"CCR5","DSWXTSLXHOCGMH-RXDHMRHRSA-N"
"CCR2","DSWXTSLXHOCGMH-RXDHMRHRSA-N"
"CCR5","WXRJQYAAIDCOMB-MOXWOTFGSA-N"
"CCR2","WXRJQYAAIDCOMB-MOXWOTFGSA-N"
"CCKAR","ODWPMVMBQIAKRA-UHFFFAOYSA-N"
"V1BR","PKDXJJLJZIJIKB-UHFFFAOYSA-N"
"MC4R","SAUMKWJPJZDAEN-FHILOCCJSA-N"
"MC4R","DQERTDAJMWQGCP-JCSVUNJHSA-N"
"MC4R","NWHFBPXVJZXMAY-UQNATJPTSA-N"
"MC3R","SAUMKWJPJZDAEN-FHILOCCJSA-N"
"MC3R","DQERTDAJMWQGCP-JCSVUNJHSA-N"
"MSHR","SAUMKWJPJZDAEN-FHILOCCJSA-N"
"MSHR","DQERTDAJMWQGCP-JCSVUNJHSA-N"
"MSHR","NWHFBPXVJZXMAY-UQNATJPTSA-N"
"MC5R","SAUMKWJPJZDAEN-FHILOCCJSA-N"
"MC5R","DQERTDAJMWQGCP-JCSVUNJHSA-N"
"MC5R","NWHFBPXVJZXMAY-UQNATJPTSA-N"
"ACM1","LFYOFNAHUKMYKZ-UHFFFAOYSA-N"
"NK1R","FSZGNLAQHDTJEJ-UHFFFAOYSA-N"
"HRH3","CAGJHEKGANXSNK-QUPDYRNUSA-N"
"AA1R","OPLOPFHUHFGKMJ-HYSAVQALSA-N"
"NK1R","TURPYQHVJSEIHN-BAZFYLPPSA-N"
"OPRM","TURPYQHVJSEIHN-BAZFYLPPSA-N"
"CNR1","OKFVHQOOPINIEL-UHFFFAOYSA-N"
"ADA1A","YEFYNZHDZSJWCN-QGZVFWFLSA-N"
"ADA1B","YEFYNZHDZSJWCN-QGZVFWFLSA-N"
"ADA1A","YANGEESWIGIKOP-UUWRZZSWSA-N"
"ADA1A","YANGEESWIGIKOP-UMSFTDKQSA-N"
"ADA1B","YANGEESWIGIKOP-UUWRZZSWSA-N"
"ADA1B","YANGEESWIGIKOP-UMSFTDKQSA-N"
"HRH3","YANGEESWIGIKOP-UUWRZZSWSA-N"
"HRH1","YANGEESWIGIKOP-UUWRZZSWSA-N"
"ADRB1","UKZFUCLKGYORJG-YNMZEGNTSA-N"
"ADRB1","VVUGQHSQCFTHGT-CZCBIWLKSA-N"
"ADRB2","UKZFUCLKGYORJG-YNMZEGNTSA-N"
"ADRB2","VVUGQHSQCFTHGT-CZCBIWLKSA-N"
"ADRB3","UKZFUCLKGYORJG-YNMZEGNTSA-N"
"ADRB3","VVUGQHSQCFTHGT-CZCBIWLKSA-N"
"5HT1B","VVUGQHSQCFTHGT-CZCBIWLKSA-N"
"5HT1A","VVUGQHSQCFTHGT-CZCBIWLKSA-N"
"DRD3","BGOQGUHWXBGXJW-RHSMWYFYSA-N"
"DRD4","BGOQGUHWXBGXJW-RHSMWYFYSA-N"
"DRD1","BGOQGUHWXBGXJW-RHSMWYFYSA-N"
"DRD2","BGOQGUHWXBGXJW-RHSMWYFYSA-N"
"DRD5","BGOQGUHWXBGXJW-RHSMWYFYSA-N"
"5HT1A","ZYBLSQVXWVJACW-UHFFFAOYSA-N"
"5HT2A","ZYBLSQVXWVJACW-UHFFFAOYSA-N"
"DRD3","ZYBLSQVXWVJACW-UHFFFAOYSA-N"
"DRD2","ZYBLSQVXWVJACW-UHFFFAOYSA-N"
"FPR2","RULNAVVAQPAYPZ-QHCPKHFHSA-N"
"NK1R","ATALOFNDEOCMKK-OITMNORJSA-N"
"NK3R","ATALOFNDEOCMKK-OITMNORJSA-N"
"V1AR","UQQVWZZUGGLLMZ-HXRQYLNASA-N"
"5HT1A","VMYDRWOVWUPFPO-UHFFFAOYSA-N"
"5HT1A","XTIPDLJJVIOGHI-UHFFFAOYSA-N"
"5HT1A","PLKOFQSGOPKBMP-UHFFFAOYSA-N"
"5HT1A","PNRXQZLTVQCRMF-UHFFFAOYSA-N"
"5HT1A","NRFJXDLMBKNOHP-UHFFFAOYSA-N"
"5HT2A","VMYDRWOVWUPFPO-UHFFFAOYSA-N"
"5HT2A","XTIPDLJJVIOGHI-UHFFFAOYSA-N"
"5HT2A","PLKOFQSGOPKBMP-UHFFFAOYSA-N"
"5HT2A","PNRXQZLTVQCRMF-UHFFFAOYSA-N"
"5HT2A","NRFJXDLMBKNOHP-UHFFFAOYSA-N"
"DRD2","VMYDRWOVWUPFPO-UHFFFAOYSA-N"
"DRD2","XTIPDLJJVIOGHI-UHFFFAOYSA-N"
"DRD2","PLKOFQSGOPKBMP-UHFFFAOYSA-N"
"DRD2","PNRXQZLTVQCRMF-UHFFFAOYSA-N"
"DRD2","NRFJXDLMBKNOHP-UHFFFAOYSA-N"
"DRD2","BOZVHERQYJVRDG-GDBMZVCRSA-N"
"DRD2","OPQVLALJVICCEZ-UHFFFAOYSA-N"
"MTR1B","MMMAALHYEKMNHU-UHFFFAOYSA-N"
"MTR1A","MMMAALHYEKMNHU-UHFFFAOYSA-N"
"ACM2","ZUBLNWRGQSNWGQ-UHFFFAOYSA-N"
"ACM3","ZUBLNWRGQSNWGQ-UHFFFAOYSA-N"
"ACM1","ZUBLNWRGQSNWGQ-UHFFFAOYSA-N"
"OXYR","OSJMAQIACACGDU-WHMAPKLYSA-N"
"OXYR","XFYAWJKXDPURTA-BFGHFXMOSA-N"
"V1BR","OSJMAQIACACGDU-WHMAPKLYSA-N"
"V1BR","XFYAWJKXDPURTA-BFGHFXMOSA-N"
"V1AR","OSJMAQIACACGDU-WHMAPKLYSA-N"
"V1AR","XFYAWJKXDPURTA-BFGHFXMOSA-N"
"AA1R","KCFSAWYFAYDKQD-QMWPFBOUSA-N"
"AA1R","MAIBBTQWLYABNH-FLNNQWSLSA-N"
"AA1R","XLNLUOHNKKMJIG-QRIDJOKKSA-N"
"AA2BR","KCFSAWYFAYDKQD-QMWPFBOUSA-N"
"AA2BR","MAIBBTQWLYABNH-FLNNQWSLSA-N"
"AA2AR","KCFSAWYFAYDKQD-QMWPFBOUSA-N"
"AA2AR","MAIBBTQWLYABNH-FLNNQWSLSA-N"
"AA2AR","XLNLUOHNKKMJIG-QRIDJOKKSA-N"
"AA3R","KCFSAWYFAYDKQD-QMWPFBOUSA-N"
"AA3R","MAIBBTQWLYABNH-FLNNQWSLSA-N"
"AA3R","XLNLUOHNKKMJIG-QRIDJOKKSA-N"
"ADA1A","YCUQRVLXIFFFNB-UHFFFAOYSA-N"
"AA1R","JNILKZBFDIKTIT-IOOBAMJDSA-N"
"AA2BR","JNILKZBFDIKTIT-IOOBAMJDSA-N"
"AA2AR","JNILKZBFDIKTIT-IOOBAMJDSA-N"
"OXYR","AKOGSKPWCBYRCU-UGSFNEPDSA-N"
"V1BR","AKOGSKPWCBYRCU-UGSFNEPDSA-N"
"ADA1B","MMECQTDYKMGZFE-UHFFFAOYSA-N"
"ADA1D","MMECQTDYKMGZFE-UHFFFAOYSA-N"
"CNR1","XOZZETJMKGWXNS-CQSZACIVSA-N"
"GHSR","VAWMKVFGBRIXPW-OAQYLSRUSA-N"
"PE2R4","ILMFKXVUHOLDBJ-YMPXZSTISA-N"
"PE2R3","ILMFKXVUHOLDBJ-YMPXZSTISA-N"
"V1AR","VTPSMJSGADIFSS-VDKIKQQVSA-N"
"CXCR3","BDJRXALNVVZVFG-IIBYNOLFSA-N"
"PI2R","NVDILWSBQQABQM-GOSISDBHSA-N"
"PD2R","NVDILWSBQQABQM-GOSISDBHSA-N"
"CNR2","GZYUOGNPBFAMCO-UHFFFAOYSA-N"
"CNR1","GZYUOGNPBFAMCO-UHFFFAOYSA-N"
"OPRD","XIRBKSHTAOQLGM-GSDHBNRESA-N"
"OPRM","XIRBKSHTAOQLGM-GSDHBNRESA-N"
"5HT7R","CEUYNVSERROQDN-UHFFFAOYSA-N"
"CCR2","UARNPVFEWLAVGQ-IVHGUIJPSA-N"
"HRH3","NFMCJKWXWBIFGH-DKXQDJALSA-N"
"5HT2B","PCWGGOVOEWHPMG-UHFFFAOYSA-N"
"5HT2A","PCWGGOVOEWHPMG-UHFFFAOYSA-N"
"5HT2C","PCWGGOVOEWHPMG-UHFFFAOYSA-N"
"DRD3","SAUWBVJOXSKPQX-UHFFFAOYSA-N"
"DRD2","SAUWBVJOXSKPQX-UHFFFAOYSA-N"
"NK1R","XJMWWALONVOUBI-LHEWISCISA-N"
"OPRM","XJMWWALONVOUBI-LHEWISCISA-N"
"ADA2C","UWKQSNNFCGGAFS-XIFFEERXSA-N"
"ACM4","UWKQSNNFCGGAFS-XIFFEERXSA-N"
"5HT2A","GLTOYHJCCONIPL-UHFFFAOYSA-N"
"5HT2A","BVDBGMCXMCRRIP-UHFFFAOYSA-N"
"5HT2A","WTHLTXBIFADIQK-UHFFFAOYSA-N"
"5HT2A","XFQCUMCROPJRDA-UHFFFAOYSA-N"
"5HT2A","ZEERPTKETJJYHM-PPLJNSMQSA-N"
"5HT2A","JNJFGMMXZQTTEV-UHFFFAOYSA-N"
"5HT2A","VXPNNEACONQTET-UHFFFAOYSA-N"
"5HT2A","AJQXITCKVIMUJA-UHFFFAOYSA-N"
"5HT2A","OEVPCXMTWJIQHA-UHFFFAOYSA-N"
"5HT2A","IXWZIHDBVQYVSS-UHFFFAOYSA-N"
"5HT2A","DODAKNRHJOZSNV-UHFFFAOYSA-N"
"5HT2A","HLJSHTGLXJFIPU-UHFFFAOYSA-N"
"5HT2A","SVYQLZGVECCISN-UHFFFAOYSA-N"
"5HT2A","RCOCMICOYJEDIW-UHFFFAOYSA-N"
"5HT2A","NWHNWKCRNKQQEQ-UHFFFAOYSA-N"
"5HT2A","TXPWXTFSLYAPNT-UHFFFAOYSA-N"
"5HT2A","PJIFNDKPRTUYSL-UHFFFAOYSA-N"
"5HT2A","ZTWIBBACQZFZIB-UHFFFAOYSA-N"
"5HT2A","OHVIMHICPLSQCY-UHFFFAOYSA-N"
"5HT2C","GLTOYHJCCONIPL-UHFFFAOYSA-N"
"5HT2C","BVDBGMCXMCRRIP-UHFFFAOYSA-N"
"5HT2C","WTHLTXBIFADIQK-UHFFFAOYSA-N"
"5HT2C","XFQCUMCROPJRDA-UHFFFAOYSA-N"
"5HT2C","ZEERPTKETJJYHM-PPLJNSMQSA-N"
"5HT2C","JNJFGMMXZQTTEV-UHFFFAOYSA-N"
"5HT2C","VXPNNEACONQTET-UHFFFAOYSA-N"
"5HT2C","AJQXITCKVIMUJA-UHFFFAOYSA-N"
"5HT2C","OEVPCXMTWJIQHA-UHFFFAOYSA-N"
"5HT2C","IXWZIHDBVQYVSS-UHFFFAOYSA-N"
"5HT2C","DODAKNRHJOZSNV-UHFFFAOYSA-N"
"5HT2C","HLJSHTGLXJFIPU-UHFFFAOYSA-N"
"5HT2C","SVYQLZGVECCISN-UHFFFAOYSA-N"
"5HT2C","RCOCMICOYJEDIW-UHFFFAOYSA-N"
"5HT2C","NWHNWKCRNKQQEQ-UHFFFAOYSA-N"
"5HT2C","TXPWXTFSLYAPNT-UHFFFAOYSA-N"
"5HT2C","PJIFNDKPRTUYSL-UHFFFAOYSA-N"
"5HT2C","ZTWIBBACQZFZIB-UHFFFAOYSA-N"
"5HT2C","OHVIMHICPLSQCY-UHFFFAOYSA-N"
"GPBAR","IBMLOJIJSPVJKS-UHFFFAOYSA-N"
"5HT1F","DKDSMUOEMDNPTM-UHFFFAOYSA-N"
"5HT1B","DKDSMUOEMDNPTM-UHFFFAOYSA-N"
"5HT1A","DKDSMUOEMDNPTM-UHFFFAOYSA-N"
"5HT1D","DKDSMUOEMDNPTM-UHFFFAOYSA-N"
"OPRD","HBGUKHSNIWDVFP-XUZRCCIISA-N"
"OPRD","STRYOGIFBUYJDA-FIHBIKDHSA-N"
"OPRK","HBGUKHSNIWDVFP-XUZRCCIISA-N"
"OPRK","STRYOGIFBUYJDA-FIHBIKDHSA-N"
"OPRM","HBGUKHSNIWDVFP-XUZRCCIISA-N"
"OPRM","STRYOGIFBUYJDA-FIHBIKDHSA-N"
"GPR35","RSWZFAPYKOARNG-UHFFFAOYSA-N"
"ADA2B","OABROWXKGQFLDH-UHFFFAOYSA-N"
"ADA2C","OABROWXKGQFLDH-UHFFFAOYSA-N"
"ADA2A","OABROWXKGQFLDH-UHFFFAOYSA-N"
"5HT1A","YXULGEGYBDDAJU-UHFFFAOYSA-N"
"5HT1A","UNXSKPWKGQDDCI-UHFFFAOYSA-N"
"5HT7R","YXULGEGYBDDAJU-UHFFFAOYSA-N"
"5HT7R","UNXSKPWKGQDDCI-UHFFFAOYSA-N"
"5HT2A","UNXSKPWKGQDDCI-UHFFFAOYSA-N"
"5HT6R","YXULGEGYBDDAJU-UHFFFAOYSA-N"
"5HT6R","UNXSKPWKGQDDCI-UHFFFAOYSA-N"
"5HT1A","XNSALGTWJGHAFH-UHFFFAOYSA-N"
"5HT1A","QBOUKBSEZKCZOD-UHFFFAOYSA-N"
"5HT7R","XNSALGTWJGHAFH-UHFFFAOYSA-N"
"5HT7R","QBOUKBSEZKCZOD-UHFFFAOYSA-N"
"5HT2A","XNSALGTWJGHAFH-UHFFFAOYSA-N"
"5HT2A","QBOUKBSEZKCZOD-UHFFFAOYSA-N"
"5HT6R","XNSALGTWJGHAFH-UHFFFAOYSA-N"
"5HT6R","QBOUKBSEZKCZOD-UHFFFAOYSA-N"
"CXCR3","MDFCAWQCJRVYFH-SFHVURJKSA-N"
"5HT1A","WKMRYRGJJJBJPR-UHFFFAOYSA-N"
"5HT7R","WKMRYRGJJJBJPR-UHFFFAOYSA-N"
"5HT2A","WKMRYRGJJJBJPR-UHFFFAOYSA-N"
"5HT4R","WKMRYRGJJJBJPR-UHFFFAOYSA-N"
"5HT1A","ZFAMNYWKHFOSQW-UHFFFAOYSA-N"
"5HT7R","ZFAMNYWKHFOSQW-UHFFFAOYSA-N"
"5HT4R","ZFAMNYWKHFOSQW-UHFFFAOYSA-N"
"PE2R4","WEDKOJTTZUJUBS-SVDKCWMDSA-N"
"PE2R3","WEDKOJTTZUJUBS-SVDKCWMDSA-N"
"PE2R2","WEDKOJTTZUJUBS-SVDKCWMDSA-N"
"MCHR2","WFKZKRWZCHJQIT-RUZDIDTESA-N"
"5HT6R","WDRSQVMCYDMWAP-UHFFFAOYSA-N"
"5HT1B","PQWUNHKJEXFYJI-UHFFFAOYSA-N"
"NPBW1","YJVVRQDSRBRSEW-AAVWJAMMSA-N"
"NPBW1","FQBHXDNBIARQPD-FPNNDXFKSA-N"
"OPRD","TXHVBWLEQSUJHP-UHFFFAOYSA-N"
"OPRK","TXHVBWLEQSUJHP-UHFFFAOYSA-N"
"OPRM","TXHVBWLEQSUJHP-UHFFFAOYSA-N"
"5HT1A","KOTITFQGTVUMBT-UHFFFAOYSA-N"
"5HT7R","KOTITFQGTVUMBT-UHFFFAOYSA-N"
"DRD2","KOTITFQGTVUMBT-UHFFFAOYSA-N"
"HRH1","OUSOPIMSKOMYQI-UHFFFAOYSA-N"
"5HT1A","OUSOPIMSKOMYQI-UHFFFAOYSA-N"
"5HT2A","OUSOPIMSKOMYQI-UHFFFAOYSA-N"
"DRD3","OUSOPIMSKOMYQI-UHFFFAOYSA-N"
"DRD4","OUSOPIMSKOMYQI-UHFFFAOYSA-N"
"HRH1","QLTASWSCCMMISJ-UHFFFAOYSA-N"
"5HT1A","QLTASWSCCMMISJ-UHFFFAOYSA-N"
"5HT7R","RWCQKGYXYLNOEC-UHFFFAOYSA-N"
"DRD3","RWCQKGYXYLNOEC-UHFFFAOYSA-N"
"DRD4","RWCQKGYXYLNOEC-UHFFFAOYSA-N"
"DRD3","SGGMEYGWAJEGIP-WPUZRXDDSA-N"
"DRD4","SGGMEYGWAJEGIP-WPUZRXDDSA-N"
"DRD2","SGGMEYGWAJEGIP-WPUZRXDDSA-N"
"HRH1","SJEXSMOVRPPLBZ-VXMMSVGHSA-N"
"DRD3","SJEXSMOVRPPLBZ-VXMMSVGHSA-N"
"DRD4","SJEXSMOVRPPLBZ-VXMMSVGHSA-N"
"DRD2","SJEXSMOVRPPLBZ-VXMMSVGHSA-N"
"ADA1D","CFZKQWGVQRAOPG-UHFFFAOYSA-N"
"5HT1A","CFZKQWGVQRAOPG-UHFFFAOYSA-N"
"5HT2A","BAYSOSKDAJWQFJ-UHFFFAOYSA-N"
"DRD4","BAYSOSKDAJWQFJ-UHFFFAOYSA-N"
"5HT1A","IJOWGZZHIHYYGB-UHFFFAOYSA-N"
"5HT7R","IJOWGZZHIHYYGB-UHFFFAOYSA-N"
"5HT2A","IJOWGZZHIHYYGB-UHFFFAOYSA-N"
"5HT6R","IJOWGZZHIHYYGB-UHFFFAOYSA-N"
"AA1R","CFBQPTSLYXMALX-UHFFFAOYSA-N"
"AA2BR","CFBQPTSLYXMALX-UHFFFAOYSA-N"
"S1PR2","SAPPQCBNZBHPLZ-UHFFFAOYSA-N"
"ADA2B","JFZSEYPHJYDMAZ-UHFFFAOYSA-N"
"ADA2C","OHLOMHGVALXPJP-UHFFFAOYSA-N"
"ADA2C","JFZSEYPHJYDMAZ-UHFFFAOYSA-N"
"ADA2A","OHLOMHGVALXPJP-UHFFFAOYSA-N"
"ADA2A","JFZSEYPHJYDMAZ-UHFFFAOYSA-N"
"5HT1A","OHLOMHGVALXPJP-UHFFFAOYSA-N"
"5HT1A","JFZSEYPHJYDMAZ-UHFFFAOYSA-N"
"CNR2","DOWDHAPVKJQUKV-UHFFFAOYSA-N"
"CNR1","DOWDHAPVKJQUKV-UHFFFAOYSA-N"
"GHSR","CZCNIZFMOBPOKU-IBGZPJMESA-N"
"PE2R4","FZLGDIHXQOETBY-PCBIHFGQSA-N"
"PE2R2","FZLGDIHXQOETBY-PCBIHFGQSA-N"
"OPRD","SCNSHBHEDUUZDM-RMNGQBEXSA-N"
"OPRD","ZBVPUFSKFGYNLC-FIDNPTQWSA-N"
"OPRK","SCNSHBHEDUUZDM-RMNGQBEXSA-N"
"OPRK","ZBVPUFSKFGYNLC-FIDNPTQWSA-N"
"OPRM","SCNSHBHEDUUZDM-RMNGQBEXSA-N"
"OPRM","ZBVPUFSKFGYNLC-FIDNPTQWSA-N"
"5HT1F","ZOXWMXLYVITJIL-UHFFFAOYSA-N"
"5HT1A","ZOXWMXLYVITJIL-UHFFFAOYSA-N"
"NPBW1","BHDRWJOOYIXFSS-UHFFFAOYSA-N"
"CNR2","VMWBKOHAYXYOPX-UHFFFAOYSA-N"
"CNR1","VMWBKOHAYXYOPX-UHFFFAOYSA-N"
"PAR1","HIUFEGQBHJWWIG-CTEHMNNRSA-N"
"AA1R","KDIWIKZCXLRHOH-HLXQIYJLSA-N"
"AA3R","KDIWIKZCXLRHOH-HLXQIYJLSA-N"
"ACKR3","CPZSKEGXALNXOX-LVZFUZTISA-N"
"V1AR","VYKHPCNFHDHQTD-COQAPAFSSA-N"
"OPRD","OZORIWXCEQGHED-KSABRONXSA-N"
"OPRM","OZORIWXCEQGHED-KSABRONXSA-N"
"5HT2B","JCCCJTVAZBWBCY-UHFFFAOYSA-N"
"5HT2C","JCCCJTVAZBWBCY-UHFFFAOYSA-N"
"CNR2","CSNVKOLUWSVDLX-UHFFFAOYSA-N"
"CNR1","CSNVKOLUWSVDLX-UHFFFAOYSA-N"
"AA1R","KTJGALBVNCTAAQ-IMMHMDRLSA-N"
"CNR2","FSWLXRJYHBRXTL-UHFFFAOYSA-N"
"CNR1","FSWLXRJYHBRXTL-UHFFFAOYSA-N"
"AA1R","CLDGOQBKIYWYSE-WUKNDPDISA-N"
"ADA1A","AQASGOHUMGAWJJ-UHFFFAOYSA-N"
"ADA1A","DYXJVPXSKMEWAK-UHFFFAOYSA-N"
"ADA1A","IZXNMSMOJJZRBE-UHFFFAOYSA-N"
"ADA1B","AQASGOHUMGAWJJ-UHFFFAOYSA-N"
"ADA1B","DYXJVPXSKMEWAK-UHFFFAOYSA-N"
"ADA1B","IZXNMSMOJJZRBE-UHFFFAOYSA-N"
"ADA1D","AQASGOHUMGAWJJ-UHFFFAOYSA-N"
"ADA1D","DYXJVPXSKMEWAK-UHFFFAOYSA-N"
"ADA1D","IZXNMSMOJJZRBE-UHFFFAOYSA-N"
"5HT1A","AQASGOHUMGAWJJ-UHFFFAOYSA-N"
"5HT2C","FBFVVUFMHULKRE-UHFFFAOYSA-N"
"MCHR1","FBFVVUFMHULKRE-UHFFFAOYSA-N"
"PE2R4","JUFYXGLEONTECM-KSFASEQNSA-N"
"PE2R1","JUFYXGLEONTECM-KSFASEQNSA-N"
"PE2R2","JUFYXGLEONTECM-KSFASEQNSA-N"
"5HT1A","CZOXEMUHIJZXSF-UHFFFAOYSA-N"
"5HT7R","CZOXEMUHIJZXSF-UHFFFAOYSA-N"
"DRD4","CZOXEMUHIJZXSF-UHFFFAOYSA-N"
"DRD2","CZOXEMUHIJZXSF-UHFFFAOYSA-N"
"5HT1A","IAMJESJLDAFTKX-UHFFFAOYSA-N"
"5HT7R","IAMJESJLDAFTKX-UHFFFAOYSA-N"
"5HT2A","IAMJESJLDAFTKX-UHFFFAOYSA-N"
"DRD4","IAMJESJLDAFTKX-UHFFFAOYSA-N"
"DRD2","IAMJESJLDAFTKX-UHFFFAOYSA-N"
"5HT1A","ITMQGDDPFZOVDW-UHFFFAOYSA-N"
"DRD4","ITMQGDDPFZOVDW-UHFFFAOYSA-N"
"5HT1A","CWYDVWDIVIJIOS-UHFFFAOYSA-N"
"5HT7R","CWYDVWDIVIJIOS-UHFFFAOYSA-N"
"DRD2","CWYDVWDIVIJIOS-UHFFFAOYSA-N"
"5HT1A","RUTFYETZGMCUGV-UHFFFAOYSA-N"
"5HT7R","RUTFYETZGMCUGV-UHFFFAOYSA-N"
"DRD4","RUTFYETZGMCUGV-UHFFFAOYSA-N"
"DRD2","RUTFYETZGMCUGV-UHFFFAOYSA-N"
"5HT1A","QQMNSBRRJCWJNN-UHFFFAOYSA-N"
"5HT7R","QQMNSBRRJCWJNN-UHFFFAOYSA-N"
"DRD4","QQMNSBRRJCWJNN-UHFFFAOYSA-N"
"ADA1A","UZRVBSAZMGMVTH-UHFFFAOYSA-N"
"5HT1A","UZRVBSAZMGMVTH-UHFFFAOYSA-N"
"OPRD","ITNOYRFWEHJMOH-IEYMSYQKSA-N"
"OPRM","ITNOYRFWEHJMOH-IEYMSYQKSA-N"
"SSR2","FAZJEADZIKXOCO-BPBSOZPZSA-N"
"SSR2","WTIXWXBCEROCIJ-PUADLLEESA-N"
"SSR2","WRFDVWJMOYKIII-SUZYPONXSA-N"
"SSR2","KYHOGWCSGFSFNN-PUADLLEESA-N"
"SSR2","NUDYDMKAGGKUJL-YKOWYFKLSA-N"
"SSR2","QIRVFTJJSHEARZ-BPBSOZPZSA-N"
"SSR3","FAZJEADZIKXOCO-BPBSOZPZSA-N"
"SSR3","WTIXWXBCEROCIJ-PUADLLEESA-N"
"SSR3","WRFDVWJMOYKIII-SUZYPONXSA-N"
"SSR3","KYHOGWCSGFSFNN-PUADLLEESA-N"
"SSR3","NUDYDMKAGGKUJL-YKOWYFKLSA-N"
"SSR3","QIRVFTJJSHEARZ-BPBSOZPZSA-N"
"SSR4","FAZJEADZIKXOCO-BPBSOZPZSA-N"
"SSR4","WTIXWXBCEROCIJ-PUADLLEESA-N"
"SSR4","WRFDVWJMOYKIII-SUZYPONXSA-N"
"SSR4","KYHOGWCSGFSFNN-PUADLLEESA-N"
"SSR4","NUDYDMKAGGKUJL-YKOWYFKLSA-N"
"SSR4","QIRVFTJJSHEARZ-BPBSOZPZSA-N"
"SSR5","FAZJEADZIKXOCO-BPBSOZPZSA-N"
"SSR5","WTIXWXBCEROCIJ-PUADLLEESA-N"
"SSR5","WRFDVWJMOYKIII-SUZYPONXSA-N"
"SSR5","KYHOGWCSGFSFNN-PUADLLEESA-N"
"SSR5","NUDYDMKAGGKUJL-YKOWYFKLSA-N"
"SSR5","QIRVFTJJSHEARZ-BPBSOZPZSA-N"
"MCHR1","TVRAIZHTLABDDY-UHFFFAOYSA-N"
"ACM2","VIZLOCIWSKXQJN-UHFFFAOYSA-N"
"ACM4","VIZLOCIWSKXQJN-UHFFFAOYSA-N"
"ACM1","VIZLOCIWSKXQJN-UHFFFAOYSA-N"
"DRD2","GTXFOEHPKNATLV-SECBINFHSA-N"
"AA3R","XHVZGOCXMKSHJQ-YUBGWGQWSA-N"
"GHSR","DXYBEOOKXLMROC-KRWDZBQOSA-N"
"SSR3","XHIMQCYKHSICAY-LETIRJCYSA-N"
"OPRX","BFXFATDFGYSQHY-UHFFFAOYSA-N"
"SSR3","SYHQUPOPQRNSKD-SKMHOITNSA-N"
"SSR1","SYHQUPOPQRNSKD-SKMHOITNSA-N"
"PE2R3","HIZNWXUSWJBZEM-CMDGGOBGSA-N"
"PE2R1","HIZNWXUSWJBZEM-CMDGGOBGSA-N"
"PE2R2","MFFBXYNKZHTCEY-UHFFFAOYSA-N"
"5HT1A","VBRHXFSHZGCBJG-SAABIXHNSA-N"
"ACM2","GVTZHKIAVNUTSV-GOJCVTOHSA-N"
"ACM4","GVTZHKIAVNUTSV-GOJCVTOHSA-N"
"ACM3","GVTZHKIAVNUTSV-GOJCVTOHSA-N"
"ACM1","GVTZHKIAVNUTSV-GOJCVTOHSA-N"
"HRH3","GXZFJFVWFZQOSX-UHFFFAOYSA-N"
"NPY5R","BGQUTWWXJPPEKR-UHFFFAOYSA-N"
"MC5R","AGARXGRVNIJDFP-LOYHVIPDSA-N"
"ACM3","GVNGZGPVJXWAOP-RRWXTXHCSA-N"
"ACM1","GVNGZGPVJXWAOP-RRWXTXHCSA-N"
"5HT1A","IGIFNSQJPOGUFY-BJUDXGSMSA-N"
"DRD3","RDZQEXLULSCTRR-VJBMBRPKSA-N"
"HRH3","UZFUMFWJEGINFP-UHFFFAOYSA-N"
"HRH1","UZFUMFWJEGINFP-UHFFFAOYSA-N"
"5HT4R","WLLOFQROROXOMO-GOSISDBHSA-N"
"ADA1A","CZXPYCADSFGDOE-UHFFFAOYSA-N"
"ADA1B","CZXPYCADSFGDOE-UHFFFAOYSA-N"
"ADA2C","JZGCFEQRHXUOAB-BUCDTFABSA-N"
"ADA2A","JZGCFEQRHXUOAB-BUCDTFABSA-N"
"OPRD","PVXLGFBXDRYJSA-LVXARBLLSA-N"
"OPRM","PVXLGFBXDRYJSA-LVXARBLLSA-N"
"5HT1A","ZGPMTEINYPKUKN-GOSISDBHSA-N"
"5HT1A","GXJGVXJVSZWVLE-UHFFFAOYSA-N"
"5HT1A","AJRQMVCEFKRUBB-UHFFFAOYSA-N"
"5HT1A","BJFLRBLSVACLLD-UHFFFAOYSA-N"
"5HT1A","GTWOHZJMQWACQH-OAQYLSRUSA-N"
"5HT7R","ZGPMTEINYPKUKN-GOSISDBHSA-N"
"5HT7R","GXJGVXJVSZWVLE-UHFFFAOYSA-N"
"5HT7R","AJRQMVCEFKRUBB-UHFFFAOYSA-N"
"5HT7R","BJFLRBLSVACLLD-UHFFFAOYSA-N"
"5HT7R","GTWOHZJMQWACQH-OAQYLSRUSA-N"
"5HT6R","ZGPMTEINYPKUKN-GOSISDBHSA-N"
"5HT6R","GXJGVXJVSZWVLE-UHFFFAOYSA-N"
"5HT6R","AJRQMVCEFKRUBB-UHFFFAOYSA-N"
"5HT6R","BJFLRBLSVACLLD-UHFFFAOYSA-N"
"5HT6R","GTWOHZJMQWACQH-OAQYLSRUSA-N"
"DRD2","ZGPMTEINYPKUKN-GOSISDBHSA-N"
"DRD2","GXJGVXJVSZWVLE-UHFFFAOYSA-N"
"DRD2","AJRQMVCEFKRUBB-UHFFFAOYSA-N"
"DRD2","BJFLRBLSVACLLD-UHFFFAOYSA-N"
"DRD2","GTWOHZJMQWACQH-OAQYLSRUSA-N"
"5HT1A","IJEBNHPCKYYWBR-UHFFFAOYSA-N"
"5HT7R","IJEBNHPCKYYWBR-UHFFFAOYSA-N"
"DRD2","IJEBNHPCKYYWBR-UHFFFAOYSA-N"
"OPRK","LYUKLDQOCSAAMK-OIABEBCFSA-N"
"OPRM","LYUKLDQOCSAAMK-OIABEBCFSA-N"
"5HT1A","DOJOVBDBXSAJKC-UHFFFAOYSA-N"
"DRD4","DOJOVBDBXSAJKC-UHFFFAOYSA-N"
"NPFF1","JFZCLMZUABKABL-GVCDGELBSA-N"
"5HT1A","GOYJQBUTBBQPFC-HQRMLTQVSA-N"
"AA2AR","BKZHSJNLPPAJKB-UHFFFAOYSA-N"
"OX1R","BKZHSJNLPPAJKB-UHFFFAOYSA-N"
"5HT2A","KVVCXQIQAOOKFF-UHFFFAOYSA-N"
"5HT4R","KVVCXQIQAOOKFF-UHFFFAOYSA-N"
"DRD3","YNVKFHIWFDRVNY-UHFFFAOYSA-N"
"DRD2","YNVKFHIWFDRVNY-UHFFFAOYSA-N"
"OPRM","YNVKFHIWFDRVNY-UHFFFAOYSA-N"
"GPBAR","ONHFEABHFHNJOU-UHFFFAOYSA-N"
"GPR55","XMUYRWBIWMWOQG-UHFFFAOYSA-N"
"DRD3","IHQPPKAEMPWTTE-TZYHBYERSA-N"
"AA2BR","NOMNHIYMMVVBNF-UHFFFAOYSA-N"
"SSR3","NTIFDLOQPKMIJK-WXVAWEFUSA-N"
"NK3R","MKVYTKVBSRSKRX-UHFFFAOYSA-N"
"ADA1A","BYHQOSOPNSLUAD-UHFFFAOYSA-N"
"ADA1D","BYHQOSOPNSLUAD-UHFFFAOYSA-N"
"HRH2","HVGNYVOUQOKFLU-UHFFFAOYSA-N"
"HRH1","HVGNYVOUQOKFLU-UHFFFAOYSA-N"
"DRD3","HVGNYVOUQOKFLU-UHFFFAOYSA-N"
"DRD2","HVGNYVOUQOKFLU-UHFFFAOYSA-N"
"FSHR","XTUCWLBLHUGIFP-KUFVUHJUSA-N"
"ACM2","CVYMNORESIPOLC-UHFFFAOYSA-N"
"ACM2","PLHLCEHTTQIHQR-UHFFFAOYSA-N"
"ACM2","HUAYFBQUMUPHRC-UHFFFAOYSA-N"
"ACM2","SZPRVUSSTLSOHX-UHFFFAOYSA-N"
"ACM4","CVYMNORESIPOLC-UHFFFAOYSA-N"
"ACM4","PLHLCEHTTQIHQR-UHFFFAOYSA-N"
"ACM4","HUAYFBQUMUPHRC-UHFFFAOYSA-N"
"ACM4","SZPRVUSSTLSOHX-UHFFFAOYSA-N"
"ACM3","CVYMNORESIPOLC-UHFFFAOYSA-N"
"ACM3","PLHLCEHTTQIHQR-UHFFFAOYSA-N"
"ACM3","HUAYFBQUMUPHRC-UHFFFAOYSA-N"
"ACM3","SZPRVUSSTLSOHX-UHFFFAOYSA-N"
"ACM1","CVYMNORESIPOLC-UHFFFAOYSA-N"
"ACM1","PLHLCEHTTQIHQR-UHFFFAOYSA-N"
"ACM1","HUAYFBQUMUPHRC-UHFFFAOYSA-N"
"ACM1","SZPRVUSSTLSOHX-UHFFFAOYSA-N"
"ADA1A","PQIXPACOBOVXFY-UHFFFAOYSA-N"
"ADA1B","PQIXPACOBOVXFY-UHFFFAOYSA-N"
"5HT1A","PQIXPACOBOVXFY-UHFFFAOYSA-N"
"5HT1A","RVJANINATMRKID-UHFFFAOYSA-N"
"5HT2A","RVJANINATMRKID-UHFFFAOYSA-N"
"5HT1A","CIHHVEQKQQLSLK-UHFFFAOYSA-N"
"5HT2A","CIHHVEQKQQLSLK-UHFFFAOYSA-N"
"ADA2B","RJEWWPFKTYWTSS-UHFFFAOYSA-N"
"ADA2C","RJEWWPFKTYWTSS-UHFFFAOYSA-N"
"ADA1A","RJEWWPFKTYWTSS-UHFFFAOYSA-N"
"ADA2A","RJEWWPFKTYWTSS-UHFFFAOYSA-N"
"EDNRB","CZCPERJVDUPGST-UHFFFAOYSA-N"
"EDNRA","CZCPERJVDUPGST-UHFFFAOYSA-N"
"DRD3","ZVPRVTLQVCJGOP-UHFFFAOYSA-O"
"DRD4","ZVPRVTLQVCJGOP-UHFFFAOYSA-O"
"DRD2","ZVPRVTLQVCJGOP-UHFFFAOYSA-O"
"ADA1A","RSJAXPUYVJKAAA-MJEROREJSA-N"
"NPY2R","RSJAXPUYVJKAAA-MJEROREJSA-N"
"OPRK","RSJAXPUYVJKAAA-MJEROREJSA-N"
"OPRM","RSJAXPUYVJKAAA-MJEROREJSA-N"
"ACM5","YEWCXJGTKBDZNL-UHFFFAOYSA-N"
"ACM1","YEWCXJGTKBDZNL-UHFFFAOYSA-N"
"5HT1A","AROYESYOAIFFDX-UHFFFAOYSA-N"
"5HT7R","AROYESYOAIFFDX-UHFFFAOYSA-N"
"5HT2A","AROYESYOAIFFDX-UHFFFAOYSA-N"
"5HT6R","AROYESYOAIFFDX-UHFFFAOYSA-N"
"DRD2","AROYESYOAIFFDX-UHFFFAOYSA-N"
"NK1R","DPGPXZCLSCXCQW-UHFFFAOYSA-N"
"OPRM","DPGPXZCLSCXCQW-UHFFFAOYSA-N"
"CCR5","RCPDEZFBKMZZMJ-HHHXNRCGSA-N"
"CNR2","YVITVABZYDPMHU-UHFFFAOYSA-N"
"AGTR1","YUIAYRGCSUGVPK-MHZLTWQESA-N"
"OPRD","HSFBFNDPFKSIJK-JDXGNMNLSA-N"
"OPRK","HSFBFNDPFKSIJK-JDXGNMNLSA-N"
"OPRM","HSFBFNDPFKSIJK-JDXGNMNLSA-N"
"CNR2","WWZQRXFHANDODH-RHHFQONYSA-N"
"CNR1","WWZQRXFHANDODH-RHHFQONYSA-N"
"MSHR","UPVUZHSJQHSUQD-DQRIJPQFSA-N"
"MC5R","UPVUZHSJQHSUQD-DQRIJPQFSA-N"
"ADA1D","QHNXJRSEHMJHRM-UHFFFAOYSA-N"
"5HT2A","QHNXJRSEHMJHRM-UHFFFAOYSA-N"
"DRD2","QHNXJRSEHMJHRM-UHFFFAOYSA-N"
"EDNRA","OUWVSODMIMINEM-UHFFFAOYSA-N"
"LT4R1","ZFDATWDBAKWOKP-UHFFFAOYSA-N"
"NK1R","YOMVEBVDIFROPG-UHFFFAOYSA-N"
"OPRM","AGAQXKAFDAOXKW-FSYRHIKOSA-N"
"GPBAR","NWLPWXWFLGAKIV-UHFFFAOYSA-N"
"DRD3","XNXQFTTXHFQTRX-UHFFFAOYSA-N"
"DRD3","IPQCNTXEUDGNJY-UHFFFAOYSA-N"
"DRD3","LIFHVPXIKLLTMH-UHFFFAOYSA-N"
"DRD3","HIFGIGWFWSVOEK-UHFFFAOYSA-N"
"DRD3","OILMYNCOJBGIHH-UHFFFAOYSA-N"
"DRD3","JAJJLYDIXJELRC-UHFFFAOYSA-N"
"DRD4","XNXQFTTXHFQTRX-UHFFFAOYSA-N"
"DRD4","IPQCNTXEUDGNJY-UHFFFAOYSA-N"
"DRD4","LIFHVPXIKLLTMH-UHFFFAOYSA-N"
"DRD4","HIFGIGWFWSVOEK-UHFFFAOYSA-N"
"DRD4","OILMYNCOJBGIHH-UHFFFAOYSA-N"
"DRD4","JAJJLYDIXJELRC-UHFFFAOYSA-N"
"DRD2","XNXQFTTXHFQTRX-UHFFFAOYSA-N"
"DRD2","IPQCNTXEUDGNJY-UHFFFAOYSA-N"
"DRD2","LIFHVPXIKLLTMH-UHFFFAOYSA-N"
"DRD2","HIFGIGWFWSVOEK-UHFFFAOYSA-N"
"DRD2","OILMYNCOJBGIHH-UHFFFAOYSA-N"
"DRD2","JAJJLYDIXJELRC-UHFFFAOYSA-N"
"MCHR1","REDUAMKOTCJQNS-UHFFFAOYSA-N"
"CNR2","PUOVTWNUSGOYMF-UHFFFAOYSA-N"
"OPRK","IPFGLNZEKYZGIT-GVOMISRNSA-N"
"OPRM","IPFGLNZEKYZGIT-GVOMISRNSA-N"
"5HT2A","KKTKOWJABJYACN-UHFFFAOYSA-N"
"GASR","CWJXTOIDFOBOKQ-MSTNRKCISA-N"
"V2R","RMZLJLMGQDKPQE-RLXPKYQOSA-N"
"OXYR","RMZLJLMGQDKPQE-RLXPKYQOSA-N"
"V1AR","RMZLJLMGQDKPQE-RLXPKYQOSA-N"
"SSR2","NHXLMOGPVYXJNR-WXZPQSMWSA-N"
"SSR2","NHXLMOGPVYXJNR-ATOGVRKGSA-N"
"SSR2","NHXLMOGPVYXJNR-ZPHDWPCDSA-N"
"SSR3","NHXLMOGPVYXJNR-WXZPQSMWSA-N"
"SSR3","NHXLMOGPVYXJNR-ATOGVRKGSA-N"
"SSR3","NHXLMOGPVYXJNR-ZPHDWPCDSA-N"
"SSR4","NHXLMOGPVYXJNR-WXZPQSMWSA-N"
"SSR4","NHXLMOGPVYXJNR-ATOGVRKGSA-N"
"SSR4","NHXLMOGPVYXJNR-ZPHDWPCDSA-N"
"SSR1","NHXLMOGPVYXJNR-WXZPQSMWSA-N"
"SSR1","NHXLMOGPVYXJNR-ATOGVRKGSA-N"
"SSR1","NHXLMOGPVYXJNR-ZPHDWPCDSA-N"
"SSR5","NHXLMOGPVYXJNR-WXZPQSMWSA-N"
"SSR5","NHXLMOGPVYXJNR-ATOGVRKGSA-N"
"SSR5","NHXLMOGPVYXJNR-ZPHDWPCDSA-N"
"OPRM","NHXLMOGPVYXJNR-ATOGVRKGSA-N"
"MC5R","COQOIHHAVMFYQY-QFPOXBEPSA-N"
"GRPR","WPAOEAXJLCSDBY-LVMHIBDPSA-N"
"NMBR","WPAOEAXJLCSDBY-LVMHIBDPSA-N"
"V1AR","HXKFHHNEFCZKPG-VEKZNEBUSA-N"
"NK2R","HXKFHHNEFCZKPG-VEKZNEBUSA-N"
"C5AR1","HXKFHHNEFCZKPG-VEKZNEBUSA-N"
"MC5R","VSEDHYYTUINXNF-YGTIJORTSA-N"
"NK1R","KNNCZVVJJSCZNH-WPIMGRBNSA-N"
"NK1R","KNNCZVVJJSCZNH-KOLUZXRDSA-N"
"OPRD","KNNCZVVJJSCZNH-WPIMGRBNSA-N"
"OPRD","KNNCZVVJJSCZNH-KOLUZXRDSA-N"
"OPRM","KNNCZVVJJSCZNH-WPIMGRBNSA-N"
"OPRM","KNNCZVVJJSCZNH-KOLUZXRDSA-N"
"OPRK","NPCXBKMCSQEOHX-MMEIRKFDSA-N"
"HRH3","MJRWQKDJTQKTMJ-UHFFFAOYSA-N"
"HRH4","MJRWQKDJTQKTMJ-UHFFFAOYSA-N"
"AA1R","GFSSAAYYIYDECC-UHFFFAOYSA-N"
"AA2AR","GFSSAAYYIYDECC-UHFFFAOYSA-N"
"5HT1A","ZYUVIRYBRCERLS-UHFFFAOYSA-N"
"5HT7R","ZYUVIRYBRCERLS-UHFFFAOYSA-N"
"5HT6R","ZYUVIRYBRCERLS-UHFFFAOYSA-N"
"DRD2","ZYUVIRYBRCERLS-UHFFFAOYSA-N"
"5HT1A","XKHPZYLJQATCTJ-UHFFFAOYSA-N"
"5HT2A","XKHPZYLJQATCTJ-UHFFFAOYSA-N"
"DRD2","XKHPZYLJQATCTJ-UHFFFAOYSA-N"
"5HT1A","WWVWWIXBKONYMX-UHFFFAOYSA-N"
"5HT1A","MGSKAXDKJKXHKT-UHFFFAOYSA-N"
"5HT7R","WWVWWIXBKONYMX-UHFFFAOYSA-N"
"5HT7R","MGSKAXDKJKXHKT-UHFFFAOYSA-N"
"5HT2A","WWVWWIXBKONYMX-UHFFFAOYSA-N"
"5HT2A","MGSKAXDKJKXHKT-UHFFFAOYSA-N"
"5HT6R","WWVWWIXBKONYMX-UHFFFAOYSA-N"
"5HT6R","MGSKAXDKJKXHKT-UHFFFAOYSA-N"
"DRD2","WWVWWIXBKONYMX-UHFFFAOYSA-N"
"DRD2","MGSKAXDKJKXHKT-UHFFFAOYSA-N"
"HRH2","SGQYOPBUMICDBU-UHFFFAOYSA-N"
"FFAR1","PSCSPRXNTYPGSP-IHKRANBOSA-N"
"CNR2","PHBINUYTXKBMBY-UHFFFAOYSA-N"
"OPRD","OOOQPXIKDXSCRA-BVWCKYCNSA-N"
"5HT1A","LGHHLNJMNKPPHU-UHFFFAOYSA-N"
"5HT1A","WAOPEABKCJQXOA-UHFFFAOYSA-N"
"5HT2A","LGHHLNJMNKPPHU-UHFFFAOYSA-N"
"5HT2A","WAOPEABKCJQXOA-UHFFFAOYSA-N"
"5HT2C","LGHHLNJMNKPPHU-UHFFFAOYSA-N"
"DRD3","LGHHLNJMNKPPHU-UHFFFAOYSA-N"
"DRD2","LGHHLNJMNKPPHU-UHFFFAOYSA-N"
"DRD2","WAOPEABKCJQXOA-UHFFFAOYSA-N"
"5HT1A","YIIWKHZEONNJTQ-UHFFFAOYSA-N"
"5HT2B","YIIWKHZEONNJTQ-UHFFFAOYSA-N"
"5HT7R","YIIWKHZEONNJTQ-UHFFFAOYSA-N"
"DRD3","YIIWKHZEONNJTQ-UHFFFAOYSA-N"
"DRD4","YIIWKHZEONNJTQ-UHFFFAOYSA-N"
"DRD2","YIIWKHZEONNJTQ-UHFFFAOYSA-N"
"5HT1A","UPKRQORUWZHUIP-UHFFFAOYSA-N"
"5HT2B","UPKRQORUWZHUIP-UHFFFAOYSA-N"
"DRD3","UPKRQORUWZHUIP-UHFFFAOYSA-N"
"OPRD","MNTOUKHSDQFMMF-XSDIEEQYSA-N"
"OPRM","MNTOUKHSDQFMMF-XSDIEEQYSA-N"
"NPFF2","KWCCRLUVBBXLLW-UHFFFAOYSA-N"
"NPFF1","KWCCRLUVBBXLLW-UHFFFAOYSA-N"
"OPRD","UAOWACOVBZWCJS-KQIHHXPCSA-N"
"OPRM","UAOWACOVBZWCJS-KQIHHXPCSA-N"
"EDNRB","GJPICJJJRGTNOD-UHFFFAOYSA-N"
"EDNRA","GJPICJJJRGTNOD-UHFFFAOYSA-N"
"OX1R","RGMSPAFXQHLMAA-SJLPKXTDSA-N"
"OX2R","RGMSPAFXQHLMAA-SJLPKXTDSA-N"
"OX1R","PCMHOSYCWRRHTG-UHFFFAOYSA-N"
"OX2R","PCMHOSYCWRRHTG-UHFFFAOYSA-N"
"ADA1B","OATAFOSOEAZGEK-UHFFFAOYSA-N"
"5HT1A","OATAFOSOEAZGEK-UHFFFAOYSA-N"
"DRD4","OATAFOSOEAZGEK-UHFFFAOYSA-N"
"ADA1B","STBLFBLDGSWOEM-UHFFFAOYSA-N"
"5HT1A","STBLFBLDGSWOEM-UHFFFAOYSA-N"
"5HT2A","STBLFBLDGSWOEM-UHFFFAOYSA-N"
"DRD2","STBLFBLDGSWOEM-UHFFFAOYSA-N"
"ADA1B","HIFJFKUAMBPYFD-UHFFFAOYSA-N"
"5HT1A","HIFJFKUAMBPYFD-UHFFFAOYSA-N"
"5HT2A","HIFJFKUAMBPYFD-UHFFFAOYSA-N"
"DRD4","HIFJFKUAMBPYFD-UHFFFAOYSA-N"
"DRD2","HIFJFKUAMBPYFD-UHFFFAOYSA-N"
"5HT1A","BLFPEKXTSDYQOQ-UHFFFAOYSA-N"
"DRD2","BLFPEKXTSDYQOQ-UHFFFAOYSA-N"
"NK1R","MJOXRJQZLVVZCL-DZGOFYRVSA-N"
"OPRD","MJOXRJQZLVVZCL-DZGOFYRVSA-N"
"OPRM","MJOXRJQZLVVZCL-DZGOFYRVSA-N"
"ACM2","XQLXDIIVOCDWBZ-UHFFFAOYSA-N"
"ACM4","XQLXDIIVOCDWBZ-UHFFFAOYSA-N"
"ACM3","XQLXDIIVOCDWBZ-UHFFFAOYSA-N"
"OX1R","WRPGNWQVJUWOTB-FDDCHVKYSA-N"
"OX2R","WRPGNWQVJUWOTB-FDDCHVKYSA-N"
"CCL2","UGBQKYVMRZGCSO-OVQDZVAUSA-N"
"5HT1A","ASNREPVWGRJPSG-HUUCEWRRSA-N"
"DRD3","ASNREPVWGRJPSG-HUUCEWRRSA-N"
"DRD2","ASNREPVWGRJPSG-HUUCEWRRSA-N"
"GHSR","UHUCZYJVWVZKAH-SANMLTNESA-N"
"5HT1A","QAUBCKFEHFKFGG-UHFFFAOYSA-N"
"5HT1A","GCZVENXNJHQNJN-UHFFFAOYSA-N"
"5HT7R","QAUBCKFEHFKFGG-UHFFFAOYSA-N"
"5HT7R","GCZVENXNJHQNJN-UHFFFAOYSA-N"
"5HT2A","GCZVENXNJHQNJN-UHFFFAOYSA-N"
"NTR2","LWULHXVBLMWCHO-UHFFFAOYSA-N"
"NTR1","LWULHXVBLMWCHO-UHFFFAOYSA-N"
"5HT1A","SWEOAXMICIJCQC-UHFFFAOYSA-N"
"5HT7R","SWEOAXMICIJCQC-UHFFFAOYSA-N"
"CCR5","UFZMURFKAOEOKB-PMERELPUSA-N"
"CCR4","UFZMURFKAOEOKB-PMERELPUSA-N"
"HRH3","NEPGOHXZJPYLLQ-UHFFFAOYSA-N"
"NPY5R","NQZMAKCSKQBECK-GEFWAURFSA-N"
"NPY1R","NQZMAKCSKQBECK-GEFWAURFSA-N"
"NPY5R","AMGVRRIOIXRWBL-YOGANYHLSA-N"
"NPY4R","AMGVRRIOIXRWBL-YOGANYHLSA-N"
"NPY1R","AMGVRRIOIXRWBL-YOGANYHLSA-N"
"NPY4R","HWIYZQDAFNEMLJ-DSKWLTCVSA-N"
"NPY2R","HWIYZQDAFNEMLJ-DSKWLTCVSA-N"
"NPY4R","ZCPWOSPECIMESU-UKLKETJRSA-N"
"NPY1R","ZCPWOSPECIMESU-UKLKETJRSA-N"
"NPY4R","YLYCSRLIHWNYMU-NQIIEAPRSA-N"
"NPY1R","YLYCSRLIHWNYMU-NQIIEAPRSA-N"
"NPY2R","YLYCSRLIHWNYMU-NQIIEAPRSA-N"
"HRH3","YNOBKYPMVPHMCV-OAQYLSRUSA-N"
"OPRM","NAZIESBCQZVJBQ-JOCHJYFZSA-N"
"OPRK","YELZMCGXJMUQHM-SCGPDRHWSA-N"
"OPRM","YELZMCGXJMUQHM-SCGPDRHWSA-N"
"ACM1","OIYSCQVQNFKYTO-PKQPGRETSA-N"
"CNR1","IIXUBHOQXODODU-FZCBKRAZSA-N"
"GPR39","XZMDNRBQKUIHKB-VQTJNVASSA-N"
"OPRX","GFPQCZLWUPCRME-JOCHJYFZSA-N"
"ACM1","GKWMWOXKMZWVQU-NBYYMMLRSA-N"
"OX1R","VDWKDBPHAPPUBO-UHFFFAOYSA-N"
"OX2R","VDWKDBPHAPPUBO-UHFFFAOYSA-N"
"5HT2B","VDWKDBPHAPPUBO-UHFFFAOYSA-N"
"NPY5R","WLJMFIHMNNWSTN-LQFWIBAVSA-N"
"NPY1R","WLJMFIHMNNWSTN-LQFWIBAVSA-N"
"NPY2R","WLJMFIHMNNWSTN-LQFWIBAVSA-N"
"P2RY1","JISHNSQUIKUQAF-UHFFFAOYSA-N"
"AGTR1","QQDQFMDOSNUTKL-UHFFFAOYSA-N"
"BRS3","KAGBRIRYKHBMAE-HXUWFJFHSA-N"
"CNR2","CPGYXRHSZAOFEZ-UHFFFAOYSA-N"
"CNR1","CPGYXRHSZAOFEZ-UHFFFAOYSA-N"
"5HT1A","XBFCRQWMGGWLSH-UHFFFAOYSA-N"
"5HT1A","ZOEBHIRPMYPPES-UHFFFAOYSA-N"
"5HT2A","XBFCRQWMGGWLSH-UHFFFAOYSA-N"
"5HT2A","ZOEBHIRPMYPPES-UHFFFAOYSA-N"
"DRD3","ZOEBHIRPMYPPES-UHFFFAOYSA-N"
"DRD2","XBFCRQWMGGWLSH-UHFFFAOYSA-N"
"DRD2","ZOEBHIRPMYPPES-UHFFFAOYSA-N"
"5HT1A","YEEDSVHMRKFNKS-WLHGVMLRSA-N"
"5HT7R","YEEDSVHMRKFNKS-WLHGVMLRSA-N"
"S1PR3","JTLDWYUGGKDBBF-UHFFFAOYSA-N"
"S1PR1","JTLDWYUGGKDBBF-UHFFFAOYSA-N"
"5HT2A","CPTSTFKVXWZGEV-UHFFFAOYSA-N"
"5HT2A","KFMBPIZMZUDONQ-UHFFFAOYSA-N"
"DRD3","CPTSTFKVXWZGEV-UHFFFAOYSA-N"
"DRD3","KFMBPIZMZUDONQ-UHFFFAOYSA-N"
"DRD3","YIUMSISCOUIOHZ-UHFFFAOYSA-N"
"DRD3","PKBFRDZADXJQRC-UHFFFAOYSA-N"
"DRD4","CPTSTFKVXWZGEV-UHFFFAOYSA-N"
"DRD4","KFMBPIZMZUDONQ-UHFFFAOYSA-N"
"DRD4","YIUMSISCOUIOHZ-UHFFFAOYSA-N"
"DRD4","PKBFRDZADXJQRC-UHFFFAOYSA-N"
"DRD2","CPTSTFKVXWZGEV-UHFFFAOYSA-N"
"DRD2","KFMBPIZMZUDONQ-UHFFFAOYSA-N"
"DRD2","YIUMSISCOUIOHZ-UHFFFAOYSA-N"
"DRD2","PKBFRDZADXJQRC-UHFFFAOYSA-N"
"APJ","KQAXOWLELWLFHX-SVYNBKJKSA-N"
"5HT2A","CZQHHVNHHHRRDU-UHFFFAOYSA-N"
"5HT2C","CZQHHVNHHHRRDU-UHFFFAOYSA-N"
"CCR5","BAVVASQPMQMZER-XJSRWQIGSA-N"
"OPRM","BAVVASQPMQMZER-XJSRWQIGSA-N"
"5HT1A","RXIUGRLQOGTTNP-UHFFFAOYSA-N"
"5HT2A","RXIUGRLQOGTTNP-UHFFFAOYSA-N"
"5HT2C","RXIUGRLQOGTTNP-UHFFFAOYSA-N"
"5HT6R","RXIUGRLQOGTTNP-UHFFFAOYSA-N"
"DRD1","RXIUGRLQOGTTNP-UHFFFAOYSA-N"
"DRD2","RXIUGRLQOGTTNP-UHFFFAOYSA-N"
"HRH3","HVPUGUKUEQHDMX-UHFFFAOYSA-N"
"GPR18","XJBQRMOGMULGPP-PDGQHHTCSA-N"
"HRH3","CWVSGHVVKAFRPJ-UHFFFAOYSA-N"
"ADA1A","FINYFOYZAZLCFE-FPOVZHCZSA-N"
"ADA1B","FINYFOYZAZLCFE-FPOVZHCZSA-N"
"ADA1B","ZJYUQATUAGWNGI-FPOVZHCZSA-N"
"5HT1A","ZJYUQATUAGWNGI-FPOVZHCZSA-N"
"5HT2A","FINYFOYZAZLCFE-FPOVZHCZSA-N"
"5HT2A","ZJYUQATUAGWNGI-FPOVZHCZSA-N"
"5HT2C","FINYFOYZAZLCFE-FPOVZHCZSA-N"
"5HT2C","ZJYUQATUAGWNGI-FPOVZHCZSA-N"
"DRD2","FINYFOYZAZLCFE-FPOVZHCZSA-N"
"DRD2","ZJYUQATUAGWNGI-FPOVZHCZSA-N"
"5HT2A","RSNYLBGZLKEOAP-UGKGYDQZSA-N"
"DRD2","RSNYLBGZLKEOAP-UGKGYDQZSA-N"
"5HT2A","ZVZSSCYKMISSIN-UNMCSNQZSA-N"
"5HT2C","ZVZSSCYKMISSIN-UNMCSNQZSA-N"
"DRD2","ZVZSSCYKMISSIN-UNMCSNQZSA-N"
"5HT1A","WICBFQOIMPMYDE-UHFFFAOYSA-N"
"5HT7R","WICBFQOIMPMYDE-UHFFFAOYSA-N"
"5HT6R","WICBFQOIMPMYDE-UHFFFAOYSA-N"
"AA1R","FHXGXMGJPBFGAL-UHFFFAOYSA-N"
"5HT1A","IJROQVYQUCVUHW-LJAQVGFWSA-N"
"5HT7R","IJROQVYQUCVUHW-LJAQVGFWSA-N"
"5HT2A","IJROQVYQUCVUHW-LJAQVGFWSA-N"
"5HT6R","IJROQVYQUCVUHW-LJAQVGFWSA-N"
"5HT2B","CNJLQPMEVJPMIO-UHFFFAOYSA-N"
"5HT2A","CNJLQPMEVJPMIO-UHFFFAOYSA-N"
"5HT6R","CNJLQPMEVJPMIO-UHFFFAOYSA-N"
"CNR1","WQCVKQKJPUHDNW-UHFFFAOYSA-N"
"5HT2C","UUEYPWRMXQMGBA-UHFFFAOYSA-N"
"5HT1A","PLVZHOWVQHWPON-UHFFFAOYSA-N"
"5HT1A","PVAHGORZNPASFQ-UHFFFAOYSA-N"
"5HT2A","PLVZHOWVQHWPON-UHFFFAOYSA-N"
"5HT2A","PVAHGORZNPASFQ-UHFFFAOYSA-N"
"5HT2C","PLVZHOWVQHWPON-UHFFFAOYSA-N"
"5HT2C","PVAHGORZNPASFQ-UHFFFAOYSA-N"
"5HT6R","PLVZHOWVQHWPON-UHFFFAOYSA-N"
"5HT6R","PVAHGORZNPASFQ-UHFFFAOYSA-N"
"DRD3","PVAHGORZNPASFQ-UHFFFAOYSA-N"
"OPRD","NZCUONOJSJVNOY-KTLUODIZSA-N"
"OPRD","CSCPMNWYKRKRHS-XOSCKEEYSA-N"
"OPRK","GVBLCFZJLSNDQD-JGSIVOCFSA-N"
"OPRK","NZCUONOJSJVNOY-KTLUODIZSA-N"
"OPRK","CSCPMNWYKRKRHS-XOSCKEEYSA-N"
"OPRM","NZCUONOJSJVNOY-KTLUODIZSA-N"
"OPRM","CSCPMNWYKRKRHS-XOSCKEEYSA-N"
"OPRM","GVBLCFZJLSNDQD-JGSIVOCFSA-N"
"OPRX","GVBLCFZJLSNDQD-JGSIVOCFSA-N"
"OPRX","NZCUONOJSJVNOY-KTLUODIZSA-N"
"OPRX","CSCPMNWYKRKRHS-XOSCKEEYSA-N"
"OPRD","ZVZIAWYLQBHCMQ-HETHIKCESA-N"
"OPRK","ZVZIAWYLQBHCMQ-HETHIKCESA-N"
"OPRX","ZVZIAWYLQBHCMQ-HETHIKCESA-N"
"P2RY1","SGRORDSPRIKCOQ-UHFFFAOYSA-N"
"DRD3","KIRKSXHWZHQUBF-DIBLIPFTSA-N"
"5HT2C","SETKOGLMFMLVIR-UHFFFAOYSA-N"
"5HT6R","SETKOGLMFMLVIR-UHFFFAOYSA-N"
"MC4R","IRYMLYQXVLFVAF-NUMJAJDCSA-N"
"MC4R","YWGVRYQGDWGUEQ-NUMJAJDCSA-N"
"MC3R","IRYMLYQXVLFVAF-NUMJAJDCSA-N"
"MC3R","YWGVRYQGDWGUEQ-NUMJAJDCSA-N"
"MSHR","IRYMLYQXVLFVAF-NUMJAJDCSA-N"
"MSHR","YWGVRYQGDWGUEQ-NUMJAJDCSA-N"
"MC5R","IRYMLYQXVLFVAF-NUMJAJDCSA-N"
"MC5R","YWGVRYQGDWGUEQ-NUMJAJDCSA-N"
"5HT2A","JERZBICCWPTZQV-UHFFFAOYSA-N"
"5HT2A","TXMVXDBYJCUQJD-UHFFFAOYSA-N"
"5HT2A","VMDJSIGZJOXSGC-PCLIKHOPSA-N"
"5HT2A","VPYCAVXBANQPPA-UHFFFAOYSA-N"
"5HT2A","BRJGIZVBTXYEBD-UHFFFAOYSA-N"
"5HT2A","HXHZPLKJASKRCI-UHFFFAOYSA-N"
"5HT2A","DWMNREQVNSYYID-WGOQTCKBSA-N"
"DRD3","JERZBICCWPTZQV-UHFFFAOYSA-N"
"DRD3","TXMVXDBYJCUQJD-UHFFFAOYSA-N"
"DRD3","VMDJSIGZJOXSGC-PCLIKHOPSA-N"
"DRD3","VPYCAVXBANQPPA-UHFFFAOYSA-N"
"DRD3","BRJGIZVBTXYEBD-UHFFFAOYSA-N"
"DRD3","HXHZPLKJASKRCI-UHFFFAOYSA-N"
"DRD3","DWMNREQVNSYYID-WGOQTCKBSA-N"
"DRD1","JERZBICCWPTZQV-UHFFFAOYSA-N"
"DRD1","VMDJSIGZJOXSGC-PCLIKHOPSA-N"
"DRD1","VPYCAVXBANQPPA-UHFFFAOYSA-N"
"DRD1","BRJGIZVBTXYEBD-UHFFFAOYSA-N"
"DRD1","HXHZPLKJASKRCI-UHFFFAOYSA-N"
"DRD1","DWMNREQVNSYYID-WGOQTCKBSA-N"
"DRD2","JERZBICCWPTZQV-UHFFFAOYSA-N"
"DRD2","TXMVXDBYJCUQJD-UHFFFAOYSA-N"
"DRD2","VMDJSIGZJOXSGC-PCLIKHOPSA-N"
"DRD2","VPYCAVXBANQPPA-UHFFFAOYSA-N"
"DRD2","BRJGIZVBTXYEBD-UHFFFAOYSA-N"
"DRD2","HXHZPLKJASKRCI-UHFFFAOYSA-N"
"DRD2","DWMNREQVNSYYID-WGOQTCKBSA-N"
"DRD4","BPHVHUHFXREQBY-UHFFFAOYSA-N"
"5HT7R","JJLIADRRWNTBBL-UHFFFAOYSA-N"
"5HT7R","OIEGDDBPBCGRNO-UHFFFAOYSA-N"
"5HT2A","JJLIADRRWNTBBL-UHFFFAOYSA-N"
"5HT2A","OIEGDDBPBCGRNO-UHFFFAOYSA-N"
"DRD2","JJLIADRRWNTBBL-UHFFFAOYSA-N"
"DRD2","OIEGDDBPBCGRNO-UHFFFAOYSA-N"
"5HT7R","CJGUBEHBJWODAS-UHFFFAOYSA-N"
"5HT2A","CJGUBEHBJWODAS-UHFFFAOYSA-N"
"GPBAR","MXKPEBZFAPYPGB-UHFFFAOYSA-N"
"PD2R2","NRODNZXKUBOHON-UHFFFAOYSA-N"
"ACM2","WSOKVSHVRBRJHB-UHFFFAOYSA-N"
"ACM3","WSOKVSHVRBRJHB-UHFFFAOYSA-N"
"ACM1","WSOKVSHVRBRJHB-UHFFFAOYSA-N"
"OPRD","PAVYSOUZQLFNIW-SBHAEUEKSA-N"
"OPRK","PAVYSOUZQLFNIW-SBHAEUEKSA-N"
"MTR1A","MPGOCIONUJWYAH-UHFFFAOYSA-N"
"QRFPR","BSGIKRCNMBTGEB-UHFFFAOYSA-N"
"DRD1","JJMBGYMAWGZMGZ-UHFFFAOYSA-N"
"DRD5","JJMBGYMAWGZMGZ-UHFFFAOYSA-N"
"OX1R","LZTSTMNHWRCGAK-HDICACEKSA-N"
"OX2R","LZTSTMNHWRCGAK-HDICACEKSA-N"
"GHSR","XEOOLDLJXYEALJ-UHFFFAOYSA-N"
"GPBAR","PRBFZBLETRVXON-UHFFFAOYSA-N"
"DRD3","MGDSRFOVDPARJD-UHFFFAOYSA-N"
"DRD2","MGDSRFOVDPARJD-UHFFFAOYSA-N"
"SSR3","UHWQSESKOKODEV-AYWVHJORSA-N"
"ACM2","YPFQADFBYRSGKK-HGVDYVRTSA-L"
"ACM5","YPFQADFBYRSGKK-HGVDYVRTSA-L"
"ACM2","VCZGDSFNEDWIAL-APPDCXGPSA-L"
"ACM5","VCZGDSFNEDWIAL-APPDCXGPSA-L"
"ACM2","JMUFSSHYXINKCS-JKXKHPSBSA-L"
"ACM5","JMUFSSHYXINKCS-JKXKHPSBSA-L"
"ACM2","WXPPKUFPMLKLIE-SGMQLFCJSA-L"
"ACM5","WXPPKUFPMLKLIE-SGMQLFCJSA-L"
"P2Y12","FARXMEHYYWMCCY-UHFFFAOYSA-N"
"5HT1B","JUVUVFRLXMQWRG-UHFFFAOYSA-N"
"5HT1A","JUVUVFRLXMQWRG-UHFFFAOYSA-N"
"5HT1D","JUVUVFRLXMQWRG-UHFFFAOYSA-N"
"5HT7R","JUVUVFRLXMQWRG-UHFFFAOYSA-N"
"5HT2A","JUVUVFRLXMQWRG-UHFFFAOYSA-N"
"5HT2C","JUVUVFRLXMQWRG-UHFFFAOYSA-N"
"CNR2","QUHFDYOROMTIMX-UHFFFAOYSA-N"
"CNR2","GVLXLJVMLUUFMS-LBDPGJCZSA-N"
"CNR1","GVLXLJVMLUUFMS-LBDPGJCZSA-N"
"CNR2","ZURDALMMKPPUIY-UHFFFAOYSA-N"
"CNR1","ZURDALMMKPPUIY-UHFFFAOYSA-N"
"TA2R","MADNEJGLKFDCFU-UHFFFAOYSA-N"
"DRD1","FPGUOUPJSRGOEB-UHFFFAOYSA-N"
"5HT2A","ZBXDOQWPGBISAR-UHFFFAOYSA-N"
"5HT2C","ZBXDOQWPGBISAR-UHFFFAOYSA-N"
"CNR2","SPIVMZAFVVMBMD-UHFFFAOYSA-N"
"GPR39","ZQADOUAKKPQHRM-WGSAOQKQSA-N"
"GPR39","KPJUBLKWFCKCGT-WGSAOQKQSA-N"
"GPR39","INMKYWPKBFAKSH-UHFFFAOYSA-N"
"ADA1A","OKPOTQGIJMVOCK-UHFFFAOYSA-N"
"ADA1A","LRLMUKKGKWCSTQ-UHFFFAOYSA-N"
"ADA1A","BHUCMEWUSAGOPR-UHFFFAOYSA-N"
"ADA1A","BVRXELLJAMJMOD-UHFFFAOYSA-N"
"ADA1A","YGIDWKQNKMDZJW-UHFFFAOYSA-N"
"ADA1A","POAIEWIIIXKJRN-UHFFFAOYSA-N"
"ADA1A","QCESWGLBLOFLSN-UHFFFAOYSA-N"
"ADA1A","KTBIQCRMHWZGGG-UHFFFAOYSA-N"
"ADA1A","VQLNHQYXLDPOCF-UHFFFAOYSA-N"
"ADA1A","LVRQFEKCQMNAQB-UHFFFAOYSA-N"
"ADA1B","OKPOTQGIJMVOCK-UHFFFAOYSA-N"
"ADA1B","LRLMUKKGKWCSTQ-UHFFFAOYSA-N"
"ADA1B","BHUCMEWUSAGOPR-UHFFFAOYSA-N"
"ADA1B","BVRXELLJAMJMOD-UHFFFAOYSA-N"
"ADA1B","YGIDWKQNKMDZJW-UHFFFAOYSA-N"
"ADA1B","POAIEWIIIXKJRN-UHFFFAOYSA-N"
"ADA1B","QCESWGLBLOFLSN-UHFFFAOYSA-N"
"ADA1B","KTBIQCRMHWZGGG-UHFFFAOYSA-N"
"ADA1B","VQLNHQYXLDPOCF-UHFFFAOYSA-N"
"ADA1B","LVRQFEKCQMNAQB-UHFFFAOYSA-N"
"ADA1D","OKPOTQGIJMVOCK-UHFFFAOYSA-N"
"ADA1D","LRLMUKKGKWCSTQ-UHFFFAOYSA-N"
"ADA1D","BHUCMEWUSAGOPR-UHFFFAOYSA-N"
"ADA1D","BVRXELLJAMJMOD-UHFFFAOYSA-N"
"ADA1D","YGIDWKQNKMDZJW-UHFFFAOYSA-N"
"ADA1D","POAIEWIIIXKJRN-UHFFFAOYSA-N"
"ADA1D","QCESWGLBLOFLSN-UHFFFAOYSA-N"
"ADA1D","KTBIQCRMHWZGGG-UHFFFAOYSA-N"
"ADA1D","VQLNHQYXLDPOCF-UHFFFAOYSA-N"
"ADA1D","LVRQFEKCQMNAQB-UHFFFAOYSA-N"
"5HT1A","OKPOTQGIJMVOCK-UHFFFAOYSA-N"
"5HT1A","LRLMUKKGKWCSTQ-UHFFFAOYSA-N"
"5HT1A","BHUCMEWUSAGOPR-UHFFFAOYSA-N"
"5HT1A","BVRXELLJAMJMOD-UHFFFAOYSA-N"
"5HT1A","YGIDWKQNKMDZJW-UHFFFAOYSA-N"
"5HT1A","POAIEWIIIXKJRN-UHFFFAOYSA-N"
"5HT1A","QCESWGLBLOFLSN-UHFFFAOYSA-N"
"5HT1A","KTBIQCRMHWZGGG-UHFFFAOYSA-N"
"5HT1A","VQLNHQYXLDPOCF-UHFFFAOYSA-N"
"5HT1A","LVRQFEKCQMNAQB-UHFFFAOYSA-N"
"CLTR2","CCNFJZLJCWVIGY-UHFFFAOYSA-N"
"CLTR1","CCNFJZLJCWVIGY-UHFFFAOYSA-N"
"HRH1","YKSKLZDPBLSMIO-UHFFFAOYSA-N"
"5HT2B","VZIRLMPZNVYXDY-UHFFFAOYSA-N"
"5HT7R","VZIRLMPZNVYXDY-UHFFFAOYSA-N"
"5HT2C","VZIRLMPZNVYXDY-UHFFFAOYSA-N"
"5HT2B","NATACNZSBHMGRV-UHFFFAOYSA-N"
"5HT7R","NATACNZSBHMGRV-UHFFFAOYSA-N"
"5HT1A","BXKNYHFWOFQBGA-KRWDZBQOSA-N"
"5HT1A","ALDCLQHVTZPMQV-SFHVURJKSA-N"
"DRD1","BXKNYHFWOFQBGA-KRWDZBQOSA-N"
"DRD1","ALDCLQHVTZPMQV-SFHVURJKSA-N"
"DRD2","BXKNYHFWOFQBGA-KRWDZBQOSA-N"
"DRD2","ALDCLQHVTZPMQV-SFHVURJKSA-N"
"5HT1A","MRYWDVLOYWQXCU-KRWDZBQOSA-N"
"DRD3","IRECDGNNIQNOJK-KRWDZBQOSA-N"
"DRD1","MRYWDVLOYWQXCU-KRWDZBQOSA-N"
"DRD1","IRECDGNNIQNOJK-KRWDZBQOSA-N"
"DRD2","MRYWDVLOYWQXCU-KRWDZBQOSA-N"
"DRD2","IRECDGNNIQNOJK-KRWDZBQOSA-N"
"DRD2","ZOSDMAHANBIICB-UHFFFAOYSA-N"
"FFAR2","MPMKMQHJHDHPBE-RUZDIDTESA-N"
"5HT1A","XZONNCQQDNOYMJ-UHFFFAOYSA-N"
"5HT1A","JGDAHRAXXNLDGS-UHFFFAOYSA-N"
"DRD3","XZONNCQQDNOYMJ-UHFFFAOYSA-N"
"DRD3","JGDAHRAXXNLDGS-UHFFFAOYSA-N"
"DRD4","XZONNCQQDNOYMJ-UHFFFAOYSA-N"
"DRD4","JGDAHRAXXNLDGS-UHFFFAOYSA-N"
"DRD2","XZONNCQQDNOYMJ-UHFFFAOYSA-N"
"DRD2","JGDAHRAXXNLDGS-UHFFFAOYSA-N"
"5HT1A","IXQUACGJMOXDCP-UHFFFAOYSA-N"
"DRD3","IXQUACGJMOXDCP-UHFFFAOYSA-N"
"DRD4","IXQUACGJMOXDCP-UHFFFAOYSA-N"
"DRD2","IXQUACGJMOXDCP-UHFFFAOYSA-N"
"5HT1A","KYEDFGNSKLCWNR-UHFFFAOYSA-N"
"DRD3","KYEDFGNSKLCWNR-UHFFFAOYSA-N"
"DRD4","KYEDFGNSKLCWNR-UHFFFAOYSA-N"
"DRD2","KYEDFGNSKLCWNR-UHFFFAOYSA-N"
"5HT1A","FDCHXWBYCLDODW-UHFFFAOYSA-N"
"DRD3","FDCHXWBYCLDODW-UHFFFAOYSA-N"
"DRD4","FDCHXWBYCLDODW-UHFFFAOYSA-N"
"DRD2","FDCHXWBYCLDODW-UHFFFAOYSA-N"
"5HT1A","FQRXUQIAZYDCID-UHFFFAOYSA-N"
"DRD3","FQRXUQIAZYDCID-UHFFFAOYSA-N"
"DRD4","FQRXUQIAZYDCID-UHFFFAOYSA-N"
"DRD2","FQRXUQIAZYDCID-UHFFFAOYSA-N"
"5HT1A","XDFFHOCWALNYAJ-UHFFFAOYSA-N"
"DRD3","XDFFHOCWALNYAJ-UHFFFAOYSA-N"
"DRD4","XDFFHOCWALNYAJ-UHFFFAOYSA-N"
"DRD2","XDFFHOCWALNYAJ-UHFFFAOYSA-N"
"V2R","DUCUNDNFCKYUKE-ASIWTYMMSA-N"
"V2R","KPLJKIPJEXXIEN-OTQBRQNKSA-N"
"V2R","BWNAYWOWQSTEQG-ASIWTYMMSA-N"
"V2R","ODZVPODXYBIPRY-SFKWGLIHSA-N"
"V2R","GWVWQDNOLXCQAG-LZNUSVCISA-N"
"OXYR","DUCUNDNFCKYUKE-ASIWTYMMSA-N"
"OXYR","KPLJKIPJEXXIEN-OTQBRQNKSA-N"
"OXYR","PYJRSYQAUCRCNH-YKEMCRMISA-N"
"OXYR","BWNAYWOWQSTEQG-ASIWTYMMSA-N"
"OXYR","ODZVPODXYBIPRY-SFKWGLIHSA-N"
"OXYR","GWVWQDNOLXCQAG-LZNUSVCISA-N"
"V1BR","DUCUNDNFCKYUKE-ASIWTYMMSA-N"
"V1BR","KPLJKIPJEXXIEN-OTQBRQNKSA-N"
"V1BR","PYJRSYQAUCRCNH-YKEMCRMISA-N"
"V1BR","BWNAYWOWQSTEQG-ASIWTYMMSA-N"
"V1BR","ODZVPODXYBIPRY-SFKWGLIHSA-N"
"V1BR","GWVWQDNOLXCQAG-LZNUSVCISA-N"
"V1AR","DUCUNDNFCKYUKE-ASIWTYMMSA-N"
"V1AR","PYJRSYQAUCRCNH-YKEMCRMISA-N"
"V1AR","BWNAYWOWQSTEQG-ASIWTYMMSA-N"
"V1AR","GWVWQDNOLXCQAG-LZNUSVCISA-N"
"5HT1B","OIGIUWIAMJSRBS-UHFFFAOYSA-N"
"5HT1D","OIGIUWIAMJSRBS-UHFFFAOYSA-N"
"CCR3","QTAMIHYZGWVETD-UHFFFAOYSA-N"
"CCR3","WCDMZYLZUNFULY-UHFFFAOYSA-N"
"5HT2A","YPKNRVSBLNMPFJ-UHFFFAOYSA-N"
"5HT2C","YPKNRVSBLNMPFJ-UHFFFAOYSA-N"
"DRD3","YPKNRVSBLNMPFJ-UHFFFAOYSA-N"
"5HT1A","GTISUCALIQQFFX-DEOSSOPVSA-N"
"5HT1A","GTISUCALIQQFFX-XMMPIXPASA-N"
"5HT2A","GTISUCALIQQFFX-DEOSSOPVSA-N"
"5HT2A","GTISUCALIQQFFX-XMMPIXPASA-N"
"5HT2C","GTISUCALIQQFFX-DEOSSOPVSA-N"
"5HT2C","GTISUCALIQQFFX-XMMPIXPASA-N"
"DRD3","GTISUCALIQQFFX-DEOSSOPVSA-N"
"DRD3","GTISUCALIQQFFX-XMMPIXPASA-N"
"HRH1","OURPZJJZFFKVJH-UHFFFAOYSA-N"
"5HT1A","OURPZJJZFFKVJH-UHFFFAOYSA-N"
"5HT2A","OURPZJJZFFKVJH-UHFFFAOYSA-N"
"DRD3","OURPZJJZFFKVJH-UHFFFAOYSA-N"
"S1PR5","MVGWUTBTXDYMND-QGZVFWFLSA-N"
"S1PR1","MVGWUTBTXDYMND-QGZVFWFLSA-N"
"S1PR4","MVGWUTBTXDYMND-QGZVFWFLSA-N"
"5HT7R","XFSRNEHJWUOLTP-UHFFFAOYSA-N"
"5HT7R","JXBBTIRIOXBXLF-UHFFFAOYSA-N"
"5HT2A","XFSRNEHJWUOLTP-UHFFFAOYSA-N"
"5HT2A","JXBBTIRIOXBXLF-UHFFFAOYSA-N"
"DRD2","XFSRNEHJWUOLTP-UHFFFAOYSA-N"
"DRD2","JXBBTIRIOXBXLF-UHFFFAOYSA-N"
"NPFF2","BFVQVYYFEVEAPP-UHFFFAOYSA-N"
"NPFF1","BFVQVYYFEVEAPP-UHFFFAOYSA-N"
"OPRK","BFVQVYYFEVEAPP-UHFFFAOYSA-N"
"CCKAR","ODNHKHPVBCLBAE-BBACVFHCSA-N"
"GASR","ODNHKHPVBCLBAE-BBACVFHCSA-N"
"5HT1A","RJRFRDSDIKJJQA-UHFFFAOYSA-N"
"PI2R","MPAUYRIIPDYWER-UHFFFAOYSA-N"
"PI2R","WTFHMLBXIKRNAC-UHFFFAOYSA-N"
"PD2R","MPAUYRIIPDYWER-UHFFFAOYSA-N"
"PI2R","CZDDMWZOGMIGCL-UHFFFAOYSA-N"
"PD2R","CZDDMWZOGMIGCL-UHFFFAOYSA-N"
"GPR88","LZUIELTTXOOADX-RFNYNIMXSA-N"
"GPR88","JVMVFEBSVMTHQQ-LWZKNFMGSA-N"
"ADA2B","WGHJKYWWSVIRLL-JYFHCDHNSA-N"
"ADA1A","WGHJKYWWSVIRLL-JYFHCDHNSA-N"
"ADA2A","WGHJKYWWSVIRLL-JYFHCDHNSA-N"
"OPRM","WGHJKYWWSVIRLL-JYFHCDHNSA-N"
"S1PR1","GSLSUMOITGVQKT-UHFFFAOYSA-N"
"GPR88","FTJGKCRCBGQPIG-ACRUOGEOSA-N"
"OPRD","WWUPAOQRBLVDHW-DSPMFFIESA-N"
"OPRM","WWUPAOQRBLVDHW-DSPMFFIESA-N"
"5HT6R","DKDBPNNUSSEBFR-UHFFFAOYSA-N"
"DRD2","DKDBPNNUSSEBFR-UHFFFAOYSA-N"
"OPRD","DXGQBZMYRUPLTA-RWZLTNLOSA-N"
"OPRM","DXGQBZMYRUPLTA-RWZLTNLOSA-N"
"HCAR2","DFDGRKNOFOJBAJ-UHFFFAOYSA-N"
"HCAR3","DFDGRKNOFOJBAJ-UHFFFAOYSA-N"
"5HT1A","QXWNESOGWFJDFR-PBHICJAKSA-N"
"C5AR1","CYLQZMDPLMYAJE-WUXWQJPASA-N"
"C3AR","CYLQZMDPLMYAJE-WUXWQJPASA-N"
"V1AR","FLMPFQAMYYSHQA-NRFANRHFSA-N"
"SSR4","GSKQCADKMBMWTN-ZSHCYNCHSA-N"
"SSR1","GSKQCADKMBMWTN-ZSHCYNCHSA-N"
"NK2R","ZSIQAOCNFRWDNJ-OAHLLOKOSA-N"
"NK3R","ZSIQAOCNFRWDNJ-OAHLLOKOSA-N"
"5HT1A","YJXDJZLDWYWBPH-UHFFFAOYSA-N"
"5HT7R","YJXDJZLDWYWBPH-UHFFFAOYSA-N"
"DRD2","YJXDJZLDWYWBPH-UHFFFAOYSA-N"
"5HT1A","QAJBLBPQVIYECG-UHFFFAOYSA-N"
"5HT1A","WIULHOMYYIYQKY-UHFFFAOYSA-N"
"5HT7R","QAJBLBPQVIYECG-UHFFFAOYSA-N"
"5HT7R","WIULHOMYYIYQKY-UHFFFAOYSA-N"
"5HT6R","QAJBLBPQVIYECG-UHFFFAOYSA-N"
"5HT6R","WIULHOMYYIYQKY-UHFFFAOYSA-N"
"DRD2","QAJBLBPQVIYECG-UHFFFAOYSA-N"
"DRD2","WIULHOMYYIYQKY-UHFFFAOYSA-N"
"5HT1A","SMRDWSOUDWTDBN-UHFFFAOYSA-N"
"5HT7R","SMRDWSOUDWTDBN-UHFFFAOYSA-N"
"5HT6R","SMRDWSOUDWTDBN-UHFFFAOYSA-N"
"DRD2","SMRDWSOUDWTDBN-UHFFFAOYSA-N"
"5HT1A","VBTKDYSXDUNEIG-UHFFFAOYSA-N"
"5HT1A","QWTRQKKHBPRIJR-UHFFFAOYSA-N"
"5HT7R","VBTKDYSXDUNEIG-UHFFFAOYSA-N"
"5HT7R","QWTRQKKHBPRIJR-UHFFFAOYSA-N"
"5HT6R","VBTKDYSXDUNEIG-UHFFFAOYSA-N"
"DRD2","VBTKDYSXDUNEIG-UHFFFAOYSA-N"
"DRD2","QWTRQKKHBPRIJR-UHFFFAOYSA-N"
"5HT1A","FKLGTWAUQNLMPV-UHFFFAOYSA-N"
"5HT7R","FKLGTWAUQNLMPV-UHFFFAOYSA-N"
"DRD2","FKLGTWAUQNLMPV-UHFFFAOYSA-N"
"NMUR2","TZCCKCLHNUSAMQ-DUGSHLAESA-N"
"5HT1D","UDLSEQDYARNKTL-QHCPKHFHSA-N"
"NK2R","JEZKKPXWSVQUPH-NBGIEHNGSA-N"
"NK1R","JEZKKPXWSVQUPH-NBGIEHNGSA-N"
"NK3R","JEZKKPXWSVQUPH-NBGIEHNGSA-N"
"UR2R","DUNUPTQBHCOSBR-WNJJXGMVSA-N"
"ACM4","NUJWKQSEJDYCDB-GNRVTEMESA-N"
"ACM1","NUJWKQSEJDYCDB-GNRVTEMESA-N"
"CCR5","NUJWKQSEJDYCDB-GNRVTEMESA-N"
"CCR2","NUJWKQSEJDYCDB-GNRVTEMESA-N"
"MC4R","GECURXWEFHHWFQ-LVXPXGLXSA-N"
"MC3R","GECURXWEFHHWFQ-LVXPXGLXSA-N"
"MC4R","VOZOJZLWKUURJE-DYRRNQNHSA-N"
"MC3R","VOZOJZLWKUURJE-DYRRNQNHSA-N"
"MSHR","VOZOJZLWKUURJE-DYRRNQNHSA-N"
"MC4R","ABDZRUUUDYEBLY-UZKRJQGBSA-N"
"MC4R","LSXYNCPPYBOAHI-DYRRNQNHSA-N"
"MSHR","LSXYNCPPYBOAHI-DYRRNQNHSA-N"
"GHSR","QIXJWOHDYOZJQE-JKEDSJIGSA-N"
"NPY2R","QIXJWOHDYOZJQE-JKEDSJIGSA-N"
"GHSR","CIWUKKQOWZYTKU-YUQUQSSBSA-N"
"NPY2R","CIWUKKQOWZYTKU-YUQUQSSBSA-N"
"GHSR","NAITVKNZDVDBSV-DFJVIGTOSA-N"
"NPY2R","NAITVKNZDVDBSV-DFJVIGTOSA-N"
"GHSR","KDBNIHDNBCRMOL-CAPRCHIVSA-N"
"NPY2R","KDBNIHDNBCRMOL-CAPRCHIVSA-N"
"5HT2A","CLZKGXPLDDUCQZ-RNFRBKRXSA-N"
"5HT2C","CLZKGXPLDDUCQZ-RNFRBKRXSA-N"
"PE2R2","ZDGQNGQVIWRYRA-UHFFFAOYSA-N"
"PE2R2","WESWWOOIRSVBJZ-UHFFFAOYSA-N"
"OX1R","SQOCEMCKYDVLMM-IYBDPMFKSA-N"
"OX2R","SQOCEMCKYDVLMM-IYBDPMFKSA-N"
"OX2R","NYDBXNHNMPHNGA-IYBDPMFKSA-N"
"PE2R2","WOHRHWDYFNWPNG-UHFFFAOYSA-N"
"FPR2","RWNPDBWKKCTTOI-WIQNKZILSA-N"
"5HT1A","KRUWNGHFXJBYSG-UHFFFAOYSA-N"
"5HT1A","RRYFTJVIXONIOF-UHFFFAOYSA-N"
"5HT2A","KRUWNGHFXJBYSG-UHFFFAOYSA-N"
"5HT2A","RRYFTJVIXONIOF-UHFFFAOYSA-N"
"5HT2C","KRUWNGHFXJBYSG-UHFFFAOYSA-N"
"5HT2C","RRYFTJVIXONIOF-UHFFFAOYSA-N"
"DRD3","KRUWNGHFXJBYSG-UHFFFAOYSA-N"
"DRD3","RRYFTJVIXONIOF-UHFFFAOYSA-N"
"DRD2","KRUWNGHFXJBYSG-UHFFFAOYSA-N"
"DRD2","RRYFTJVIXONIOF-UHFFFAOYSA-N"
"5HT1A","AENWLGXTORARIE-UHFFFAOYSA-N"
"5HT1A","FKBRVKLQNBDXPE-UHFFFAOYSA-N"
"5HT2A","AENWLGXTORARIE-UHFFFAOYSA-N"
"5HT2A","FKBRVKLQNBDXPE-UHFFFAOYSA-N"
"5HT2C","AENWLGXTORARIE-UHFFFAOYSA-N"
"DRD3","AENWLGXTORARIE-UHFFFAOYSA-N"
"DRD3","FKBRVKLQNBDXPE-UHFFFAOYSA-N"
"DRD2","AENWLGXTORARIE-UHFFFAOYSA-N"
"DRD2","FKBRVKLQNBDXPE-UHFFFAOYSA-N"
"5HT1A","KCCOADNQWWNYBT-UHFFFAOYSA-N"
"5HT1A","QGKLLEYCXJRYRS-UHFFFAOYSA-N"
"5HT1A","HFQUPGBANBTKLO-UHFFFAOYSA-N"
"5HT7R","KCCOADNQWWNYBT-UHFFFAOYSA-N"
"5HT7R","QGKLLEYCXJRYRS-UHFFFAOYSA-N"
"5HT7R","HFQUPGBANBTKLO-UHFFFAOYSA-N"
"5HT2A","KCCOADNQWWNYBT-UHFFFAOYSA-N"
"5HT2A","QGKLLEYCXJRYRS-UHFFFAOYSA-N"
"5HT2A","HFQUPGBANBTKLO-UHFFFAOYSA-N"
"DRD2","KCCOADNQWWNYBT-UHFFFAOYSA-N"
"DRD2","QGKLLEYCXJRYRS-UHFFFAOYSA-N"
"DRD2","HFQUPGBANBTKLO-UHFFFAOYSA-N"
"5HT1A","QKAAUECANFAGOP-UHFFFAOYSA-N"
"5HT1A","BUVAGKGIBHOSMY-UHFFFAOYSA-N"
"5HT1A","KGSZZVYNXYDZEW-UHFFFAOYSA-N"
"5HT1A","NDHNYYRLBSTZNM-UHFFFAOYSA-N"
"5HT7R","QKAAUECANFAGOP-UHFFFAOYSA-N"
"5HT7R","BUVAGKGIBHOSMY-UHFFFAOYSA-N"
"5HT7R","KGSZZVYNXYDZEW-UHFFFAOYSA-N"
"5HT7R","NDHNYYRLBSTZNM-UHFFFAOYSA-N"
"5HT2A","QKAAUECANFAGOP-UHFFFAOYSA-N"
"5HT2A","BUVAGKGIBHOSMY-UHFFFAOYSA-N"
"5HT2A","KGSZZVYNXYDZEW-UHFFFAOYSA-N"
"5HT2A","NDHNYYRLBSTZNM-UHFFFAOYSA-N"
"DRD2","QKAAUECANFAGOP-UHFFFAOYSA-N"
"DRD2","BUVAGKGIBHOSMY-UHFFFAOYSA-N"
"DRD2","NDHNYYRLBSTZNM-UHFFFAOYSA-N"
"5HT1A","ZXIDZCILUGSHNX-UHFFFAOYSA-N"
"5HT1A","QJGIKEDKMVPCFV-UHFFFAOYSA-N"
"5HT7R","ZXIDZCILUGSHNX-UHFFFAOYSA-N"
"5HT7R","QJGIKEDKMVPCFV-UHFFFAOYSA-N"
"5HT2A","ZXIDZCILUGSHNX-UHFFFAOYSA-N"
"5HT2A","QJGIKEDKMVPCFV-UHFFFAOYSA-N"
"DRD2","ZXIDZCILUGSHNX-UHFFFAOYSA-N"
"CNR2","RZOAZQNSTCQCDY-HMMYKYKNSA-N"
"5HT1A","HMSJPIAQQVBQMP-UHFFFAOYSA-N"
"5HT1A","GKIYCLAZFANGKD-UHFFFAOYSA-N"
"5HT1A","QNOVJSGRCXZVAL-UHFFFAOYSA-N"
"5HT1A","GRMXPWKSNKSJGL-UHFFFAOYSA-N"
"5HT1A","GZJLFOYGSNAXDK-UHFFFAOYSA-N"
"AA2AR","VHWVPUSSAQURNZ-OAHLLOKOSA-N"
"CLTR2","ANIDECMVXLMTSQ-SDNWHVSQSA-N"
"CLTR1","ANIDECMVXLMTSQ-SDNWHVSQSA-N"
"CLTR2","YNAKCKVBIRBVSO-UHFFFAOYSA-N"
"CLTR1","YNAKCKVBIRBVSO-UHFFFAOYSA-N"
"5HT1A","PVDOYAVBGNHRBV-UHFFFAOYSA-N"
"5HT2A","PVDOYAVBGNHRBV-UHFFFAOYSA-N"
"5HT2C","PVDOYAVBGNHRBV-UHFFFAOYSA-N"
"DRD3","PVDOYAVBGNHRBV-UHFFFAOYSA-N"
"DRD2","PVDOYAVBGNHRBV-UHFFFAOYSA-N"
"GP119","RRZKJFUOXRQZDN-SHTZXODSSA-N"
"ACM1","MABBTFRQYAXJAE-UHFFFAOYSA-N"
"MCHR1","MABBTFRQYAXJAE-UHFFFAOYSA-N"
"MC3R","CHPABUPLIAAUIT-GYZURFONSA-N"
"MSHR","CHPABUPLIAAUIT-GYZURFONSA-N"
"MC5R","CHPABUPLIAAUIT-GYZURFONSA-N"
"MC3R","WCVJJQCPIDBNFM-HEKKFFGGSA-N"
"MSHR","WCVJJQCPIDBNFM-HEKKFFGGSA-N"
"MC5R","WCVJJQCPIDBNFM-HEKKFFGGSA-N"
"MC3R","LGJDLKCHZMGHIM-QROJCATNSA-N"
"ACM1","JNOSYXLLGUQJNO-UHFFFAOYSA-N"
"MCHR1","JNOSYXLLGUQJNO-UHFFFAOYSA-N"
"ACM1","BEWRGASHJMEIJG-GIJQJNRQSA-N"
"5HT2A","BEWRGASHJMEIJG-GIJQJNRQSA-N"
"MCHR1","BEWRGASHJMEIJG-GIJQJNRQSA-N"
"ACM1","MHPRRIFCBPETQG-UHFFFAOYSA-N"
"5HT2A","MHPRRIFCBPETQG-UHFFFAOYSA-N"
"MCHR1","MHPRRIFCBPETQG-UHFFFAOYSA-N"
"ACM1","PNEQLTWPDVHRRF-UHFFFAOYSA-N"
"5HT2A","PNEQLTWPDVHRRF-UHFFFAOYSA-N"
"MCHR1","PNEQLTWPDVHRRF-UHFFFAOYSA-N"
"ACM1","ODSPZLQLPQOLJR-UHFFFAOYSA-N"
"5HT2A","ODSPZLQLPQOLJR-UHFFFAOYSA-N"
"MCHR1","ODSPZLQLPQOLJR-UHFFFAOYSA-N"
"5HT2A","KURYMMXNUSXWIX-HSZRJFAPSA-N"
"MCHR1","KURYMMXNUSXWIX-HSZRJFAPSA-N"
"EDNRA","VYCMAAOURFJIHD-XPICPDFBSA-N"
"SSR3","JUPSXCNVLALBFD-UHFFFAOYSA-N"
"ACM1","RWMUXUULPPWNFE-UNMCSNQZSA-N"
"ADA1A","IVAFCEYIMKCAJY-UHFFFAOYSA-N"
"ADA1B","IVAFCEYIMKCAJY-UHFFFAOYSA-N"
"ADA1D","IVAFCEYIMKCAJY-UHFFFAOYSA-N"
"DRD3","BNPZQIJALSSGBJ-MRUATQDUSA-N"
"DRD2","BNPZQIJALSSGBJ-MRUATQDUSA-N"
"DRD3","GTIPANYRNCQASG-ARHHNASGSA-N"
"DRD2","GTIPANYRNCQASG-ARHHNASGSA-N"
"DRD3","ZBYQPTKAJYPXPW-VBZSYHMBSA-N"
"DRD2","ZBYQPTKAJYPXPW-VBZSYHMBSA-N"
"AA3R","DVEWTVCBLKZYMV-NEWQXWLQSA-N"
"OPRD","CXRSLAPJNNXWPN-RWIWYQPJSA-N"
"OPRK","CXRSLAPJNNXWPN-RWIWYQPJSA-N"
"ACM2","CBFLRMQXLNKWDG-XUQUBCKISA-N"
"ACM4","CBFLRMQXLNKWDG-XUQUBCKISA-N"
"ACM1","CBFLRMQXLNKWDG-XUQUBCKISA-N"
"5HT1F","LVHCUDPPWWXJGA-UHFFFAOYSA-N"
"S1PR2","FMWIFZSAKGQXPC-UHFFFAOYSA-N"
"LPAR1","SZZZOPPCCGSYDP-HSZRJFAPSA-N"
"NTR2","KCJQSOXJEGOSQZ-GCNYMACQSA-N"
"NTR1","KCJQSOXJEGOSQZ-GCNYMACQSA-N"
"CXCR4","JJZSEBXEANIJCP-PKTZIBPZSA-N"
"SSR2","DAMXHAMKVXERLM-BBANNHEPSA-N"
"5HT2B","OOOKPENMJKOYJM-UHFFFAOYSA-N"
"5HT1A","SZAARPVLKHDSNR-UHFFFAOYSA-N"
"5HT1A","LKVJROOIPKZVDQ-UHFFFAOYSA-N"
"5HT7R","LKVJROOIPKZVDQ-UHFFFAOYSA-N"
"5HT2A","SZAARPVLKHDSNR-UHFFFAOYSA-N"
"5HT2A","LKVJROOIPKZVDQ-UHFFFAOYSA-N"
"5HT2C","LKVJROOIPKZVDQ-UHFFFAOYSA-N"
"DRD2","SZAARPVLKHDSNR-UHFFFAOYSA-N"
"DRD2","LKVJROOIPKZVDQ-UHFFFAOYSA-N"
"5HT1A","TVMSDNWCQAGRCR-UHFFFAOYSA-N"
"5HT1A","DRXDGURYDDKZLG-UHFFFAOYSA-N"
"5HT7R","DRXDGURYDDKZLG-UHFFFAOYSA-N"
"5HT2A","TVMSDNWCQAGRCR-UHFFFAOYSA-N"
"5HT2A","DRXDGURYDDKZLG-UHFFFAOYSA-N"
"DRD2","TVMSDNWCQAGRCR-UHFFFAOYSA-N"
"DRD2","DRXDGURYDDKZLG-UHFFFAOYSA-N"
"OPRK","RCMRBPMJEBCLQL-GOJVXQPUSA-N"
"AGTR1","BKKFWGXZFDAGEO-UHFFFAOYSA-N"
"DRD2","CKAFITNCAHORFQ-IYARVYRRSA-N"
"V2R","HMIDMWUTPHTDKB-WRLGQHNVSA-N"
"V2R","DJUWRCYKBXNLDA-SJMOYVGOSA-N"
"V2R","WEXUTKCJQHLWGY-PBHNCVLYSA-N"
"V2R","SAROBYGIPHQGGW-WRLGQHNVSA-N"
"V2R","JOBPTSBRHGMVFL-SJMOYVGOSA-N"
"V2R","OBPIZQPOWAKUBG-STSAMRHRSA-N"
"V2R","ZHUJORNLGMGOIX-NIFJBHDKSA-N"
"V2R","MHBREDPLUPHLHN-NIFJBHDKSA-N"
"V2R","XHDZGDMJNNYGDX-SJMOYVGOSA-N"
"OXYR","HMIDMWUTPHTDKB-WRLGQHNVSA-N"
"OXYR","DJUWRCYKBXNLDA-SJMOYVGOSA-N"
"OXYR","WEXUTKCJQHLWGY-PBHNCVLYSA-N"
"OXYR","SAROBYGIPHQGGW-WRLGQHNVSA-N"
"OXYR","JOBPTSBRHGMVFL-SJMOYVGOSA-N"
"OXYR","OBPIZQPOWAKUBG-STSAMRHRSA-N"
"OXYR","ZHUJORNLGMGOIX-NIFJBHDKSA-N"
"OXYR","MHBREDPLUPHLHN-NIFJBHDKSA-N"
"OXYR","XHDZGDMJNNYGDX-SJMOYVGOSA-N"
"V1BR","HMIDMWUTPHTDKB-WRLGQHNVSA-N"
"V1BR","DJUWRCYKBXNLDA-SJMOYVGOSA-N"
"V1BR","WEXUTKCJQHLWGY-PBHNCVLYSA-N"
"V1BR","SAROBYGIPHQGGW-WRLGQHNVSA-N"
"V1BR","JOBPTSBRHGMVFL-SJMOYVGOSA-N"
"V1BR","OBPIZQPOWAKUBG-STSAMRHRSA-N"
"V1BR","ZHUJORNLGMGOIX-NIFJBHDKSA-N"
"V1BR","MHBREDPLUPHLHN-NIFJBHDKSA-N"
"V1BR","XHDZGDMJNNYGDX-SJMOYVGOSA-N"
"V1AR","DJUWRCYKBXNLDA-SJMOYVGOSA-N"
"V1AR","JOBPTSBRHGMVFL-SJMOYVGOSA-N"
"V1AR","OBPIZQPOWAKUBG-STSAMRHRSA-N"
"V1AR","MHBREDPLUPHLHN-NIFJBHDKSA-N"
"ACM2","NMIVJPRSJCLQCG-UHFFFAOYSA-N"
"ACM1","NMIVJPRSJCLQCG-UHFFFAOYSA-N"
"NK3R","OTNFBGWJFGXRRO-UFHPHHKVSA-N"
"AGTRB","RNCYHVFWQHXVTC-UHFFFAOYSA-N"
"FFAR1","CHAYQWDKVTTZAL-MHZLTWQESA-N"
"DRD3","LFQZHAKGDXWDRR-ONEGZZNKSA-N"
"DRD4","LFQZHAKGDXWDRR-ONEGZZNKSA-N"
"DRD2","LFQZHAKGDXWDRR-ONEGZZNKSA-N"
"5HT1A","VJSKWISJKOVRKJ-UHFFFAOYSA-N"
"5HT2A","VJSKWISJKOVRKJ-UHFFFAOYSA-N"
"5HT2C","VJSKWISJKOVRKJ-UHFFFAOYSA-N"
"5HT6R","VJSKWISJKOVRKJ-UHFFFAOYSA-N"
"CNR1","XRQATIZLYUTCBC-UHFFFAOYSA-N"
"CNR2","ZUHIXXCLLBMBDW-UHFFFAOYSA-N"
"CNR1","ZUHIXXCLLBMBDW-UHFFFAOYSA-N"
"5HT1A","YNPWPCIYPGTMBV-UHFFFAOYSA-N"
"DRD2","YNPWPCIYPGTMBV-UHFFFAOYSA-N"
"S1PR3","LNLVDRZGNNOZOW-DEOSSOPVSA-N"
"OX1R","AORXOPBYJPVESQ-UHFFFAOYSA-N"
"5HT1A","LVSZWRFDLAUNPF-UHFFFAOYSA-N"
"CCKAR","JRSRZYFBWXHHNX-UODIDJSMSA-N"
"OPRD","GZBURIYLLVULIF-SFTDATJTSA-N"
"OPRD","SWSWMDIANWWRGX-IRXDYDNUSA-N"
"OPRD","FOTIPSDEAZIQOX-GOTSBHOMSA-N"
"OPRK","GZBURIYLLVULIF-SFTDATJTSA-N"
"OPRK","SWSWMDIANWWRGX-IRXDYDNUSA-N"
"OPRK","FOTIPSDEAZIQOX-GOTSBHOMSA-N"
"OPRM","GZBURIYLLVULIF-SFTDATJTSA-N"
"OPRM","SWSWMDIANWWRGX-IRXDYDNUSA-N"
"OPRM","FOTIPSDEAZIQOX-GOTSBHOMSA-N"
"5HT1A","TUTLRKKYUXPDGN-HNNXBMFYSA-N"
"DRD1","TUTLRKKYUXPDGN-HNNXBMFYSA-N"
"DRD2","TUTLRKKYUXPDGN-HNNXBMFYSA-N"
"5HT2A","CFTKIUKLSZSRGT-BVSLBCMMSA-N"
"CNR2","XBWLJRIQVBWALY-UHFFFAOYSA-N"
"CNR2","JDBFNFBWXVCTSA-UHFFFAOYSA-N"
"CNR1","XBWLJRIQVBWALY-UHFFFAOYSA-N"
"CNR1","JDBFNFBWXVCTSA-UHFFFAOYSA-N"
"OX1R","GRZCUNDJSTYPFU-UHFFFAOYSA-N"
"AA3R","ZRJPKYPNWMTVCP-UHFFFAOYSA-N"
"ADA2B","VKJGBAJNNALVAV-UHFFFAOYSA-M"
"ADA2C","VKJGBAJNNALVAV-UHFFFAOYSA-M"
"ACM1","VKJGBAJNNALVAV-UHFFFAOYSA-M"
"ACM2","AOXRBFRFYPMWLR-XGXHKTLJSA-N"
"ACM2","FRPQVLGDJMCCIJ-UHFFFAOYSA-N"
"ACM1","FRPQVLGDJMCCIJ-UHFFFAOYSA-N"
"5HT1A","RKZSNTNMEFVBDT-MRVPVSSYSA-N"
"5HT1A","XTWUNLMHXDDOMD-SNVBAGLBSA-N"
"DRD3","XTWUNLMHXDDOMD-SNVBAGLBSA-N"
"DRD2","RKZSNTNMEFVBDT-MRVPVSSYSA-N"
"DRD2","XTWUNLMHXDDOMD-SNVBAGLBSA-N"
"HRH3","IMNMJGPBEDHBCW-UHFFFAOYSA-N"
"NPY5R","YLESIDOZBVSZQT-UHFFFAOYSA-N"
"CCR3","OZIPSESMEGJVGY-UHFFFAOYSA-N"
"HRH3","XYYGFCDTBHAUSN-UHFFFAOYSA-N"
"HRH3","XYYGFCDTBHAUSN-DEOSSOPVSA-N"
"AGTRA","FXAQPYPJFQRSMT-UHFFFAOYSA-N"
"EDNRB","XUMJJSAQQCTKAO-SRYIDKSASA-N"
"UR2R","JMQNCCWMPGDMET-CQSZACIVSA-N"
"CNR2","PIRXZRZNBGBOKB-UHFFFAOYSA-N"
"5HT2A","QHTBVDSIELWDNS-CLKIXKSOSA-N"
"5HT2C","QHTBVDSIELWDNS-CLKIXKSOSA-N"
"PE2R4","WZKIYFGTKZELEI-KRWDZBQOSA-N"
"ADRB3","LYECPEAOXPXURS-UHFFFAOYSA-N"
"AA3R","FOUQIXNUUYCGAU-MOROJQBDSA-N"
"5HT1A","ZKSNRSLGDJZVND-UHFFFAOYSA-N"
"AGTR1","NBDFXMDYBLSGLX-UHFFFAOYSA-N"
"EDNRA","NBDFXMDYBLSGLX-UHFFFAOYSA-N"
"AGTR1","WRFHGDPIDHPWIQ-UHFFFAOYSA-N"
"EDNRA","WRFHGDPIDHPWIQ-UHFFFAOYSA-N"
"OPRD","ONJXNUUVHYKXSO-MHZLTWQESA-N"
"OPRK","ONJXNUUVHYKXSO-MHZLTWQESA-N"
"OPRM","ONJXNUUVHYKXSO-MHZLTWQESA-N"
"OPRD","DEPLIXINVXNOOD-QHCPKHFHSA-N"
"OPRK","DEPLIXINVXNOOD-QHCPKHFHSA-N"
"OPRM","DEPLIXINVXNOOD-QHCPKHFHSA-N"
"OPRM","BUFJQMQIISLUKT-UHFFFAOYSA-N"
"OPRX","BUFJQMQIISLUKT-UHFFFAOYSA-N"
"ADA1D","KQRHCJXCCFJNQW-UHFFFAOYSA-N"
"DRD2","KQRHCJXCCFJNQW-UHFFFAOYSA-N"
"CCR6","ZHOSAEFOHKXJDJ-DEOSSOPVSA-N"
"OPRD","SWYRNUAFQGFXLQ-PQVJJDQFSA-N"
"OPRM","SWYRNUAFQGFXLQ-PQVJJDQFSA-N"
"5HT1B","IEEIKXULGHBDHP-GKVSMKOHSA-N"
"5HT1B","UXFUUSSXWKKNGT-HFJWLAOPSA-N"
"5HT1A","IEEIKXULGHBDHP-GKVSMKOHSA-N"
"5HT1A","IEEIKXULGHBDHP-SSOJOUAXSA-N"
"5HT1D","IEEIKXULGHBDHP-GKVSMKOHSA-N"
"5HT1D","IEEIKXULGHBDHP-SSOJOUAXSA-N"
"5HT1D","UXFUUSSXWKKNGT-HFJWLAOPSA-N"
"DRD2","IEEIKXULGHBDHP-GKVSMKOHSA-N"
"DRD2","IEEIKXULGHBDHP-SSOJOUAXSA-N"
"DRD2","UXFUUSSXWKKNGT-HFJWLAOPSA-N"
"OPRD","YVFIDBHSTMIDIS-UHFFFAOYSA-N"
"OPRM","YVFIDBHSTMIDIS-UHFFFAOYSA-N"
"OPRX","YVFIDBHSTMIDIS-UHFFFAOYSA-N"
"CCR2","AQTIPNCIMOFYSH-SDUSCBPUSA-N"
"CCKAR","UPYRHIUUCMHYRX-MQDBWYGVSA-N"
"GASR","UPYRHIUUCMHYRX-MQDBWYGVSA-N"
"MCHR1","LVJCVDSXJBWGMI-UHFFFAOYSA-N"
"AGTR1","QSBGWDDCOJYQGY-KOQODJNWSA-N"
"OPRD","YGSVZRIZCHZUHB-NZVBXONLSA-N"
"OPRD","ASEDTRKYKLTHTA-BOUXLOLZSA-N"
"OPRD","QQRJMFPSTOYARH-UHFFFAOYSA-N"
"OPRK","YGSVZRIZCHZUHB-NZVBXONLSA-N"
"OPRK","ASEDTRKYKLTHTA-BOUXLOLZSA-N"
"OPRK","QQRJMFPSTOYARH-UHFFFAOYSA-N"
"OPRM","YGSVZRIZCHZUHB-NZVBXONLSA-N"
"OPRM","ASEDTRKYKLTHTA-BOUXLOLZSA-N"
"OPRM","QQRJMFPSTOYARH-UHFFFAOYSA-N"
"BKRB2","DSKXSKYPLRUWNI-QSFUMIHFSA-N"
"BKRB1","DSKXSKYPLRUWNI-QSFUMIHFSA-N"
"S1PR3","VXJMDLOBAFVBJN-UHFFFAOYSA-N"
"S1PR1","VXJMDLOBAFVBJN-UHFFFAOYSA-N"
"HRH3","YXEZVHWJNRFKSI-UHFFFAOYSA-N"
"HRH4","YXEZVHWJNRFKSI-UHFFFAOYSA-N"
"HRH1","YXEZVHWJNRFKSI-UHFFFAOYSA-N"
"AA1R","RBZNJGHIKXAKQE-UHFFFAOYSA-N"
"AA2AR","RBZNJGHIKXAKQE-UHFFFAOYSA-N"
"AA3R","RBZNJGHIKXAKQE-UHFFFAOYSA-N"
"ADA1A","HYROFOKEXWNSCZ-UHFFFAOYSA-N"
"ADA1D","HYROFOKEXWNSCZ-UHFFFAOYSA-N"
"ADA1A","YEVKDYPUKCQOFQ-UHFFFAOYSA-N"
"ADA1D","YEVKDYPUKCQOFQ-UHFFFAOYSA-N"
"ADA1A","ZJEHREFWDSGYHV-UHFFFAOYSA-N"
"ADA1D","ZJEHREFWDSGYHV-UHFFFAOYSA-N"
"ADA1A","DWRUGEVTFWEDAY-UHFFFAOYSA-N"
"ADA1D","DWRUGEVTFWEDAY-UHFFFAOYSA-N"
"5HT1A","UWSBTSAJZMIHBL-HDJSIYSDSA-N"
"5HT2B","UWSBTSAJZMIHBL-HDJSIYSDSA-N"
"5HT2B","GXPHKUHSUJUWKP-UHFFFAOYSA-N"
"5HT1B","AYGLZYIWAZBQDC-UHFFFAOYSA-N"
"5HT1D","AYGLZYIWAZBQDC-UHFFFAOYSA-N"
"DRD2","AYGLZYIWAZBQDC-UHFFFAOYSA-N"
"5HT2A","VGIGHGMPMUCLIQ-UHFFFAOYSA-N"
"DRD4","VGIGHGMPMUCLIQ-UHFFFAOYSA-N"
"DRD3","SKVXOYIMICHFPV-UHFFFAOYSA-N"
"DRD2","SKVXOYIMICHFPV-UHFFFAOYSA-N"
"5HT1B","AFCMDDRJDJOMFB-UHFFFAOYSA-N"
"5HT2A","IZXAGSUHTCPYKG-UHFFFAOYSA-N"
"HRH3","CVFUNUQUAWLUGT-UHFFFAOYSA-N"
"5HT1A","QJBQEWSNFBPJMQ-UHFFFAOYSA-N"
"5HT1A","JJOQQHOWCXQERZ-UHFFFAOYSA-N"
"5HT7R","QJBQEWSNFBPJMQ-UHFFFAOYSA-N"
"5HT6R","QJBQEWSNFBPJMQ-UHFFFAOYSA-N"
"5HT6R","JJOQQHOWCXQERZ-UHFFFAOYSA-N"
"DRD2","QJBQEWSNFBPJMQ-UHFFFAOYSA-N"
"DRD2","JJOQQHOWCXQERZ-UHFFFAOYSA-N"
"5HT2A","QKGDOWUCRMVFPY-UHFFFAOYSA-N"
"NPY5R","ZRNZYLSFKFGAJU-HDJSIYSDSA-N"
"NPFF2","MFCNLNAJVNURNL-UHFFFAOYSA-N"
"NK2R","WZMVQZJKOVPVGZ-MGBGTMOVSA-N"
"NK1R","WZMVQZJKOVPVGZ-MGBGTMOVSA-N"
"ACM2","HGMITUYOCPPQLE-IBGZPJMESA-N"
"ACM3","HGMITUYOCPPQLE-IBGZPJMESA-N"
"ACM1","HGMITUYOCPPQLE-IBGZPJMESA-N"
"5HT1A","WWABSSMRPUCUEJ-UHFFFAOYSA-N"
"5HT2A","WWABSSMRPUCUEJ-UHFFFAOYSA-N"
"DRD3","WWABSSMRPUCUEJ-UHFFFAOYSA-N"
"DRD2","WWABSSMRPUCUEJ-UHFFFAOYSA-N"
"5HT1A","UJKGBCQEPVZELY-UHFFFAOYSA-N"
"5HT2A","XJHVIMRPUTXKEU-UHFFFAOYSA-N"
"5HT2A","UJKGBCQEPVZELY-UHFFFAOYSA-N"
"5HT2A","ZHKSBEBKWSIVCL-UHFFFAOYSA-N"
"5HT2C","XJHVIMRPUTXKEU-UHFFFAOYSA-N"
"5HT2C","UJKGBCQEPVZELY-UHFFFAOYSA-N"
"5HT2C","ZHKSBEBKWSIVCL-UHFFFAOYSA-N"
"5HT6R","XJHVIMRPUTXKEU-UHFFFAOYSA-N"
"5HT6R","UJKGBCQEPVZELY-UHFFFAOYSA-N"
"5HT6R","ZHKSBEBKWSIVCL-UHFFFAOYSA-N"
"DRD3","ZHKSBEBKWSIVCL-UHFFFAOYSA-N"
"ACM2","BKKRKDDJCRFGHJ-UHFFFAOYSA-N"
"OPRD","NPLKRVKGYGQWKN-BBACVFHCSA-N"
"OPRM","NPLKRVKGYGQWKN-BBACVFHCSA-N"
"5HT6R","JJZFWROHYSMCMU-UHFFFAOYSA-N"
"5HT1A","WIUSLLLTFQPYHM-UHFFFAOYSA-N"
"5HT2A","WIUSLLLTFQPYHM-UHFFFAOYSA-N"
"5HT2C","WIUSLLLTFQPYHM-UHFFFAOYSA-N"
"DRD2","WIUSLLLTFQPYHM-UHFFFAOYSA-N"
"5HT1A","JDZYVIOTRKFEGM-UHFFFAOYSA-N"
"5HT2A","JDZYVIOTRKFEGM-UHFFFAOYSA-N"
"5HT2C","JDZYVIOTRKFEGM-UHFFFAOYSA-N"
"DRD2","JDZYVIOTRKFEGM-UHFFFAOYSA-N"
"5HT1A","QBKUPBPJZQRXGW-UHFFFAOYSA-N"
"5HT2A","QBKUPBPJZQRXGW-UHFFFAOYSA-N"
"5HT2C","QBKUPBPJZQRXGW-UHFFFAOYSA-N"
"DRD2","QBKUPBPJZQRXGW-UHFFFAOYSA-N"
"5HT2A","COOVPPBNHHFYDF-UHFFFAOYSA-N"
"5HT2C","COOVPPBNHHFYDF-UHFFFAOYSA-N"
"DRD2","COOVPPBNHHFYDF-UHFFFAOYSA-N"
"AGTRB","ZBDSVSBMZGUVET-UHFFFAOYSA-N"
"5HT1A","LZVZRPUWGPOYBB-UHFFFAOYSA-N"
"5HT2A","LZVZRPUWGPOYBB-UHFFFAOYSA-N"
"5HT2C","LZVZRPUWGPOYBB-UHFFFAOYSA-N"
"DRD2","LZVZRPUWGPOYBB-UHFFFAOYSA-N"
"5HT1A","IVSRQATZVDQHTP-UHFFFAOYSA-N"
"5HT2A","IVSRQATZVDQHTP-UHFFFAOYSA-N"
"5HT2C","IVSRQATZVDQHTP-UHFFFAOYSA-N"
"DRD2","IVSRQATZVDQHTP-UHFFFAOYSA-N"
"5HT1A","KJJPRLXHLHFGRW-UHFFFAOYSA-N"
"5HT2A","KJJPRLXHLHFGRW-UHFFFAOYSA-N"
"5HT2C","KJJPRLXHLHFGRW-UHFFFAOYSA-N"
"DRD2","KJJPRLXHLHFGRW-UHFFFAOYSA-N"
"5HT1A","WOHUDPBPWKPSAX-UHFFFAOYSA-N"
"5HT2A","WOHUDPBPWKPSAX-UHFFFAOYSA-N"
"5HT2C","WOHUDPBPWKPSAX-UHFFFAOYSA-N"
"DRD2","WOHUDPBPWKPSAX-UHFFFAOYSA-N"
"5HT1A","SMKCWLRQAIMCBO-UHFFFAOYSA-N"
"5HT2A","SMKCWLRQAIMCBO-UHFFFAOYSA-N"
"5HT2C","SMKCWLRQAIMCBO-UHFFFAOYSA-N"
"DRD2","SMKCWLRQAIMCBO-UHFFFAOYSA-N"
"5HT1A","NSPAPURIGJZYJN-UHFFFAOYSA-N"
"5HT2A","NSPAPURIGJZYJN-UHFFFAOYSA-N"
"5HT2C","NSPAPURIGJZYJN-UHFFFAOYSA-N"
"DRD2","NSPAPURIGJZYJN-UHFFFAOYSA-N"
"KISSR","CSDUUNOZBMGMHZ-HVRNLMOBSA-N"
"FPR2","JAXBSUHCBCRGPW-NDEPHWFRSA-N"
"FPR1","JAXBSUHCBCRGPW-NDEPHWFRSA-N"
"OPRD","GYCSOBHVCMWJAF-UHFFFAOYSA-N"
"PD2R2","TYLVBPUBYJRUFS-UHFFFAOYSA-N"
"OPRD","YCKPFIZUVGRVLD-UHFFFAOYSA-N"
"OPRD","HKTMYGZLERUFSV-UHFFFAOYSA-N"
"OPRD","GUIZSHZGBWRXCY-UHFFFAOYSA-N"
"OPRD","MCUUCGRZCLOQAB-UHFFFAOYSA-N"
"OPRD","FNPRFEGADGIAKY-UHFFFAOYSA-N"
"OPRD","XZVUWHKJPBDVIT-UHFFFAOYSA-N"
"OPRK","YCKPFIZUVGRVLD-UHFFFAOYSA-N"
"OPRK","HKTMYGZLERUFSV-UHFFFAOYSA-N"
"OPRK","GUIZSHZGBWRXCY-UHFFFAOYSA-N"
"OPRK","MCUUCGRZCLOQAB-UHFFFAOYSA-N"
"OPRK","FNPRFEGADGIAKY-UHFFFAOYSA-N"
"OPRK","XZVUWHKJPBDVIT-UHFFFAOYSA-N"
"OPRM","YCKPFIZUVGRVLD-UHFFFAOYSA-N"
"OPRM","HKTMYGZLERUFSV-UHFFFAOYSA-N"
"OPRM","GUIZSHZGBWRXCY-UHFFFAOYSA-N"
"OPRM","MCUUCGRZCLOQAB-UHFFFAOYSA-N"
"OPRM","FNPRFEGADGIAKY-UHFFFAOYSA-N"
"OPRM","XZVUWHKJPBDVIT-UHFFFAOYSA-N"
"CCR8","IMVIBXUOEUWVME-UHFFFAOYSA-N"
"LT4R1","DKFXKRDXBHWXLH-PKNBQFBNSA-N"
"DRD3","FTSUPYGMFAPCFZ-ZWNOBZJWSA-N"
"DRD4","FTSUPYGMFAPCFZ-ZWNOBZJWSA-N"
"DRD1","FTSUPYGMFAPCFZ-ZWNOBZJWSA-N"
"DRD2","FTSUPYGMFAPCFZ-ZWNOBZJWSA-N"
"AA1R","VIELPDBTJAVHAX-UHFFFAOYSA-N"
"AA2AR","VIELPDBTJAVHAX-UHFFFAOYSA-N"
"5HT1A","PWDPNTLSCDFGSW-UHFFFAOYSA-N"
"5HT2A","PWDPNTLSCDFGSW-UHFFFAOYSA-N"
"DRD3","TUVRDSTTWFDDHW-UHFFFAOYSA-N"
"DRD4","TUVRDSTTWFDDHW-UHFFFAOYSA-N"
"DRD2","TUVRDSTTWFDDHW-UHFFFAOYSA-N"
"PD2R2","ZCNGPVKGHKYTQX-UHFFFAOYSA-N"
"DRD3","JLZIBIQTDGMAFZ-UHFFFAOYSA-N"
"DRD4","JLZIBIQTDGMAFZ-UHFFFAOYSA-N"
"DRD2","JLZIBIQTDGMAFZ-UHFFFAOYSA-N"
"5HT1A","SAUWQAUYYQRKAV-UHFFFAOYSA-N"
"5HT7R","SAUWQAUYYQRKAV-UHFFFAOYSA-N"
"DRD2","SAUWQAUYYQRKAV-UHFFFAOYSA-N"
"ADA1A","IXXRJDPEMQTXTR-UHFFFAOYSA-N"
"ADA1D","IXXRJDPEMQTXTR-UHFFFAOYSA-N"
"ADA1A","PANBMHHKBRMYAL-UHFFFAOYSA-N"
"ADA1B","PANBMHHKBRMYAL-UHFFFAOYSA-N"
"AA2BR","HZXJNCWJQXMVSB-UHFFFAOYSA-N"
"HCAR2","DKRWTSSIUWFPPD-UHFFFAOYSA-N"
"CXCR2","UPSXKIAOQBYGGO-UHFFFAOYSA-N"
"OPRD","OKICQDFBWUMTDE-QXAKKESOSA-N"
"OPRD","JAQUASYNZVUNQP-USXIJHARSA-N"
"OPRK","OKICQDFBWUMTDE-QXAKKESOSA-N"
"OPRK","JAQUASYNZVUNQP-USXIJHARSA-N"
"OPRM","JAQUASYNZVUNQP-USXIJHARSA-N"
"OPRM","OKICQDFBWUMTDE-QXAKKESOSA-N"
"OPRD","SCUDNMPTYPZVCN-RSZDUZASSA-N"
"OPRD","IQXCSYDWAVSEGS-LDLDISLLSA-N"
"OPRD","KBFNUKJAFUQQIV-NRCLYKANSA-N"
"OPRD","QIGHGVUANWJYTQ-BGNWEKIWSA-N"
"OPRK","SCUDNMPTYPZVCN-RSZDUZASSA-N"
"OPRK","IQXCSYDWAVSEGS-LDLDISLLSA-N"
"OPRK","KBFNUKJAFUQQIV-NRCLYKANSA-N"
"OPRK","QIGHGVUANWJYTQ-BGNWEKIWSA-N"
"OPRM","SCUDNMPTYPZVCN-RSZDUZASSA-N"
"OPRM","IQXCSYDWAVSEGS-LDLDISLLSA-N"
"OPRM","KBFNUKJAFUQQIV-NRCLYKANSA-N"
"OPRM","QIGHGVUANWJYTQ-BGNWEKIWSA-N"
"CCKAR","HAQJDPAHYIINDW-YUUWEXFGSA-N"
"GASR","HAQJDPAHYIINDW-YUUWEXFGSA-N"
"P2RY2","IVCDMZNEXSTYPU-MWQQHZPXSA-N"
"P2RY2","ZZVKCNXEXXPUFN-MWQQHZPXSA-N"
"P2RY2","SGLXVPVUSHCSPV-NMFUWQPSSA-N"
"P2RY4","IVCDMZNEXSTYPU-MWQQHZPXSA-N"
"P2RY4","ZZVKCNXEXXPUFN-MWQQHZPXSA-N"
"P2RY4","SGLXVPVUSHCSPV-NMFUWQPSSA-N"
"P2RY6","IVCDMZNEXSTYPU-MWQQHZPXSA-N"
"P2RY6","ZZVKCNXEXXPUFN-MWQQHZPXSA-N"
"P2RY6","SGLXVPVUSHCSPV-NMFUWQPSSA-N"
"HRH4","PQQUQVYOCGJWAX-UHFFFAOYSA-N"
"HRH1","PQQUQVYOCGJWAX-UHFFFAOYSA-N"
"HRH3","SGHHKDMDVKJWOL-QWHCGFSZSA-N"
"HRH4","SGHHKDMDVKJWOL-QWHCGFSZSA-N"
"HRH1","LFSBNTMFCXGIEC-UHFFFAOYSA-N"
"5HT2B","JSWZEAMFRNKZNL-UHFFFAOYSA-N"
"5HT5A","CJPGCACCPJLCFS-UHFFFAOYSA-N"
"5HT2A","VSFLBLRRRAGBMV-UHFFFAOYSA-N"
"DRD2","VSFLBLRRRAGBMV-UHFFFAOYSA-N"
"HRH1","IPQSEKMUUNQIQD-UHFFFAOYSA-N"
"NK1R","IPQSEKMUUNQIQD-UHFFFAOYSA-N"
"CNR2","GBGCKWMSERCOAE-UHFFFAOYSA-N"
"CNR1","GBGCKWMSERCOAE-UHFFFAOYSA-N"
"ADA1D","USCDVFNXTCISHV-UHFFFAOYSA-N"
"HRH1","USCDVFNXTCISHV-UHFFFAOYSA-N"
"5HT2C","USCDVFNXTCISHV-UHFFFAOYSA-N"
"DRD2","USCDVFNXTCISHV-UHFFFAOYSA-N"
"ADA1D","WAWSGWZTHJAPIA-UHFFFAOYSA-N"
"5HT1B","WAWSGWZTHJAPIA-UHFFFAOYSA-N"
"5HT6R","WAWSGWZTHJAPIA-UHFFFAOYSA-N"
"DRD2","WAWSGWZTHJAPIA-UHFFFAOYSA-N"
"ADA1D","DUTDDZFCPPOWFH-UHFFFAOYSA-N"
"5HT2C","DUTDDZFCPPOWFH-UHFFFAOYSA-N"
"DRD2","DUTDDZFCPPOWFH-UHFFFAOYSA-N"
"5HT1B","WFMXGGGKNJIUGJ-UHFFFAOYSA-N"
"5HT1A","MNYODQSAKDAGDY-UHFFFAOYSA-N"
"5HT1A","XYJTURUCNQJUDF-AWEZNQCLSA-N"
"5HT1A","WFMXGGGKNJIUGJ-UHFFFAOYSA-N"
"5HT1A","OERJWHNFTHRHHI-UHFFFAOYSA-N"
"5HT1D","MNYODQSAKDAGDY-UHFFFAOYSA-N"
"5HT1D","XYJTURUCNQJUDF-AWEZNQCLSA-N"
"5HT1D","WFMXGGGKNJIUGJ-UHFFFAOYSA-N"
"5HT1D","OERJWHNFTHRHHI-UHFFFAOYSA-N"
"5HT2A","WFMXGGGKNJIUGJ-UHFFFAOYSA-N"
"5HT6R","MNYODQSAKDAGDY-UHFFFAOYSA-N"
"5HT6R","XYJTURUCNQJUDF-AWEZNQCLSA-N"
"5HT6R","WFMXGGGKNJIUGJ-UHFFFAOYSA-N"
"5HT6R","OERJWHNFTHRHHI-UHFFFAOYSA-N"
"5HT1B","PMKGXTGSQFTEEH-UHFFFAOYSA-N"
"5HT1A","PMKGXTGSQFTEEH-UHFFFAOYSA-N"
"5HT1D","PMKGXTGSQFTEEH-UHFFFAOYSA-N"
"5HT2A","PMKGXTGSQFTEEH-UHFFFAOYSA-N"
"5HT6R","PMKGXTGSQFTEEH-UHFFFAOYSA-N"
"5HT5A","LDIHEPKCCPFSSQ-UHFFFAOYSA-N"
"5HT1B","XOEZEACRWZTMQK-UHFFFAOYSA-N"
"5HT1A","XOEZEACRWZTMQK-UHFFFAOYSA-N"
"5HT1D","XOEZEACRWZTMQK-UHFFFAOYSA-N"
"5HT2A","XOEZEACRWZTMQK-UHFFFAOYSA-N"
"5HT6R","XOEZEACRWZTMQK-UHFFFAOYSA-N"
"5HT1B","HLVPVEOVTOGVAE-UHFFFAOYSA-N"
"5HT1A","HLVPVEOVTOGVAE-UHFFFAOYSA-N"
"5HT1D","HLVPVEOVTOGVAE-UHFFFAOYSA-N"
"5HT6R","HLVPVEOVTOGVAE-UHFFFAOYSA-N"
"ADA1A","BIKZTBMUBLPFDS-UHFFFAOYSA-N"
"OPRD","SHNLAVNKNFYRDC-YKYMNFOOSA-N"
"OPRK","SHNLAVNKNFYRDC-YKYMNFOOSA-N"
"ADA1A","FKPDOXLGSMSHFA-UHFFFAOYSA-N"
"ADA1A","HJMLYMYAWJITOM-UHFFFAOYSA-N"
"ADA1A","NTYDVUXIVLYUEG-UHFFFAOYSA-N"
"ADA1A","WJFLJWNZAPQFEZ-UHFFFAOYSA-N"
"ADA1A","QOHXQKYNPKCPIA-UHFFFAOYSA-N"
"ADA1B","FKPDOXLGSMSHFA-UHFFFAOYSA-N"
"ADA1B","HJMLYMYAWJITOM-UHFFFAOYSA-N"
"ADA1B","NTYDVUXIVLYUEG-UHFFFAOYSA-N"
"ADA1B","WJFLJWNZAPQFEZ-UHFFFAOYSA-N"
"ADA1B","QOHXQKYNPKCPIA-UHFFFAOYSA-N"
"ADA1D","FKPDOXLGSMSHFA-UHFFFAOYSA-N"
"ADA1D","HJMLYMYAWJITOM-UHFFFAOYSA-N"
"ADA1D","NTYDVUXIVLYUEG-UHFFFAOYSA-N"
"ADA1D","WJFLJWNZAPQFEZ-UHFFFAOYSA-N"
"ADA1D","QOHXQKYNPKCPIA-UHFFFAOYSA-N"
"OPRK","VQLPLYSROCPWFF-QZTJIDSGSA-N"
"OPRM","VQLPLYSROCPWFF-QZTJIDSGSA-N"
"V1BR","MGMISNXERNNMPS-VWLOTQADSA-N"
"CNR2","BXMCCNCBNXREJN-UHFFFAOYSA-N"
"NK3R","NILUEKKGBBJGEI-GMIRWQTLSA-N"
"ADA2B","ZZZDJNQQTGBTNX-UHFFFAOYSA-N"
"ADA2A","ZZZDJNQQTGBTNX-UHFFFAOYSA-N"
"5HT2B","GIUZEIJUFOPTMR-UHFFFAOYSA-N"
"5HT2B","ZETBBVYSBABLHL-UHFFFAOYSA-N"
"5HT2A","GIUZEIJUFOPTMR-UHFFFAOYSA-N"
"5HT2A","ZETBBVYSBABLHL-UHFFFAOYSA-N"
"5HT2C","GIUZEIJUFOPTMR-UHFFFAOYSA-N"
"5HT2C","ZETBBVYSBABLHL-UHFFFAOYSA-N"
"5HT6R","ZETBBVYSBABLHL-UHFFFAOYSA-N"
"5HT1A","DJFTUKCLDFIJPC-FQEVSTJZSA-N"
"DRD2","DJFTUKCLDFIJPC-FQEVSTJZSA-N"
"NK2R","BZFUZGJXYGIQSB-ODRDEDCPSA-N"
"NK1R","BZFUZGJXYGIQSB-ODRDEDCPSA-N"
"CNR2","NMLQEDQDZYWDQL-UHFFFAOYSA-N"
"CXCR2","MXDWNZUMSIYAFL-UHFFFAOYSA-N"
"5HT2B","UKHMQGVNMNPFNO-UHFFFAOYSA-N"
"5HT7R","UKHMQGVNMNPFNO-UHFFFAOYSA-N"
"5HT2B","RFNDSJMDWJTKDV-UHFFFAOYSA-N"
"5HT7R","RFNDSJMDWJTKDV-UHFFFAOYSA-N"
"HRH3","CPOUJACQGWJJQB-UHFFFAOYSA-N"
"OPRD","NUVXFIRXXODNLS-GAJHUEQPSA-N"
"OPRD","DLMLWLMTUDAVSC-MHECFPHRSA-N"
"OPRK","DLMLWLMTUDAVSC-MHECFPHRSA-N"
"OPRM","NUVXFIRXXODNLS-GAJHUEQPSA-N"
"OPRM","DLMLWLMTUDAVSC-MHECFPHRSA-N"
"DRD5","NVQDXWHJCOYHFG-UHFFFAOYSA-N"
"DRD4","WVAKMWHEKNXRHK-UHFFFAOYSA-N"
"AA1R","PUPNADBYINJVTB-MGUDNFKCSA-N"
"AA2AR","PUPNADBYINJVTB-MGUDNFKCSA-N"
"AA3R","PUPNADBYINJVTB-MGUDNFKCSA-N"
"CCKAR","CABBMMXFOOZVMS-PMERELPUSA-N"
"GASR","CABBMMXFOOZVMS-PMERELPUSA-N"
"ADA2C","ACQBHJXEAYTHCY-UHFFFAOYSA-N"
"ADA2A","ACQBHJXEAYTHCY-UHFFFAOYSA-N"
"HRH3","ACQBHJXEAYTHCY-UHFFFAOYSA-N"
"HRH4","ACQBHJXEAYTHCY-UHFFFAOYSA-N"
"GASR","CWCIEGCNXSWALH-SPGBVJAPSA-N"
"GASR","BOFPBHQBPYQWNA-BVLKABAFSA-N"
"AGTR2","KLFGDJAOCBEILB-UHFFFAOYSA-N"
"AGTR1","XUXPOYGCLABTCS-UHFFFAOYSA-N"
"OPRD","YPSMIMXFFGKHRC-DJQAJQEISA-N"
"OPRM","YPSMIMXFFGKHRC-DJQAJQEISA-N"
"HRH3","IBPWGZKZWJYGLA-UHFFFAOYSA-N"
"5HT2A","SNUHFSRRAHQKDD-SNVBAGLBSA-N"
"CNR2","WQDDSZLDQAHIIF-ZWKOTPCHSA-N"
"CNR1","WQDDSZLDQAHIIF-ZWKOTPCHSA-N"
"OPRD","VIGCTORXUURCGO-UHFFFAOYSA-N"
"OPRK","VIGCTORXUURCGO-UHFFFAOYSA-N"
"OPRM","VIGCTORXUURCGO-UHFFFAOYSA-N"
"HRH3","GVWSXZBXAUIGEV-UHFFFAOYSA-N"
"CNR1","RPRYTMAQVWICAO-UHFFFAOYSA-N"
"AGTRB","UZCAPRSSSKVUCG-UHFFFAOYSA-N"
"AA1R","OJHDOIIUJLKKAH-UHFFFAOYSA-N"
"AA3R","OJHDOIIUJLKKAH-UHFFFAOYSA-N"
"S1PR1","DVOSINKUZKHANI-HNNXBMFYSA-N"
"HRH3","FWRAMRVPMYVJMR-UHFFFAOYSA-N"
"HRH4","FWRAMRVPMYVJMR-UHFFFAOYSA-N"
"ADA1A","FUCGAUZSWYLMRK-MRXNPFEDSA-N"
"ADA1B","FUCGAUZSWYLMRK-MRXNPFEDSA-N"
"5HT2B","MREMSPSMZSVSJS-UHFFFAOYSA-N"
"5HT2B","RVXJKDQROPYYOF-UHFFFAOYSA-N"
"5HT4R","MREMSPSMZSVSJS-UHFFFAOYSA-N"
"5HT4R","RVXJKDQROPYYOF-UHFFFAOYSA-N"
"DRD3","LRAYIUHUAWSEDX-UHFFFAOYSA-N"
"DRD2","LRAYIUHUAWSEDX-UHFFFAOYSA-N"
"HRH1","GDRRHBZSXZXDLL-UHFFFAOYSA-N"
"CCR3","GDRRHBZSXZXDLL-UHFFFAOYSA-N"
"OPRD","PGZRDDYTKFZSFR-ONTIZHBOSA-N"
"OPRK","PGZRDDYTKFZSFR-ONTIZHBOSA-N"
"OPRM","PGZRDDYTKFZSFR-ONTIZHBOSA-N"
"5HT1B","WJYDVXOBGXFRGI-UHFFFAOYSA-N"
"5HT1A","WJYDVXOBGXFRGI-UHFFFAOYSA-N"
"5HT1D","WJYDVXOBGXFRGI-UHFFFAOYSA-N"
"5HT2A","WJYDVXOBGXFRGI-UHFFFAOYSA-N"
"5HT2C","WJYDVXOBGXFRGI-UHFFFAOYSA-N"
"5HT1B","MVAPUMFWCWCHEL-WLHGVMLRSA-N"
"MC4R","DADQHECQKQBHAW-UHFFFAOYSA-N"
"MC3R","DADQHECQKQBHAW-UHFFFAOYSA-N"
"MC5R","DADQHECQKQBHAW-UHFFFAOYSA-N"
"CNR2","HQTFIXIGVHWIOU-UHFFFAOYSA-N"
"HRH1","HXCDEZDRGXIHKK-UHFFFAOYSA-N"
"DRD2","HXCDEZDRGXIHKK-UHFFFAOYSA-N"
"HRH1","JCYAYKQSZYSTGG-UHFFFAOYSA-N"
"5HT2A","JCYAYKQSZYSTGG-UHFFFAOYSA-N"
"DRD2","JCYAYKQSZYSTGG-UHFFFAOYSA-N"
"HRH1","IVPBWXCQFBOUNC-UHFFFAOYSA-N"
"5HT2A","IVPBWXCQFBOUNC-UHFFFAOYSA-N"
"DRD2","IVPBWXCQFBOUNC-UHFFFAOYSA-N"
"HRH1","ZBVBPDNSLDPENM-UHFFFAOYSA-N"
"5HT2A","ZBVBPDNSLDPENM-UHFFFAOYSA-N"
"DRD2","ZBVBPDNSLDPENM-UHFFFAOYSA-N"
"AA1R","ADQZGIYHFQQPRB-UHFFFAOYSA-N"
"AA2AR","ADQZGIYHFQQPRB-UHFFFAOYSA-N"
"5HT2C","ADQZGIYHFQQPRB-UHFFFAOYSA-N"
"UR2R","UJQQPXLCFKSHRX-AWEZNQCLSA-N"
"CNR2","RQFDHAZJXWQQBK-UHFFFAOYSA-N"
"CNR1","RQFDHAZJXWQQBK-UHFFFAOYSA-N"
"CNR1","KVDFJBGTLGPOEC-UHFFFAOYSA-N"
"EDNRB","XCDYCRJUBJSYLD-UHFFFAOYSA-N"
"EDNRA","XCDYCRJUBJSYLD-UHFFFAOYSA-N"
"DRD3","QHTFQZNDPJWDIE-UHFFFAOYSA-N"
"DRD2","QHTFQZNDPJWDIE-UHFFFAOYSA-N"
"OPRX","QHTFQZNDPJWDIE-UHFFFAOYSA-N"
"DRD3","HWOUIMXZGKRMNK-UHFFFAOYSA-N"
"DRD4","HWOUIMXZGKRMNK-UHFFFAOYSA-N"
"DRD2","HWOUIMXZGKRMNK-UHFFFAOYSA-N"
"OPRX","HWOUIMXZGKRMNK-UHFFFAOYSA-N"
"ACM1","PAJSQNJPMJTKTN-UHFFFAOYSA-N"
"5HT7R","PAJSQNJPMJTKTN-UHFFFAOYSA-N"
"OPRX","PAJSQNJPMJTKTN-UHFFFAOYSA-N"
"5HT1B","HLZHNRNWOPIWCL-UHFFFAOYSA-N"
"5HT1B","BAQFINVRIZNAMC-UHFFFAOYSA-N"
"5HT1B","IDZNHGXBYKUAJJ-UHFFFAOYSA-N"
"5HT1D","BAQFINVRIZNAMC-UHFFFAOYSA-N"
"5HT1D","IDZNHGXBYKUAJJ-UHFFFAOYSA-N"
"5HT2A","BAQFINVRIZNAMC-UHFFFAOYSA-N"
"5HT2A","IDZNHGXBYKUAJJ-UHFFFAOYSA-N"
"5HT1B","XNFJKHWCJLRFLZ-UHFFFAOYSA-N"
"5HT2A","XNFJKHWCJLRFLZ-UHFFFAOYSA-N"
"NPY4R","LUFFKVJCMJDOBT-ZXCMXKESSA-N"
"NPY1R","LUFFKVJCMJDOBT-ZXCMXKESSA-N"
"NPY2R","LUFFKVJCMJDOBT-ZXCMXKESSA-N"
"LPAR3","OMDAYFVWUVKKAV-UHFFFAOYSA-M"
"TAAR1","MMRQXCODLXKYEL-UHFFFAOYSA-N"
"GNRHR","IPEMCIBPDYCJLO-UHFFFAOYSA-N"
"5HT1A","LJRGZVNBEHCGFU-UHFFFAOYSA-N"
"5HT1A","FQMVBOXQWIUSJR-UHFFFAOYSA-N"
"DRD2","LJRGZVNBEHCGFU-UHFFFAOYSA-N"
"DRD2","FQMVBOXQWIUSJR-UHFFFAOYSA-N"
"5HT1A","VWOHRXMXNABMIC-UHFFFAOYSA-N"
"CXCR2","VZRIHFZJVIOJBE-UHFFFAOYSA-N"
"CXCR1","VZRIHFZJVIOJBE-UHFFFAOYSA-N"
"GHSR","LAIGTXBXGMHUKB-LZXFXRMESA-N"
"GALR2","HQXOWAPGIRPHHM-CMDPNKGGSA-N"
"GALR1","HQXOWAPGIRPHHM-CMDPNKGGSA-N"
"HRH1","HXNZZHNYAXGYCA-UHFFFAOYSA-N"
"HRH1","YQXNPUPTPJOJOV-OAHLLOKOSA-N"
"DRD3","HXNZZHNYAXGYCA-UHFFFAOYSA-N"
"AA1R","WFWGQLLRRFDTHC-UHFFFAOYSA-N"
"AA2AR","WFWGQLLRRFDTHC-UHFFFAOYSA-N"
"AA2BR","NVIPLOWTLXCBSA-UHFFFAOYSA-N"
"AA2AR","NVIPLOWTLXCBSA-UHFFFAOYSA-N"
"AA3R","NVIPLOWTLXCBSA-UHFFFAOYSA-N"
"ADA2C","QRJJEGAJXVEBNE-HKOYGPOVSA-N"
"ACM3","QRJJEGAJXVEBNE-HKOYGPOVSA-N"
"AA3R","QRJJEGAJXVEBNE-HKOYGPOVSA-N"
"DRD3","QRJJEGAJXVEBNE-HKOYGPOVSA-N"
"5HT1A","VTMUIAZGURXLKY-UHFFFAOYSA-N"
"PD2R2","MRPKRCZFAGKADW-UHFFFAOYSA-N"
"5HT7R","XCQOYNXZUPVYAF-UHFFFAOYSA-N"
"5HT7R","UGKBAMPEXOAPEC-UHFFFAOYSA-N"
"5HT2A","XCQOYNXZUPVYAF-UHFFFAOYSA-N"
"5HT2A","UGKBAMPEXOAPEC-UHFFFAOYSA-N"
"DRD2","XCQOYNXZUPVYAF-UHFFFAOYSA-N"
"DRD2","UGKBAMPEXOAPEC-UHFFFAOYSA-N"
"NPY2R","GIAIFAPVDGKYBJ-UHFFFAOYSA-N"
"DRD2","UCVKKWQVIIHPLH-CYBMUJFWSA-N"
"OPRD","URMGLCMETFBNDV-UHFFFAOYSA-N"
"MC3R","MWAZOIYNZZSBNG-CNHKDGHKSA-N"
"MC5R","MWAZOIYNZZSBNG-CNHKDGHKSA-N"
"MC4R","UNXFCHHFXJFRRB-VYZFECEFSA-N"
"MC3R","UNXFCHHFXJFRRB-VYZFECEFSA-N"
"MSHR","UNXFCHHFXJFRRB-VYZFECEFSA-N"
"DRD2","YWGNZIZBLUVIEC-GYXLRUHFSA-N"
"KISSR","GRKFAKKVJNTEAI-ITZUCHLESA-N"
"AA2AR","MIJWZALSSVTKAQ-UHFFFAOYSA-N"
"AA2AR","PMGPSJCSRZTJFV-UHFFFAOYSA-N"
"AA1R","QTZKVEDESUEFBV-UHFFFAOYSA-N"
"AA2AR","QTZKVEDESUEFBV-UHFFFAOYSA-N"
"AA1R","KWNNEOHJLFPMKY-UHFFFAOYSA-N"
"AA1R","VMRFIOVYQIWKEF-UHFFFAOYSA-N"
"AA1R","PUYNLRZJFOQWRV-UHFFFAOYSA-N"
"AA1R","SVDLLGYVNRRWDR-UHFFFAOYSA-N"
"AA1R","GXSUORPDPIUXJS-UHFFFAOYSA-N"
"AA1R","PKFRXUCKLQZSPD-UHFFFAOYSA-N"
"AA1R","HYCRJTFZZLBVSV-UHFFFAOYSA-N"
"AA1R","ZLVKAFAJRCAQAS-UHFFFAOYSA-N"
"AA1R","UCHRKGKTCKLHMV-UHFFFAOYSA-N"
"AA1R","OPNAVJJOJBREBM-UHFFFAOYSA-N"
"AA1R","NWAXVCISHHAARQ-UHFFFAOYSA-N"
"AA1R","CSGAYPUTEQNSDK-UHFFFAOYSA-N"
"AA1R","SFQLGHQUUPLEHJ-UHFFFAOYSA-N"
"AA1R","YWJADWXQSSUICH-UHFFFAOYSA-N"
"AA1R","WROAGIKDBNSCJU-UHFFFAOYSA-N"
"AA1R","RXXQRMSOXJMVBN-UHFFFAOYSA-N"
"AA1R","BEIRGCYOTBHQCE-UHFFFAOYSA-N"
"AA1R","ZYQMTELMKXLVHN-UHFFFAOYSA-N"
"AA1R","ZFWFVVFEJZLCTO-UHFFFAOYSA-N"
"AA1R","RPCXHHPLDXSEJF-UHFFFAOYSA-N"
"AA1R","GXDMHIOIHZQMCR-UHFFFAOYSA-N"
"AA1R","WRFYJOIKSSTMGJ-UHFFFAOYSA-N"
"AA1R","WUAXAEHITYFYHE-UHFFFAOYSA-N"
"AA1R","UVJDRLQYFHNJIK-UHFFFAOYSA-N"
"AA1R","UBPNPYAOHJXLLA-UHFFFAOYSA-N"
"AA1R","SEJFSOMEWFABFC-UHFFFAOYSA-N"
"AA1R","LHFQFJWTQJNDSV-UHFFFAOYSA-N"
"AA1R","WUHIIHNZITXJEK-UHFFFAOYSA-N"
"AA1R","HBBCCVGBJNRDQE-UHFFFAOYSA-N"
"AA1R","GPHJHOZYSNRISC-UHFFFAOYSA-N"
"AA1R","XLPDJMHOTMAAOH-UHFFFAOYSA-N"
"AA1R","APLSVTYFWKNRKK-UHFFFAOYSA-N"
"AA1R","SPQHOKINAATLLJ-UHFFFAOYSA-N"
"AA1R","TWURXTVPZRAVFY-UHFFFAOYSA-N"
"AA1R","OWMCDZATZMOWJW-UHFFFAOYSA-N"
"AA1R","BZTRALWFDUDZBD-UHFFFAOYSA-N"
"AA1R","VWSPWOIXVVRAKZ-UHFFFAOYSA-N"
"AA1R","BMCOYZDNAMZDPR-UHFFFAOYSA-N"
"AA1R","BEIXNFXNDHJWAK-UHFFFAOYSA-N"
"AA1R","YSKVVKBTAXRUQS-UHFFFAOYSA-N"
"AA1R","GQNTYJRUQFVQDY-UHFFFAOYSA-N"
"AA1R","ICVHZJCIDVQQJU-UHFFFAOYSA-N"
"AA1R","MHDGNCOMJIVSOQ-UHFFFAOYSA-N"
"AA1R","IROKGKLLWZLKKI-UHFFFAOYSA-N"
"AA1R","YNNNCAAPQRZSHQ-UHFFFAOYSA-N"
"AA1R","FNOVENHZHXUETK-UHFFFAOYSA-N"
"AA1R","XMCVJFCDPDUAPT-UHFFFAOYSA-N"
"AA1R","BOQFZXFCCBOISW-UHFFFAOYSA-N"
"AA1R","XGCQBFAGKHCCMK-UHFFFAOYSA-N"
"AA1R","SYJREAKIIDWSKQ-UHFFFAOYSA-N"
"AA1R","JLZITONHHHCGNY-UHFFFAOYSA-N"
"AA1R","SRNYNTJDFPPRNN-UHFFFAOYSA-N"
"AA1R","VDZUWSJFZZVUNH-UHFFFAOYSA-N"
"AA1R","RGMFJNIWCNZAIC-UHFFFAOYSA-N"
"AA1R","DOQMMBVTJMYBSJ-UHFFFAOYSA-N"
"AA1R","IJJOWBKNALLTCF-UHFFFAOYSA-N"
"AA1R","WXPASSFLHJVUDM-UHFFFAOYSA-N"
"AA1R","GQQIISWJBGUJTR-UHFFFAOYSA-N"
"AA1R","BSFFINUACIWIKO-UHFFFAOYSA-N"
"AA1R","MMLCOPCVUQJKKW-UHFFFAOYSA-N"
"AA1R","NNXMGTRINHPQFM-UHFFFAOYSA-N"
"AA1R","PCCALFXKADAFFG-UHFFFAOYSA-N"
"AA2BR","SVDLLGYVNRRWDR-UHFFFAOYSA-N"
"AA2BR","GXSUORPDPIUXJS-UHFFFAOYSA-N"
"AA2BR","PKFRXUCKLQZSPD-UHFFFAOYSA-N"
"AA2BR","KWNNEOHJLFPMKY-UHFFFAOYSA-N"
"AA2BR","OPNAVJJOJBREBM-UHFFFAOYSA-N"
"AA2BR","NWAXVCISHHAARQ-UHFFFAOYSA-N"
"AA2BR","BKGNWAOTMICOMA-UHFFFAOYSA-N"
"AA2BR","CSGAYPUTEQNSDK-UHFFFAOYSA-N"
"AA2BR","SFQLGHQUUPLEHJ-UHFFFAOYSA-N"
"AA2BR","YWJADWXQSSUICH-UHFFFAOYSA-N"
"AA2BR","WROAGIKDBNSCJU-UHFFFAOYSA-N"
"AA2BR","RXXQRMSOXJMVBN-UHFFFAOYSA-N"
"AA2BR","BEIRGCYOTBHQCE-UHFFFAOYSA-N"
"AA2BR","ZYQMTELMKXLVHN-UHFFFAOYSA-N"
"AA2BR","ZFWFVVFEJZLCTO-UHFFFAOYSA-N"
"AA2BR","RPCXHHPLDXSEJF-UHFFFAOYSA-N"
"AA2BR","GXDMHIOIHZQMCR-UHFFFAOYSA-N"
"AA2BR","WRFYJOIKSSTMGJ-UHFFFAOYSA-N"
"AA2BR","WUAXAEHITYFYHE-UHFFFAOYSA-N"
"AA2BR","UVJDRLQYFHNJIK-UHFFFAOYSA-N"
"AA2BR","UBPNPYAOHJXLLA-UHFFFAOYSA-N"
"AA2BR","SEJFSOMEWFABFC-UHFFFAOYSA-N"
"AA2BR","LHFQFJWTQJNDSV-UHFFFAOYSA-N"
"AA2BR","WUHIIHNZITXJEK-UHFFFAOYSA-N"
"AA2BR","HBBCCVGBJNRDQE-UHFFFAOYSA-N"
"AA2BR","VMRFIOVYQIWKEF-UHFFFAOYSA-N"
"AA2BR","GPHJHOZYSNRISC-UHFFFAOYSA-N"
"AA2BR","XLPDJMHOTMAAOH-UHFFFAOYSA-N"
"AA2BR","PCXPLFCLERZTBF-UHFFFAOYSA-N"
"AA2BR","APLSVTYFWKNRKK-UHFFFAOYSA-N"
"AA2BR","SPQHOKINAATLLJ-UHFFFAOYSA-N"
"AA2BR","TWURXTVPZRAVFY-UHFFFAOYSA-N"
"AA2BR","OWMCDZATZMOWJW-UHFFFAOYSA-N"
"AA2BR","BZTRALWFDUDZBD-UHFFFAOYSA-N"
"AA2BR","VWSPWOIXVVRAKZ-UHFFFAOYSA-N"
"AA2BR","BMCOYZDNAMZDPR-UHFFFAOYSA-N"
"AA2BR","BEIXNFXNDHJWAK-UHFFFAOYSA-N"
"AA2BR","YSKVVKBTAXRUQS-UHFFFAOYSA-N"
"AA2BR","GQNTYJRUQFVQDY-UHFFFAOYSA-N"
"AA2BR","ICVHZJCIDVQQJU-UHFFFAOYSA-N"
"AA2BR","MHDGNCOMJIVSOQ-UHFFFAOYSA-N"
"AA2BR","IROKGKLLWZLKKI-UHFFFAOYSA-N"
"AA2BR","YNNNCAAPQRZSHQ-UHFFFAOYSA-N"
"AA2BR","FNOVENHZHXUETK-UHFFFAOYSA-N"
"AA2BR","XMCVJFCDPDUAPT-UHFFFAOYSA-N"
"AA2BR","PUYNLRZJFOQWRV-UHFFFAOYSA-N"
"AA2AR","KWNNEOHJLFPMKY-UHFFFAOYSA-N"
"AA2AR","VMRFIOVYQIWKEF-UHFFFAOYSA-N"
"AA2AR","PUYNLRZJFOQWRV-UHFFFAOYSA-N"
"AA2AR","SVDLLGYVNRRWDR-UHFFFAOYSA-N"
"AA2AR","GXSUORPDPIUXJS-UHFFFAOYSA-N"
"AA2AR","PKFRXUCKLQZSPD-UHFFFAOYSA-N"
"AA2AR","HYCRJTFZZLBVSV-UHFFFAOYSA-N"
"AA2AR","ZLVKAFAJRCAQAS-UHFFFAOYSA-N"
"AA2AR","UCHRKGKTCKLHMV-UHFFFAOYSA-N"
"AA2AR","OPNAVJJOJBREBM-UHFFFAOYSA-N"
"AA2AR","NWAXVCISHHAARQ-UHFFFAOYSA-N"
"AA2AR","BKGNWAOTMICOMA-UHFFFAOYSA-N"
"AA2AR","CSGAYPUTEQNSDK-UHFFFAOYSA-N"
"AA2AR","SFQLGHQUUPLEHJ-UHFFFAOYSA-N"
"AA2AR","YWJADWXQSSUICH-UHFFFAOYSA-N"
"AA2AR","WROAGIKDBNSCJU-UHFFFAOYSA-N"
"AA2AR","RXXQRMSOXJMVBN-UHFFFAOYSA-N"
"AA2AR","BEIRGCYOTBHQCE-UHFFFAOYSA-N"
"AA2AR","ZYQMTELMKXLVHN-UHFFFAOYSA-N"
"AA2AR","ZFWFVVFEJZLCTO-UHFFFAOYSA-N"
"AA2AR","RPCXHHPLDXSEJF-UHFFFAOYSA-N"
"AA2AR","GXDMHIOIHZQMCR-UHFFFAOYSA-N"
"AA2AR","WRFYJOIKSSTMGJ-UHFFFAOYSA-N"
"AA2AR","WUAXAEHITYFYHE-UHFFFAOYSA-N"
"AA2AR","UVJDRLQYFHNJIK-UHFFFAOYSA-N"
"AA2AR","UBPNPYAOHJXLLA-UHFFFAOYSA-N"
"AA2AR","SEJFSOMEWFABFC-UHFFFAOYSA-N"
"AA2AR","LHFQFJWTQJNDSV-UHFFFAOYSA-N"
"AA2AR","WUHIIHNZITXJEK-UHFFFAOYSA-N"
"AA2AR","HBBCCVGBJNRDQE-UHFFFAOYSA-N"
"AA2AR","GPHJHOZYSNRISC-UHFFFAOYSA-N"
"AA2AR","XLPDJMHOTMAAOH-UHFFFAOYSA-N"
"AA2AR","PCXPLFCLERZTBF-UHFFFAOYSA-N"
"AA2AR","APLSVTYFWKNRKK-UHFFFAOYSA-N"
"AA2AR","SPQHOKINAATLLJ-UHFFFAOYSA-N"
"AA2AR","TWURXTVPZRAVFY-UHFFFAOYSA-N"
"AA2AR","OWMCDZATZMOWJW-UHFFFAOYSA-N"
"AA2AR","BZTRALWFDUDZBD-UHFFFAOYSA-N"
"AA2AR","VWSPWOIXVVRAKZ-UHFFFAOYSA-N"
"AA2AR","BMCOYZDNAMZDPR-UHFFFAOYSA-N"
"AA2AR","BEIXNFXNDHJWAK-UHFFFAOYSA-N"
"AA2AR","YSKVVKBTAXRUQS-UHFFFAOYSA-N"
"AA2AR","GQNTYJRUQFVQDY-UHFFFAOYSA-N"
"AA2AR","ICVHZJCIDVQQJU-UHFFFAOYSA-N"
"AA2AR","MHDGNCOMJIVSOQ-UHFFFAOYSA-N"
"AA2AR","IROKGKLLWZLKKI-UHFFFAOYSA-N"
"AA2AR","YNNNCAAPQRZSHQ-UHFFFAOYSA-N"
"AA2AR","FNOVENHZHXUETK-UHFFFAOYSA-N"
"AA2AR","XMCVJFCDPDUAPT-UHFFFAOYSA-N"
"AA2AR","BOQFZXFCCBOISW-UHFFFAOYSA-N"
"AA2AR","XGCQBFAGKHCCMK-UHFFFAOYSA-N"
"AA2AR","SYJREAKIIDWSKQ-UHFFFAOYSA-N"
"AA2AR","JLZITONHHHCGNY-UHFFFAOYSA-N"
"AA2AR","SRNYNTJDFPPRNN-UHFFFAOYSA-N"
"AA2AR","VDZUWSJFZZVUNH-UHFFFAOYSA-N"
"AA2AR","RGMFJNIWCNZAIC-UHFFFAOYSA-N"
"AA2AR","DOQMMBVTJMYBSJ-UHFFFAOYSA-N"
"AA2AR","IJJOWBKNALLTCF-UHFFFAOYSA-N"
"AA2AR","WXPASSFLHJVUDM-UHFFFAOYSA-N"
"AA2AR","GQQIISWJBGUJTR-UHFFFAOYSA-N"
"AA2AR","BSFFINUACIWIKO-UHFFFAOYSA-N"
"AA2AR","MMLCOPCVUQJKKW-UHFFFAOYSA-N"
"AA2AR","NNXMGTRINHPQFM-UHFFFAOYSA-N"
"AA2AR","PCCALFXKADAFFG-UHFFFAOYSA-N"
"AA3R","SVDLLGYVNRRWDR-UHFFFAOYSA-N"
"AA3R","GXSUORPDPIUXJS-UHFFFAOYSA-N"
"AA3R","PKFRXUCKLQZSPD-UHFFFAOYSA-N"
"AA3R","HYCRJTFZZLBVSV-UHFFFAOYSA-N"
"AA3R","ZLVKAFAJRCAQAS-UHFFFAOYSA-N"
"AA3R","UCHRKGKTCKLHMV-UHFFFAOYSA-N"
"AA3R","KWNNEOHJLFPMKY-UHFFFAOYSA-N"
"AA3R","OPNAVJJOJBREBM-UHFFFAOYSA-N"
"AA3R","NWAXVCISHHAARQ-UHFFFAOYSA-N"
"AA3R","BKGNWAOTMICOMA-UHFFFAOYSA-N"
"AA3R","CSGAYPUTEQNSDK-UHFFFAOYSA-N"
"AA3R","SFQLGHQUUPLEHJ-UHFFFAOYSA-N"
"AA3R","YWJADWXQSSUICH-UHFFFAOYSA-N"
"AA3R","WROAGIKDBNSCJU-UHFFFAOYSA-N"
"AA3R","RXXQRMSOXJMVBN-UHFFFAOYSA-N"
"AA3R","BEIRGCYOTBHQCE-UHFFFAOYSA-N"
"AA3R","ZYQMTELMKXLVHN-UHFFFAOYSA-N"
"AA3R","ZFWFVVFEJZLCTO-UHFFFAOYSA-N"
"AA3R","RPCXHHPLDXSEJF-UHFFFAOYSA-N"
"AA3R","GXDMHIOIHZQMCR-UHFFFAOYSA-N"
"AA3R","WRFYJOIKSSTMGJ-UHFFFAOYSA-N"
"AA3R","WUAXAEHITYFYHE-UHFFFAOYSA-N"
"AA3R","UVJDRLQYFHNJIK-UHFFFAOYSA-N"
"AA3R","UBPNPYAOHJXLLA-UHFFFAOYSA-N"
"AA3R","SEJFSOMEWFABFC-UHFFFAOYSA-N"
"AA3R","LHFQFJWTQJNDSV-UHFFFAOYSA-N"
"AA3R","WUHIIHNZITXJEK-UHFFFAOYSA-N"
"AA3R","HBBCCVGBJNRDQE-UHFFFAOYSA-N"
"AA3R","VMRFIOVYQIWKEF-UHFFFAOYSA-N"
"AA3R","GPHJHOZYSNRISC-UHFFFAOYSA-N"
"AA3R","XLPDJMHOTMAAOH-UHFFFAOYSA-N"
"AA3R","PCXPLFCLERZTBF-UHFFFAOYSA-N"
"AA3R","APLSVTYFWKNRKK-UHFFFAOYSA-N"
"AA3R","SPQHOKINAATLLJ-UHFFFAOYSA-N"
"AA3R","TWURXTVPZRAVFY-UHFFFAOYSA-N"
"AA3R","OWMCDZATZMOWJW-UHFFFAOYSA-N"
"AA3R","BZTRALWFDUDZBD-UHFFFAOYSA-N"
"AA3R","VWSPWOIXVVRAKZ-UHFFFAOYSA-N"
"AA3R","BMCOYZDNAMZDPR-UHFFFAOYSA-N"
"AA3R","BEIXNFXNDHJWAK-UHFFFAOYSA-N"
"AA3R","YSKVVKBTAXRUQS-UHFFFAOYSA-N"
"AA3R","GQNTYJRUQFVQDY-UHFFFAOYSA-N"
"AA3R","ICVHZJCIDVQQJU-UHFFFAOYSA-N"
"AA3R","MHDGNCOMJIVSOQ-UHFFFAOYSA-N"
"AA3R","IROKGKLLWZLKKI-UHFFFAOYSA-N"
"AA3R","YNNNCAAPQRZSHQ-UHFFFAOYSA-N"
"AA3R","FNOVENHZHXUETK-UHFFFAOYSA-N"
"AA3R","XMCVJFCDPDUAPT-UHFFFAOYSA-N"
"AA3R","PUYNLRZJFOQWRV-UHFFFAOYSA-N"
"AA3R","BOQFZXFCCBOISW-UHFFFAOYSA-N"
"AA3R","XGCQBFAGKHCCMK-UHFFFAOYSA-N"
"AA3R","SYJREAKIIDWSKQ-UHFFFAOYSA-N"
"AA3R","JLZITONHHHCGNY-UHFFFAOYSA-N"
"AA3R","SRNYNTJDFPPRNN-UHFFFAOYSA-N"
"AA3R","VDZUWSJFZZVUNH-UHFFFAOYSA-N"
"AA3R","RGMFJNIWCNZAIC-UHFFFAOYSA-N"
"AA3R","DOQMMBVTJMYBSJ-UHFFFAOYSA-N"
"AA3R","IJJOWBKNALLTCF-UHFFFAOYSA-N"
"AA3R","WXPASSFLHJVUDM-UHFFFAOYSA-N"
"AA3R","GQQIISWJBGUJTR-UHFFFAOYSA-N"
"AA3R","BSFFINUACIWIKO-UHFFFAOYSA-N"
"AA3R","MMLCOPCVUQJKKW-UHFFFAOYSA-N"
"AA3R","NNXMGTRINHPQFM-UHFFFAOYSA-N"
"AA3R","PCCALFXKADAFFG-UHFFFAOYSA-N"
"AA2BR","RZTHAJGTOALPFX-UHFFFAOYSA-N"
"AA2AR","RZTHAJGTOALPFX-UHFFFAOYSA-N"
"AA3R","RZTHAJGTOALPFX-UHFFFAOYSA-N"
"HRH3","PBNNHHJLMBMBNF-UHFFFAOYSA-N"
"ADRB1","FVZJCHVJRCLDEM-QFIPXVFZSA-N"
"5HT1A","QOYFIOFBKVQOQW-UHFFFAOYSA-N"
"5HT1A","PAAUBDWPMHOPRI-UHFFFAOYSA-N"
"5HT1A","KAXPLEDCXIAJCF-UHFFFAOYSA-N"
"5HT1A","YDUOGPTWZPFZHX-UHFFFAOYSA-N"
"5HT2A","QOYFIOFBKVQOQW-UHFFFAOYSA-N"
"5HT2A","PAAUBDWPMHOPRI-UHFFFAOYSA-N"
"5HT2A","KAXPLEDCXIAJCF-UHFFFAOYSA-N"
"5HT2A","YDUOGPTWZPFZHX-UHFFFAOYSA-N"
"5HT2C","QOYFIOFBKVQOQW-UHFFFAOYSA-N"
"5HT2C","PAAUBDWPMHOPRI-UHFFFAOYSA-N"
"5HT2C","KAXPLEDCXIAJCF-UHFFFAOYSA-N"
"DRD3","QOYFIOFBKVQOQW-UHFFFAOYSA-N"
"DRD3","PAAUBDWPMHOPRI-UHFFFAOYSA-N"
"DRD3","KAXPLEDCXIAJCF-UHFFFAOYSA-N"
"DRD3","YDUOGPTWZPFZHX-UHFFFAOYSA-N"
"5HT1A","DGKURWUVIVQHCD-UHFFFAOYSA-N"
"5HT2A","DGKURWUVIVQHCD-UHFFFAOYSA-N"
"DRD2","DGKURWUVIVQHCD-UHFFFAOYSA-N"
"5HT4R","FTRZTHFGTILUPE-UHFFFAOYSA-N"
"HRH3","TXFFWCPTQAOPNJ-QGZVFWFLSA-N"
"PD2R2","OHJRRLRVZSBFGS-UHFFFAOYSA-N"
"V2R","XZXMFHPEUMXKID-MZNYQVFTSA-N"
"OXYR","XZXMFHPEUMXKID-MZNYQVFTSA-N"
"OPRD","WVNSYHVZQAASSJ-GLHCAIBUSA-N"
"OPRM","WVNSYHVZQAASSJ-GLHCAIBUSA-N"
"NK2R","NSRJRZGIVAVYNI-UDKJZQBVSA-N"
"NK1R","NSRJRZGIVAVYNI-UDKJZQBVSA-N"
"NK3R","NSRJRZGIVAVYNI-UDKJZQBVSA-N"
"AA2AR","YOPVCNSOKMOXST-UHFFFAOYSA-N"
"P2Y12","RTIFKWDAJXJIGW-UHFFFAOYSA-M"
"ADA2A","UULIGRNKXHCLQN-WGSAOQKQSA-N"
"NPY5R","UULIGRNKXHCLQN-WGSAOQKQSA-N"
"ADA2B","OAXNLMLMEYQSSS-UHFFFAOYSA-N"
"ADA2A","OAXNLMLMEYQSSS-UHFFFAOYSA-N"
"OPRD","XMMYBZHHAZNWDZ-TYCQWZJGSA-N"
"OPRD","BAHBDPWIXMBTRC-PTYIDMFESA-N"
"OPRD","NWIALXFYKPFWTR-PVFUSPOPSA-N"
"OPRD","YSTAPDGDOHWKQR-CEWLAPEOSA-N"
"OPRD","YCCQBABDNDRWSN-MWBYQJBMSA-N"
"OPRK","XMMYBZHHAZNWDZ-TYCQWZJGSA-N"
"OPRK","BAHBDPWIXMBTRC-PTYIDMFESA-N"
"OPRK","NWIALXFYKPFWTR-PVFUSPOPSA-N"
"OPRK","YSTAPDGDOHWKQR-CEWLAPEOSA-N"
"OPRK","YCCQBABDNDRWSN-MWBYQJBMSA-N"
"OPRM","XMMYBZHHAZNWDZ-TYCQWZJGSA-N"
"OPRM","BAHBDPWIXMBTRC-PTYIDMFESA-N"
"OPRM","NWIALXFYKPFWTR-PVFUSPOPSA-N"
"OPRM","YSTAPDGDOHWKQR-CEWLAPEOSA-N"
"OPRM","YCCQBABDNDRWSN-MWBYQJBMSA-N"
"GPBAR","JHOBZVPFLCMSFQ-MRXNPFEDSA-N"
"OPRD","LNEHCLOLWAQHIF-NTGKZJMKSA-N"
"OPRK","LNEHCLOLWAQHIF-NTGKZJMKSA-N"
"OPRM","LNEHCLOLWAQHIF-NTGKZJMKSA-N"
"PE2R4","CSDQJTVCSKACSP-VWLOTQADSA-N"
"PI2R","CSDQJTVCSKACSP-VWLOTQADSA-N"
"DRD2","ROIJHJVHNPMWIT-UHFFFAOYSA-N"
"AA1R","BMWATIVARSTKRP-HALQFCHDSA-N"
"AA2AR","BMWATIVARSTKRP-HALQFCHDSA-N"
"AA3R","BMWATIVARSTKRP-HALQFCHDSA-N"
"AA1R","UUDKVUOONJCNHM-AEISUSGSSA-N"
"AA1R","OWZJSHUHYXQQIH-BQVMBELUSA-N"
"AA1R","VJMSHFDGTPCLQR-MEQWQQMJSA-N"
"AA1R","YPCLFHBYRDLMJY-AXAPSJFSSA-N"
"AA2AR","UUDKVUOONJCNHM-AEISUSGSSA-N"
"AA2AR","OWZJSHUHYXQQIH-BQVMBELUSA-N"
"AA2AR","VJMSHFDGTPCLQR-MEQWQQMJSA-N"
"AA2AR","YPCLFHBYRDLMJY-AXAPSJFSSA-N"
"AA3R","YPCLFHBYRDLMJY-AXAPSJFSSA-N"
"AA3R","UUDKVUOONJCNHM-AEISUSGSSA-N"
"AA3R","OWZJSHUHYXQQIH-BQVMBELUSA-N"
"AA3R","VJMSHFDGTPCLQR-MEQWQQMJSA-N"
"5HT2A","YCNCIZWAGQTWBI-UHFFFAOYSA-N"
"DRD1","YCNCIZWAGQTWBI-UHFFFAOYSA-N"
"DRD2","YCNCIZWAGQTWBI-UHFFFAOYSA-N"
"5HT2A","FVURRBVVEFEGAB-UHFFFAOYSA-N"
"DRD3","FVURRBVVEFEGAB-UHFFFAOYSA-N"
"DRD3","MLPGCAWHLVVATJ-UHFFFAOYSA-N"
"DRD4","MLPGCAWHLVVATJ-UHFFFAOYSA-N"
"DRD1","MLPGCAWHLVVATJ-UHFFFAOYSA-N"
"DRD2","MLPGCAWHLVVATJ-UHFFFAOYSA-N"
"5HT1A","GVWRDZDVMQQZBK-GOSISDBHSA-N"
"DRD3","GVWRDZDVMQQZBK-GOSISDBHSA-N"
"DRD2","GVWRDZDVMQQZBK-GOSISDBHSA-N"
"GRPR","AWRRPXCDZLONPG-NHFVCARZSA-N"
"OPRD","SYACNGUASVLLLQ-BXKMTCNYSA-N"
"CLTR1","APMBFPQCZFCKCO-CGNAPUSOSA-N"
"CLTR1","KIUKUOYAZCSXNU-KSGUIJNZSA-N"
"BRS3","GRCKAQPBPSKRBX-UHFFFAOYSA-N"
"5HT1A","FJYOWAGOWYSGRX-UHFFFAOYSA-N"
"5HT2A","FJYOWAGOWYSGRX-UHFFFAOYSA-N"
"5HT2C","FJYOWAGOWYSGRX-UHFFFAOYSA-N"
"DRD3","FJYOWAGOWYSGRX-UHFFFAOYSA-N"
"5HT2A","AKMIHZSKBZGYES-UHFFFAOYSA-N"
"5HT2A","RJXYBXCQVVCCAR-UHFFFAOYSA-N"
"5HT2A","FAGYXEUZFUSTDW-BTQNPOSSSA-N"
"5HT2C","RJXYBXCQVVCCAR-UHFFFAOYSA-N"
"5HT2C","FAGYXEUZFUSTDW-BTQNPOSSSA-N"
"DRD2","RJXYBXCQVVCCAR-UHFFFAOYSA-N"
"DRD2","FAGYXEUZFUSTDW-BTQNPOSSSA-N"
"AGTRB","PJDPNVNHJQOFEJ-UHFFFAOYSA-N"
"CCR1","WTSJOVLSWVTJNT-UHFFFAOYSA-N"
"OPRD","UAGFREZZXHZDPX-SIGAGYBKSA-N"
"OPRD","BFWDKCMZDSXLMZ-RTOPKKFASA-N"
"OPRD","VKMLFLQRJUVLJO-SIGAGYBKSA-N"
"OPRD","AUEDLHXOLUMDQZ-FQYQUSJJSA-N"
"OPRD","CDKZODPLDWSATB-QVDUQQMDSA-N"
"OPRD","AKRJTQADORNPEZ-SIGAGYBKSA-N"
"OPRD","DSKUUEQBHHDVRV-SIGAGYBKSA-N"
"OPRD","TURPSTUJSVTHJV-SIGAGYBKSA-N"
"OPRD","TUZQURVIVXHNQP-WDGPPKDVSA-N"
"OPRD","SUEUOYXWDYAPQY-STNYYUMZSA-N"
"OPRD","RAURUSFBVQLAPW-DNIKMYEQSA-N"
"OPRD","XJIJVLIGDNTFBP-DCKFNVBLSA-N"
"OPRK","UAGFREZZXHZDPX-SIGAGYBKSA-N"
"OPRK","BFWDKCMZDSXLMZ-RTOPKKFASA-N"
"OPRK","VKMLFLQRJUVLJO-SIGAGYBKSA-N"
"OPRK","AUEDLHXOLUMDQZ-FQYQUSJJSA-N"
"OPRK","CDKZODPLDWSATB-QVDUQQMDSA-N"
"OPRK","AKRJTQADORNPEZ-SIGAGYBKSA-N"
"OPRK","DSKUUEQBHHDVRV-SIGAGYBKSA-N"
"OPRK","TURPSTUJSVTHJV-SIGAGYBKSA-N"
"OPRK","TUZQURVIVXHNQP-WDGPPKDVSA-N"
"OPRK","SUEUOYXWDYAPQY-STNYYUMZSA-N"
"OPRK","RAURUSFBVQLAPW-DNIKMYEQSA-N"
"OPRK","XJIJVLIGDNTFBP-DCKFNVBLSA-N"
"OPRM","UAGFREZZXHZDPX-SIGAGYBKSA-N"
"OPRM","BFWDKCMZDSXLMZ-RTOPKKFASA-N"
"OPRM","VKMLFLQRJUVLJO-SIGAGYBKSA-N"
"OPRM","AUEDLHXOLUMDQZ-FQYQUSJJSA-N"
"OPRM","CDKZODPLDWSATB-QVDUQQMDSA-N"
"OPRM","AKRJTQADORNPEZ-SIGAGYBKSA-N"
"OPRM","DSKUUEQBHHDVRV-SIGAGYBKSA-N"
"OPRM","TURPSTUJSVTHJV-SIGAGYBKSA-N"
"OPRM","TUZQURVIVXHNQP-WDGPPKDVSA-N"
"OPRM","SUEUOYXWDYAPQY-STNYYUMZSA-N"
"OPRM","RAURUSFBVQLAPW-DNIKMYEQSA-N"
"OPRM","XJIJVLIGDNTFBP-DCKFNVBLSA-N"
"GNRHR","RAKVETVMTFFUDT-ZDRDUBIJSA-N"
"NK1R","SUITYIWBXSZXIQ-MJRZITLZSA-N"
"AA3R","YEEZWCHGZNKEEK-UHFFFAOYSA-N"
"CLTR1","YEEZWCHGZNKEEK-UHFFFAOYSA-N"
"HRH3","HGLGWLWXYRAXPK-OAHLLOKOSA-N"
"HRH4","HGLGWLWXYRAXPK-OAHLLOKOSA-N"
"HRH1","HGLGWLWXYRAXPK-OAHLLOKOSA-N"
"ACM2","OQSIDBCKNRLVHE-UHFFFAOYSA-N"
"ACM2","BOXRBFJLKOMZNE-UHFFFAOYSA-N"
"ACM2","ONSBLCCSCRKRKU-UHFFFAOYSA-N"
"ACM2","XRWFEGDYDKMREJ-UHFFFAOYSA-N"
"ACM2","VHCDKYWUNQXVAJ-UHFFFAOYSA-N"
"ACM2","NTVCTXKXWYXMHR-UHFFFAOYSA-N"
"ACM3","OQSIDBCKNRLVHE-UHFFFAOYSA-N"
"ACM3","BOXRBFJLKOMZNE-UHFFFAOYSA-N"
"ACM3","ONSBLCCSCRKRKU-UHFFFAOYSA-N"
"ACM3","XRWFEGDYDKMREJ-UHFFFAOYSA-N"
"ACM3","VHCDKYWUNQXVAJ-UHFFFAOYSA-N"
"ACM3","NTVCTXKXWYXMHR-UHFFFAOYSA-N"
"ACM1","OQSIDBCKNRLVHE-UHFFFAOYSA-N"
"ACM1","BOXRBFJLKOMZNE-UHFFFAOYSA-N"
"ACM1","ONSBLCCSCRKRKU-UHFFFAOYSA-N"
"ACM1","XRWFEGDYDKMREJ-UHFFFAOYSA-N"
"ACM1","VHCDKYWUNQXVAJ-UHFFFAOYSA-N"
"ACM1","NTVCTXKXWYXMHR-UHFFFAOYSA-N"
"5HT1A","DTNYAHQRGGTLBQ-UHFFFAOYSA-N"
"5HT7R","DTNYAHQRGGTLBQ-UHFFFAOYSA-N"
"MC4R","FEKXKTLLBDRSQH-XVRHLUALSA-N"
"MC4R","KIFNALNSUOJQPJ-XVRHLUALSA-N"
"MC3R","KIFNALNSUOJQPJ-XVRHLUALSA-N"
"MC3R","FEKXKTLLBDRSQH-XVRHLUALSA-N"
"MSHR","KIFNALNSUOJQPJ-XVRHLUALSA-N"
"MSHR","FEKXKTLLBDRSQH-XVRHLUALSA-N"
"MC5R","KIFNALNSUOJQPJ-XVRHLUALSA-N"
"OPRM","VHQPEXKNVPFRRE-UHFFFAOYSA-N"
"5HT2C","TUCHOKBYAYGQNV-UHFFFAOYSA-N"
"5HT2C","MFDGTFLMDIUFFP-UHFFFAOYSA-N"
"MC4R","GZWUQPQBOGLSIM-VOOUCTBASA-N"
"MC4R","FPYYFGFPTJRMBR-JDFSLKTNSA-N"
"MC4R","FLQGGHIOZAPIQO-JDFSLKTNSA-N"
"MC4R","GZWUQPQBOGLSIM-MDMVXOTPSA-N"
"MC4R","QBYHLGIJWBFDGJ-IIJHQOGRSA-N"
"MC4R","FPYYFGFPTJRMBR-TUQCDKPJSA-N"
"MC3R","GZWUQPQBOGLSIM-VOOUCTBASA-N"
"MC3R","FPYYFGFPTJRMBR-JDFSLKTNSA-N"
"MC3R","FLQGGHIOZAPIQO-JDFSLKTNSA-N"
"MC3R","GZWUQPQBOGLSIM-MDMVXOTPSA-N"
"MC3R","QBYHLGIJWBFDGJ-IIJHQOGRSA-N"
"MC3R","FPYYFGFPTJRMBR-TUQCDKPJSA-N"
"MSHR","GZWUQPQBOGLSIM-VOOUCTBASA-N"
"MSHR","FLQGGHIOZAPIQO-JDFSLKTNSA-N"
"MSHR","QBYHLGIJWBFDGJ-IIJHQOGRSA-N"
"MSHR","FPYYFGFPTJRMBR-TUQCDKPJSA-N"
"MC5R","GZWUQPQBOGLSIM-VOOUCTBASA-N"
"MC5R","FPYYFGFPTJRMBR-JDFSLKTNSA-N"
"MC5R","FLQGGHIOZAPIQO-JDFSLKTNSA-N"
"MC5R","GZWUQPQBOGLSIM-MDMVXOTPSA-N"
"MC5R","QBYHLGIJWBFDGJ-IIJHQOGRSA-N"
"MC5R","FPYYFGFPTJRMBR-TUQCDKPJSA-N"
"OPRD","RAFLIAKPWNTXKX-UHFFFAOYSA-N"
"OPRK","RAFLIAKPWNTXKX-UHFFFAOYSA-N"
"OPRM","RAFLIAKPWNTXKX-UHFFFAOYSA-N"
"OPRD","PZYPBUIOQZWSRY-UHFFFAOYSA-N"
"OPRD","FXFKPMGUMYHNAD-UHFFFAOYSA-N"
"OPRD","QQXCPIPMLCDOFK-UHFFFAOYSA-N"
"OPRK","PZYPBUIOQZWSRY-UHFFFAOYSA-N"
"OPRK","FXFKPMGUMYHNAD-UHFFFAOYSA-N"
"OPRK","QQXCPIPMLCDOFK-UHFFFAOYSA-N"
"ACM1","KFIBFLUHCJZUTE-UHFFFAOYSA-N"
"ACM1","NIRCOASKORGSKJ-UHFFFAOYSA-N"
"5HT2A","KFIBFLUHCJZUTE-UHFFFAOYSA-N"
"5HT2A","NIRCOASKORGSKJ-UHFFFAOYSA-N"
"MCHR1","KFIBFLUHCJZUTE-UHFFFAOYSA-N"
"MCHR1","NIRCOASKORGSKJ-UHFFFAOYSA-N"
"S1PR5","PESLCTHINYVCSC-UHFFFAOYSA-N"
"S1PR1","PESLCTHINYVCSC-UHFFFAOYSA-N"
"S1PR4","PESLCTHINYVCSC-UHFFFAOYSA-N"
"ACM1","VDTTVUDVHKAPMC-UHFFFAOYSA-N"
"5HT2A","VDTTVUDVHKAPMC-UHFFFAOYSA-N"
"MCHR1","VDTTVUDVHKAPMC-UHFFFAOYSA-N"
"LPAR1","LNDDRUPAICPXIN-GOSISDBHSA-N"
"5HT1A","VNLOMGRFINWFNU-UHFFFAOYSA-N"
"5HT1D","VNLOMGRFINWFNU-UHFFFAOYSA-N"
"PD2R2","KKQXNJWVSUWKOH-UHFFFAOYSA-M"
"ADA2A","VJUWCGANMBDVKL-UHFFFAOYSA-N"
"5HT1A","VJUWCGANMBDVKL-UHFFFAOYSA-N"
"5HT2A","VJUWCGANMBDVKL-UHFFFAOYSA-N"
"DRD4","VJUWCGANMBDVKL-UHFFFAOYSA-N"
"ADA2A","ZCSQZBVTVLZRJN-UHFFFAOYSA-N"
"5HT1A","ZCSQZBVTVLZRJN-UHFFFAOYSA-N"
"5HT2A","ZCSQZBVTVLZRJN-UHFFFAOYSA-N"
"SSR2","DMMUAYZKIXMLRE-AHPGSYNGSA-N"
"SSR4","DMMUAYZKIXMLRE-AHPGSYNGSA-N"
"5HT2A","KXQSQOALQLSOII-UHFFFAOYSA-N"
"DRD2","KXQSQOALQLSOII-UHFFFAOYSA-N"
"NMUR2","SIQFAEIXTGZXDF-LBBUGJAGSA-N"
"PE2R3","XFEQJTJHYVKTOT-UHFFFAOYSA-N"
"TSHR","XFZVGZXCISTQLD-UHFFFAOYSA-N"
"ADRB1","SVALUENWPLKUMZ-UHFFFAOYSA-N"
"AA1R","YRLCPWQSAKTTCE-UHFFFAOYSA-N"
"AA2AR","YRLCPWQSAKTTCE-UHFFFAOYSA-N"
"DRD4","RREXTSILCFSOLM-UHFFFAOYSA-N"
"DRD2","RREXTSILCFSOLM-UHFFFAOYSA-N"
"ADA2C","ZFCKGWSPRRORFE-UHFFFAOYSA-N"
"5HT1A","ZFCKGWSPRRORFE-UHFFFAOYSA-N"
"5HT2A","ZFCKGWSPRRORFE-UHFFFAOYSA-N"
"DRD3","ZFCKGWSPRRORFE-UHFFFAOYSA-N"
"OPRD","QTEVIWGWCOWBNP-CNGXOXJSSA-N"
"OPRM","QTEVIWGWCOWBNP-CNGXOXJSSA-N"
"DRD3","LFLWSALOEDMVRA-UHFFFAOYSA-N"
"DRD2","LFLWSALOEDMVRA-UHFFFAOYSA-N"
"S1PR5","BUBRUGRTGCDHOJ-UHFFFAOYSA-N"
"S1PR5","ZQHLJZUCUJZZRV-UHFFFAOYSA-N"
"S1PR5","QTKLDIPKJJAYHB-UHFFFAOYSA-N"
"S1PR3","ZQHLJZUCUJZZRV-UHFFFAOYSA-N"
"S1PR1","BUBRUGRTGCDHOJ-UHFFFAOYSA-N"
"S1PR1","ZQHLJZUCUJZZRV-UHFFFAOYSA-N"
"S1PR1","QTKLDIPKJJAYHB-UHFFFAOYSA-N"
"S1PR4","BUBRUGRTGCDHOJ-UHFFFAOYSA-N"
"S1PR4","ZQHLJZUCUJZZRV-UHFFFAOYSA-N"
"S1PR4","QTKLDIPKJJAYHB-UHFFFAOYSA-N"
"OPRD","NFIKZROQWRUGJB-KMPBPIROSA-N"
"OPRM","NFIKZROQWRUGJB-KMPBPIROSA-N"
"DRD3","ZCBLWYILSKSBSX-UHFFFAOYSA-N"
"DRD3","BITBPPPUNYZRQM-UHFFFAOYSA-N"
"DRD4","ZCBLWYILSKSBSX-UHFFFAOYSA-N"
"DRD4","BITBPPPUNYZRQM-UHFFFAOYSA-N"
"DRD2","ZCBLWYILSKSBSX-UHFFFAOYSA-N"
"DRD2","BITBPPPUNYZRQM-UHFFFAOYSA-N"
"DRD4","OLGSDKVBQGETRV-UHFFFAOYSA-N"
"OPRM","YFVWOMKVZLGFTF-HZFUHODCSA-N"
"CCR2","DNDKXHJKVVOVQX-UHFFFAOYSA-N"
"ADA1A","DLXKEWOEEPMPHX-PMACEKPBSA-N"
"ADA1B","DLXKEWOEEPMPHX-PMACEKPBSA-N"
"5HT2A","DLXKEWOEEPMPHX-PMACEKPBSA-N"
"5HT2C","DLXKEWOEEPMPHX-PMACEKPBSA-N"
"DRD4","DLXKEWOEEPMPHX-PMACEKPBSA-N"
"DRD2","DLXKEWOEEPMPHX-PMACEKPBSA-N"
"ADA2A","NFQWOMAFZMZYOX-FZNQNYSPSA-N"
"ADA2A","BAZQBEOFVYAFHT-CALCHBBNSA-N"
"ADA2A","JCSAJCBJJWFNIO-CALCHBBNSA-N"
"HRH1","NFQWOMAFZMZYOX-FZNQNYSPSA-N"
"HRH1","BAZQBEOFVYAFHT-CALCHBBNSA-N"
"HRH1","JCSAJCBJJWFNIO-CALCHBBNSA-N"
"5HT2B","NFQWOMAFZMZYOX-FZNQNYSPSA-N"
"5HT2B","BAZQBEOFVYAFHT-CALCHBBNSA-N"
"5HT2B","JCSAJCBJJWFNIO-CALCHBBNSA-N"
"DRD2","GUALSDMCGOLFSS-XYWHTSSQSA-N"
"GALR2","SLNRKQPBCJPWHD-DVORCMKRSA-N"
"GALR1","SLNRKQPBCJPWHD-DVORCMKRSA-N"
"OXYR","SOXQJPCRICFUHO-IYVYVDDASA-N"
"V1AR","SOXQJPCRICFUHO-IYVYVDDASA-N"
"5HT1B","DGLGRPPFBPHHJR-UHFFFAOYSA-N"
"5HT1A","DGLGRPPFBPHHJR-UHFFFAOYSA-N"
"5HT1A","FYSWFXXEYMAVNL-XIEYBQDHSA-N"
"5HT2A","FYSWFXXEYMAVNL-XIEYBQDHSA-N"
"CCR1","BFHKONATEMTJLB-UHFFFAOYSA-N"
"CCR3","BFHKONATEMTJLB-UHFFFAOYSA-N"
"PE2R4","OVWCEHQXEOKSBR-IZJUNRQYSA-N"
"PE2R2","OVWCEHQXEOKSBR-IZJUNRQYSA-N"
"NK1R","CJCJGNDYISQCMT-JLTOFOAXSA-N"
"NPFF2","KUSIVFVMUFMYRY-SANMLTNESA-N"
"NPFF1","KUSIVFVMUFMYRY-SANMLTNESA-N"
"AA1R","IWPRRVSKUNQSTO-UHFFFAOYSA-N"
"AA2AR","IWPRRVSKUNQSTO-UHFFFAOYSA-N"
"ADA1A","AOESATFDEMWHLJ-HZCBDIJESA-N"
"ADA1A","STAISUAHBRKLLH-OYRHEFFESA-N"
"ADA1A","CHYHMJYTWVQCFW-YHBQERECSA-N"
"ADA1A","JOQJONDKZULBPP-MXVIHJGJSA-N"
"ADA1A","PNMMHGYXIWNCEE-HZCBDIJESA-N"
"ADA1A","FFXLCCZAXLBJFW-MEMLXQNLSA-N"
"ADA1A","VZKPTHAFKKTYRC-HZCBDIJESA-N"
"ADA1A","MDOKTLACQIDXQG-HZCBDIJESA-N"
"ADA1A","BXGCCZDRUAOMRC-SZPZYZBQSA-N"
"ADA1A","SHLHJQDYUNFBDK-SZPZYZBQSA-N"
"ADA1A","FFXLCCZAXLBJFW-OYRHEFFESA-N"
"ADA1A","HEEKUWDLPPDKMK-MEMLXQNLSA-N"
"ADA1A","XRCQNHQVZIQOBE-SZPZYZBQSA-N"
"ADA1A","MDOKTLACQIDXQG-SZPZYZBQSA-N"
"ADA1A","YJXYZPLPRPNAPZ-SZPZYZBQSA-N"
"ADA1A","KAHFZGUOPFFVHW-MEMLXQNLSA-N"
"ADA1A","UHPXZGGJCMUMGZ-HZCBDIJESA-N"
"ADA1A","VXZHIQQSDIJVSS-HZCBDIJESA-N"
"ADA1A","PAUUPYPPPJQSIG-YHBQERECSA-N"
"ADA1A","AOESATFDEMWHLJ-SZPZYZBQSA-N"
"ADA1A","PNMMHGYXIWNCEE-SZPZYZBQSA-N"
"ADA1A","ZDNRYSVLOMAJEZ-HZCBDIJESA-N"
"ADA1A","HEEKUWDLPPDKMK-OYRHEFFESA-N"
"ADA1A","BXGCCZDRUAOMRC-HZCBDIJESA-N"
"ADA1A","YJXYZPLPRPNAPZ-HZCBDIJESA-N"
"ADA1A","MMNXGMKPQQFESW-OYRHEFFESA-N"
"ADA1A","LVRHAAKFXRNPFH-RQNOJGIXSA-N"
"ADA1A","LVRHAAKFXRNPFH-PSWAGMNNSA-N"
"ADA1A","KBDQCTAMVLZQJL-MXVIHJGJSA-N"
"ADA1A","KBDQCTAMVLZQJL-BGYRXZFFSA-N"
"ADA1A","LASDMXNHWPCZMK-KDURUIRLSA-N"
"ADA1A","LASDMXNHWPCZMK-WGSAOQKQSA-N"
"ADA1A","KCWSSYYCEGZXTI-OYRHEFFESA-N"
"ADA1A","XOZBPBSXMJMBOL-OYRHEFFESA-N"
"ADA1A","KCWSSYYCEGZXTI-MEMLXQNLSA-N"
"ADA1A","OCDNDDLEORDHLQ-PSWAGMNNSA-N"
"ADA1A","OCDNDDLEORDHLQ-RQNOJGIXSA-N"
"ADA1A","QJFXDZVKRFQGQF-UHFFFAOYSA-N"
"ADA1A","MVVUJPWQKLPZEE-UHFFFAOYSA-N"
"ADA1A","LHOVFJRBCVNIQC-UHFFFAOYSA-N"
"ADA1A","HZACYYQCKLSFDB-UHFFFAOYSA-N"
"ADA1A","NXJNUASOAQRPKJ-UHFFFAOYSA-N"
"ADA1A","PIKIDBPDYRQPFX-UHFFFAOYSA-N"
"ADA1A","NIQWPNGICRVKCM-UHFFFAOYSA-N"
"ADA1A","GRLCSEWTOACLTP-UHFFFAOYSA-N"
"ADA1B","AOESATFDEMWHLJ-HZCBDIJESA-N"
"ADA1B","STAISUAHBRKLLH-OYRHEFFESA-N"
"ADA1B","CHYHMJYTWVQCFW-YHBQERECSA-N"
"ADA1B","JOQJONDKZULBPP-MXVIHJGJSA-N"
"ADA1B","PNMMHGYXIWNCEE-HZCBDIJESA-N"
"ADA1B","FFXLCCZAXLBJFW-MEMLXQNLSA-N"
"ADA1B","VZKPTHAFKKTYRC-HZCBDIJESA-N"
"ADA1B","MDOKTLACQIDXQG-HZCBDIJESA-N"
"ADA1B","BXGCCZDRUAOMRC-SZPZYZBQSA-N"
"ADA1B","SHLHJQDYUNFBDK-SZPZYZBQSA-N"
"ADA1B","FFXLCCZAXLBJFW-OYRHEFFESA-N"
"ADA1B","HEEKUWDLPPDKMK-MEMLXQNLSA-N"
"ADA1B","XRCQNHQVZIQOBE-SZPZYZBQSA-N"
"ADA1B","MDOKTLACQIDXQG-SZPZYZBQSA-N"
"ADA1B","YJXYZPLPRPNAPZ-SZPZYZBQSA-N"
"ADA1B","KAHFZGUOPFFVHW-MEMLXQNLSA-N"
"ADA1B","UHPXZGGJCMUMGZ-HZCBDIJESA-N"
"ADA1B","VXZHIQQSDIJVSS-HZCBDIJESA-N"
"ADA1B","PAUUPYPPPJQSIG-YHBQERECSA-N"
"ADA1B","AOESATFDEMWHLJ-SZPZYZBQSA-N"
"ADA1B","PNMMHGYXIWNCEE-SZPZYZBQSA-N"
"ADA1B","ZDNRYSVLOMAJEZ-HZCBDIJESA-N"
"ADA1B","HEEKUWDLPPDKMK-OYRHEFFESA-N"
"ADA1B","BXGCCZDRUAOMRC-HZCBDIJESA-N"
"ADA1B","YJXYZPLPRPNAPZ-HZCBDIJESA-N"
"ADA1B","MMNXGMKPQQFESW-OYRHEFFESA-N"
"ADA1B","LVRHAAKFXRNPFH-RQNOJGIXSA-N"
"ADA1B","LVRHAAKFXRNPFH-PSWAGMNNSA-N"
"ADA1B","KBDQCTAMVLZQJL-MXVIHJGJSA-N"
"ADA1B","KBDQCTAMVLZQJL-BGYRXZFFSA-N"
"ADA1B","LASDMXNHWPCZMK-KDURUIRLSA-N"
"ADA1B","LASDMXNHWPCZMK-WGSAOQKQSA-N"
"ADA1B","KCWSSYYCEGZXTI-OYRHEFFESA-N"
"ADA1B","XOZBPBSXMJMBOL-OYRHEFFESA-N"
"ADA1B","KCWSSYYCEGZXTI-MEMLXQNLSA-N"
"ADA1B","OCDNDDLEORDHLQ-PSWAGMNNSA-N"
"ADA1B","OCDNDDLEORDHLQ-RQNOJGIXSA-N"
"ADA1B","QJFXDZVKRFQGQF-UHFFFAOYSA-N"
"ADA1B","MVVUJPWQKLPZEE-UHFFFAOYSA-N"
"ADA1B","LHOVFJRBCVNIQC-UHFFFAOYSA-N"
"ADA1B","HZACYYQCKLSFDB-UHFFFAOYSA-N"
"ADA1B","NXJNUASOAQRPKJ-UHFFFAOYSA-N"
"ADA1B","PIKIDBPDYRQPFX-UHFFFAOYSA-N"
"ADA1B","NIQWPNGICRVKCM-UHFFFAOYSA-N"
"ADA1B","GRLCSEWTOACLTP-UHFFFAOYSA-N"
"ADA1D","AOESATFDEMWHLJ-HZCBDIJESA-N"
"ADA1D","STAISUAHBRKLLH-OYRHEFFESA-N"
"ADA1D","CHYHMJYTWVQCFW-YHBQERECSA-N"
"ADA1D","JOQJONDKZULBPP-MXVIHJGJSA-N"
"ADA1D","PNMMHGYXIWNCEE-HZCBDIJESA-N"
"ADA1D","FFXLCCZAXLBJFW-MEMLXQNLSA-N"
"ADA1D","VZKPTHAFKKTYRC-HZCBDIJESA-N"
"ADA1D","MDOKTLACQIDXQG-HZCBDIJESA-N"
"ADA1D","BXGCCZDRUAOMRC-SZPZYZBQSA-N"
"ADA1D","SHLHJQDYUNFBDK-SZPZYZBQSA-N"
"ADA1D","FFXLCCZAXLBJFW-OYRHEFFESA-N"
"ADA1D","HEEKUWDLPPDKMK-MEMLXQNLSA-N"
"ADA1D","XRCQNHQVZIQOBE-SZPZYZBQSA-N"
"ADA1D","MDOKTLACQIDXQG-SZPZYZBQSA-N"
"ADA1D","YJXYZPLPRPNAPZ-SZPZYZBQSA-N"
"ADA1D","KAHFZGUOPFFVHW-MEMLXQNLSA-N"
"ADA1D","UHPXZGGJCMUMGZ-HZCBDIJESA-N"
"ADA1D","VXZHIQQSDIJVSS-HZCBDIJESA-N"
"ADA1D","PAUUPYPPPJQSIG-YHBQERECSA-N"
"ADA1D","AOESATFDEMWHLJ-SZPZYZBQSA-N"
"ADA1D","PNMMHGYXIWNCEE-SZPZYZBQSA-N"
"ADA1D","ZDNRYSVLOMAJEZ-HZCBDIJESA-N"
"ADA1D","HEEKUWDLPPDKMK-OYRHEFFESA-N"
"ADA1D","BXGCCZDRUAOMRC-HZCBDIJESA-N"
"ADA1D","YJXYZPLPRPNAPZ-HZCBDIJESA-N"
"ADA1D","MMNXGMKPQQFESW-OYRHEFFESA-N"
"ADA1D","LVRHAAKFXRNPFH-RQNOJGIXSA-N"
"ADA1D","LVRHAAKFXRNPFH-PSWAGMNNSA-N"
"ADA1D","KBDQCTAMVLZQJL-MXVIHJGJSA-N"
"ADA1D","KBDQCTAMVLZQJL-BGYRXZFFSA-N"
"ADA1D","LASDMXNHWPCZMK-KDURUIRLSA-N"
"ADA1D","LASDMXNHWPCZMK-WGSAOQKQSA-N"
"ADA1D","KCWSSYYCEGZXTI-OYRHEFFESA-N"
"ADA1D","XOZBPBSXMJMBOL-OYRHEFFESA-N"
"ADA1D","KCWSSYYCEGZXTI-MEMLXQNLSA-N"
"ADA1D","OCDNDDLEORDHLQ-PSWAGMNNSA-N"
"ADA1D","OCDNDDLEORDHLQ-RQNOJGIXSA-N"
"ADA1D","QJFXDZVKRFQGQF-UHFFFAOYSA-N"
"ADA1D","MVVUJPWQKLPZEE-UHFFFAOYSA-N"
"ADA1D","LHOVFJRBCVNIQC-UHFFFAOYSA-N"
"ADA1D","HZACYYQCKLSFDB-UHFFFAOYSA-N"
"ADA1D","NXJNUASOAQRPKJ-UHFFFAOYSA-N"
"ADA1D","PIKIDBPDYRQPFX-UHFFFAOYSA-N"
"ADA1D","NIQWPNGICRVKCM-UHFFFAOYSA-N"
"ADA1D","GRLCSEWTOACLTP-UHFFFAOYSA-N"
"DRD2","AOESATFDEMWHLJ-HZCBDIJESA-N"
"DRD2","STAISUAHBRKLLH-OYRHEFFESA-N"
"DRD2","CHYHMJYTWVQCFW-YHBQERECSA-N"
"DRD2","JOQJONDKZULBPP-MXVIHJGJSA-N"
"DRD2","PNMMHGYXIWNCEE-HZCBDIJESA-N"
"DRD2","FFXLCCZAXLBJFW-MEMLXQNLSA-N"
"DRD2","VZKPTHAFKKTYRC-HZCBDIJESA-N"
"DRD2","MDOKTLACQIDXQG-HZCBDIJESA-N"
"DRD2","BXGCCZDRUAOMRC-SZPZYZBQSA-N"
"DRD2","SHLHJQDYUNFBDK-SZPZYZBQSA-N"
"DRD2","FFXLCCZAXLBJFW-OYRHEFFESA-N"
"DRD2","HEEKUWDLPPDKMK-MEMLXQNLSA-N"
"DRD2","XRCQNHQVZIQOBE-SZPZYZBQSA-N"
"DRD2","MDOKTLACQIDXQG-SZPZYZBQSA-N"
"DRD2","YJXYZPLPRPNAPZ-SZPZYZBQSA-N"
"DRD2","KAHFZGUOPFFVHW-MEMLXQNLSA-N"
"DRD2","UHPXZGGJCMUMGZ-HZCBDIJESA-N"
"DRD2","VXZHIQQSDIJVSS-HZCBDIJESA-N"
"DRD2","PAUUPYPPPJQSIG-YHBQERECSA-N"
"DRD2","AOESATFDEMWHLJ-SZPZYZBQSA-N"
"DRD2","PNMMHGYXIWNCEE-SZPZYZBQSA-N"
"DRD2","ZDNRYSVLOMAJEZ-HZCBDIJESA-N"
"DRD2","HEEKUWDLPPDKMK-OYRHEFFESA-N"
"DRD2","BXGCCZDRUAOMRC-HZCBDIJESA-N"
"DRD2","YJXYZPLPRPNAPZ-HZCBDIJESA-N"
"DRD2","MMNXGMKPQQFESW-OYRHEFFESA-N"
"DRD2","LVRHAAKFXRNPFH-RQNOJGIXSA-N"
"DRD2","LVRHAAKFXRNPFH-PSWAGMNNSA-N"
"DRD2","KBDQCTAMVLZQJL-MXVIHJGJSA-N"
"DRD2","KBDQCTAMVLZQJL-BGYRXZFFSA-N"
"DRD2","LASDMXNHWPCZMK-KDURUIRLSA-N"
"DRD2","LASDMXNHWPCZMK-WGSAOQKQSA-N"
"DRD2","KCWSSYYCEGZXTI-OYRHEFFESA-N"
"DRD2","XOZBPBSXMJMBOL-OYRHEFFESA-N"
"DRD2","KCWSSYYCEGZXTI-MEMLXQNLSA-N"
"DRD2","OCDNDDLEORDHLQ-PSWAGMNNSA-N"
"DRD2","OCDNDDLEORDHLQ-RQNOJGIXSA-N"
"DRD2","QJFXDZVKRFQGQF-UHFFFAOYSA-N"
"DRD2","MVVUJPWQKLPZEE-UHFFFAOYSA-N"
"DRD2","LHOVFJRBCVNIQC-UHFFFAOYSA-N"
"DRD2","HZACYYQCKLSFDB-UHFFFAOYSA-N"
"DRD2","NXJNUASOAQRPKJ-UHFFFAOYSA-N"
"DRD2","PIKIDBPDYRQPFX-UHFFFAOYSA-N"
"DRD2","NIQWPNGICRVKCM-UHFFFAOYSA-N"
"DRD2","GRLCSEWTOACLTP-UHFFFAOYSA-N"
"CCR1","FOAFBMYSXIGAOX-LQGGPMKRSA-N"
"CCR3","FOAFBMYSXIGAOX-LQGGPMKRSA-N"
"CCR2","ILPQLCKGOBBIPI-VPUSJEBWSA-N"
"SSR3","UEBYNWAHMKBMAT-HSZRJFAPSA-N"
"SSR5","UEBYNWAHMKBMAT-HSZRJFAPSA-N"
"5HT2A","JFLBTRDHDHTNGX-UHFFFAOYSA-N"
"DRD1","JFLBTRDHDHTNGX-UHFFFAOYSA-N"
"DRD2","JFLBTRDHDHTNGX-UHFFFAOYSA-N"
"DRD1","SVMZEPNYJCPPQZ-UHFFFAOYSA-N"
"DRD2","SVMZEPNYJCPPQZ-UHFFFAOYSA-N"
"DRD3","CDMKFCYALGWSEN-UHFFFAOYSA-N"
"DRD5","CDMKFCYALGWSEN-UHFFFAOYSA-N"
"V2R","CZEMALQIHKWPAQ-UHFFFAOYSA-N"
"PE2R4","FILFMHYETWZKSH-GLDNGRHFSA-N"
"PE2R3","FILFMHYETWZKSH-GLDNGRHFSA-N"
"EDNRB","GWPBVPACOMPQDI-UHFFFAOYSA-N"
"EDNRA","GWPBVPACOMPQDI-UHFFFAOYSA-N"
"AA1R","JHBSNTNTZSANRS-UHFFFAOYSA-N"
"AA2BR","JHBSNTNTZSANRS-UHFFFAOYSA-N"
"AA2AR","JHBSNTNTZSANRS-UHFFFAOYSA-N"
"AA3R","JHBSNTNTZSANRS-UHFFFAOYSA-N"
"AA2AR","BNPQDAJGAHEURJ-LLVKDONJSA-N"
"AA2AR","ZQSNZROOZBSWNB-UHFFFAOYSA-N"
"AA3R","ZQSNZROOZBSWNB-UHFFFAOYSA-N"
"AA1R","VZKOSFXYYAOWFE-UHFFFAOYSA-N"
"AA1R","MZKHULNXFMYXHQ-UHFFFAOYSA-N"
"AA1R","QZWUMCQUZKEPGT-UHFFFAOYSA-N"
"AA2AR","VZKOSFXYYAOWFE-UHFFFAOYSA-N"
"AA2AR","MZKHULNXFMYXHQ-UHFFFAOYSA-N"
"AA2AR","QZWUMCQUZKEPGT-UHFFFAOYSA-N"
"AA3R","VZKOSFXYYAOWFE-UHFFFAOYSA-N"
"AA3R","MZKHULNXFMYXHQ-UHFFFAOYSA-N"
"AA3R","QZWUMCQUZKEPGT-UHFFFAOYSA-N"
"5HT2A","WCUXCSHIFAMMQM-UHFFFAOYSA-N"
"5HT2C","WCUXCSHIFAMMQM-UHFFFAOYSA-N"
"ADA2B","JODRRUQCPGURFJ-CPNJWEJPSA-N"
"ADA2C","JODRRUQCPGURFJ-CPNJWEJPSA-N"
"ADA2A","JODRRUQCPGURFJ-CPNJWEJPSA-N"
"AA2AR","AXGPHCKLDUJMDG-UHFFFAOYSA-N"
"CCR5","NDZYPHLNJZSQJY-QNWVGRARSA-N"
"CCR3","NDZYPHLNJZSQJY-QNWVGRARSA-N"
"5HT1A","ZMYOIZHRXABMFZ-ONEGZZNKSA-N"
"5HT1A","UCNUZCBZAAKMDU-VOTSOKGWSA-N"
"5HT1A","IEANVAFYLZJSPC-NSCUHMNNSA-N"
"5HT1A","MTJYJBYKMIGLMS-NSCUHMNNSA-N"
"5HT1A","GTRAXVNCZVAHOO-OWOJBTEDSA-N"
"5HT2A","ZMYOIZHRXABMFZ-ONEGZZNKSA-N"
"5HT2A","UCNUZCBZAAKMDU-VOTSOKGWSA-N"
"5HT2A","IEANVAFYLZJSPC-NSCUHMNNSA-N"
"5HT2A","MTJYJBYKMIGLMS-NSCUHMNNSA-N"
"5HT2A","GTRAXVNCZVAHOO-OWOJBTEDSA-N"
"5HT2C","ZMYOIZHRXABMFZ-ONEGZZNKSA-N"
"5HT2C","UCNUZCBZAAKMDU-VOTSOKGWSA-N"
"5HT2C","IEANVAFYLZJSPC-NSCUHMNNSA-N"
"5HT2C","MTJYJBYKMIGLMS-NSCUHMNNSA-N"
"5HT2C","GTRAXVNCZVAHOO-OWOJBTEDSA-N"
"DRD3","ZMYOIZHRXABMFZ-ONEGZZNKSA-N"
"DRD3","UCNUZCBZAAKMDU-VOTSOKGWSA-N"
"DRD3","IEANVAFYLZJSPC-NSCUHMNNSA-N"
"DRD3","MTJYJBYKMIGLMS-NSCUHMNNSA-N"
"DRD3","GTRAXVNCZVAHOO-OWOJBTEDSA-N"
"DRD4","ZMYOIZHRXABMFZ-ONEGZZNKSA-N"
"DRD2","ZMYOIZHRXABMFZ-ONEGZZNKSA-N"
"DRD2","UCNUZCBZAAKMDU-VOTSOKGWSA-N"
"DRD2","IEANVAFYLZJSPC-NSCUHMNNSA-N"
"DRD2","MTJYJBYKMIGLMS-NSCUHMNNSA-N"
"DRD2","GTRAXVNCZVAHOO-OWOJBTEDSA-N"
"5HT1A","XWRCSVSWZWMHPY-GLOFJIOZSA-N"
"DRD3","XWRCSVSWZWMHPY-GLOFJIOZSA-N"
"DRD4","XWRCSVSWZWMHPY-GLOFJIOZSA-N"
"DRD2","XWRCSVSWZWMHPY-GLOFJIOZSA-N"
"SSR4","JTMKSCGHKLQEGA-HJJGZHSPSA-N"
"SSR1","JTMKSCGHKLQEGA-HJJGZHSPSA-N"
"GRPR","IKKYIPCELZIPRY-RNXDXMLZSA-N"
"BRS3","IKKYIPCELZIPRY-RNXDXMLZSA-N"
"NMBR","IKKYIPCELZIPRY-RNXDXMLZSA-N"
"5HT1A","PGALYKJJGGBYSX-UHFFFAOYSA-N"
"DRD2","PGALYKJJGGBYSX-UHFFFAOYSA-N"
"5HT2A","DZDAGFDMUXEPPJ-UHFFFAOYSA-N"
"5HT2A","KCYDZGZXAVPYDV-UHFFFAOYSA-N"
"5HT2A","KCHOGJMXHYZZSG-UHFFFAOYSA-N"
"5HT2C","DZDAGFDMUXEPPJ-UHFFFAOYSA-N"
"5HT2C","KCHOGJMXHYZZSG-UHFFFAOYSA-N"
"DRD1","DZDAGFDMUXEPPJ-UHFFFAOYSA-N"
"DRD1","KCYDZGZXAVPYDV-UHFFFAOYSA-N"
"DRD1","KCHOGJMXHYZZSG-UHFFFAOYSA-N"
"DRD2","DZDAGFDMUXEPPJ-UHFFFAOYSA-N"
"DRD2","KCYDZGZXAVPYDV-UHFFFAOYSA-N"
"DRD2","KCHOGJMXHYZZSG-UHFFFAOYSA-N"
"OPRD","IHDOVLHHTAJFKU-XAGHGKQISA-N"
"OPRK","IHDOVLHHTAJFKU-XAGHGKQISA-N"
"OPRM","IHDOVLHHTAJFKU-XAGHGKQISA-N"
"OPRK","KFVUSZPWUZBAPF-AGQYDFLVSA-N"
"OPRM","KFVUSZPWUZBAPF-AGQYDFLVSA-N"
"NK1R","WUTRELIDULYHSO-FPOVZHCZSA-N"
"HRH1","LDPRUJUFFYEDJC-UHFFFAOYSA-N"
"5HT1B","AXGKNTNGRRGWAT-UHFFFAOYSA-N"
"5HT1D","AXGKNTNGRRGWAT-UHFFFAOYSA-N"
"5HT2A","AXGKNTNGRRGWAT-UHFFFAOYSA-N"
"DRD3","KIVKVDKAEVGINM-UHFFFAOYSA-N"
"DRD5","KIVKVDKAEVGINM-UHFFFAOYSA-N"
"ADA2A","UGTJLUOFSLGNDT-UHFFFAOYSA-N"
"ADA2A","NWUCPBLQECHRFK-UHFFFAOYSA-N"
"NPY5R","UGTJLUOFSLGNDT-UHFFFAOYSA-N"
"NPY5R","NWUCPBLQECHRFK-UHFFFAOYSA-N"
"MCHR1","UGTJLUOFSLGNDT-UHFFFAOYSA-N"
"MCHR1","NWUCPBLQECHRFK-UHFFFAOYSA-N"
"ADA2C","XYYAWEJOUNEPTR-UHFFFAOYSA-N"
"ADA2A","XYYAWEJOUNEPTR-UHFFFAOYSA-N"
"5HT1B","XYYAWEJOUNEPTR-UHFFFAOYSA-N"
"5HT2B","XYYAWEJOUNEPTR-UHFFFAOYSA-N"
"5HT6R","XYYAWEJOUNEPTR-UHFFFAOYSA-N"
"5HT1B","UPTIAAUBTFAGBK-UHFFFAOYSA-N"
"5HT1D","UPTIAAUBTFAGBK-UHFFFAOYSA-N"
"5HT2A","UPTIAAUBTFAGBK-UHFFFAOYSA-N"
"5HT1B","CLSGNFLCVLTDRU-UHFFFAOYSA-N"
"5HT1D","CLSGNFLCVLTDRU-UHFFFAOYSA-N"
"5HT2A","CLSGNFLCVLTDRU-UHFFFAOYSA-N"
"DRD2","YVUQSNJEYSNKRX-UHFFFAOYSA-N"
"OPRM","YVUQSNJEYSNKRX-UHFFFAOYSA-N"
"AA1R","IRZFDSHKKISFHN-UHFFFAOYSA-N"
"AA2AR","IRZFDSHKKISFHN-UHFFFAOYSA-N"
"ADRB2","YORRFXCSZXGULE-UHFFFAOYSA-N"
"ADRB2","WRLALEDDWSKGGQ-UHFFFAOYSA-N"
"5HT1A","YORRFXCSZXGULE-UHFFFAOYSA-N"
"5HT1A","WRLALEDDWSKGGQ-UHFFFAOYSA-N"
"ADRB2","AVKRZFFIGQFMTG-MHZLTWQESA-N"
"NK1R","HCGIROBRNBTDFG-NRFANRHFSA-N"
"NK3R","HCGIROBRNBTDFG-NRFANRHFSA-N"
"MC4R","IVOZSKOYXPHCOQ-QSEAXJEQSA-N"
"MC3R","IVOZSKOYXPHCOQ-QSEAXJEQSA-N"
"MC5R","IVOZSKOYXPHCOQ-QSEAXJEQSA-N"
"AA1R","HGXZPEGELGIADN-ZDUSSCGKSA-N"
"AA2AR","HGXZPEGELGIADN-ZDUSSCGKSA-N"
"CLTR1","NBQKINXMPLXUET-UHFFFAOYSA-N"
"PE2R1","CZCMZYYRRYEIHW-UHFFFAOYSA-N"
"TA2R","CZCMZYYRRYEIHW-UHFFFAOYSA-N"
"HRH2","XUJYHTDMGGZORQ-UHFFFAOYSA-N"
"ACM2","WUPKEZLEBLCZJB-DEYVDYLWSA-N"
"ACM1","WUPKEZLEBLCZJB-DEYVDYLWSA-N"
"5HT1A","YQSXXLHEQOZMOT-UHFFFAOYSA-N"
"5HT2A","YQSXXLHEQOZMOT-UHFFFAOYSA-N"
"5HT2C","YQSXXLHEQOZMOT-UHFFFAOYSA-N"
"DRD2","YQSXXLHEQOZMOT-UHFFFAOYSA-N"
"5HT1A","QOTYCLIFPPZNAZ-UHFFFAOYSA-N"
"5HT1A","IOUSMYRYFCYRJU-UHFFFAOYSA-N"
"5HT2A","QOTYCLIFPPZNAZ-UHFFFAOYSA-N"
"5HT2A","IOUSMYRYFCYRJU-UHFFFAOYSA-N"
"5HT2C","QOTYCLIFPPZNAZ-UHFFFAOYSA-N"
"5HT2C","IOUSMYRYFCYRJU-UHFFFAOYSA-N"
"DRD1","QOTYCLIFPPZNAZ-UHFFFAOYSA-N"
"DRD2","QOTYCLIFPPZNAZ-UHFFFAOYSA-N"
"DRD2","IOUSMYRYFCYRJU-UHFFFAOYSA-N"
"CNR2","JDRCDVZZIVLMMJ-UHFFFAOYSA-N"
"CNR1","JDRCDVZZIVLMMJ-UHFFFAOYSA-N"
"V2R","IKZPWUUGRFFROI-BVAGGSTKSA-N"
"OXYR","IKZPWUUGRFFROI-BVAGGSTKSA-N"
"AA1R","IXGUOIAEFXFZHP-IMIIHFCZSA-N"
"AA3R","IXGUOIAEFXFZHP-IMIIHFCZSA-N"
"OPRM","VSDXQLNICFHYQZ-UHFFFAOYSA-N"
"OPRX","VSDXQLNICFHYQZ-UHFFFAOYSA-N"
"PE2R2","GWYIZWZVKYKMGF-UHFFFAOYSA-N"
"PD2R","GWYIZWZVKYKMGF-UHFFFAOYSA-N"
"PE2R3","NGFCHDLVALKPTJ-UHFFFAOYSA-N"
"PE2R1","NGFCHDLVALKPTJ-UHFFFAOYSA-N"
"PE2R2","NGFCHDLVALKPTJ-UHFFFAOYSA-N"
"PD2R","NGFCHDLVALKPTJ-UHFFFAOYSA-N"
"PI2R","JEORYEVIWMUWRC-NRFANRHFSA-N"
"PD2R","JEORYEVIWMUWRC-NRFANRHFSA-N"
"PI2R","LHONMOULGYVETO-HXUWFJFHSA-N"
"PD2R","LHONMOULGYVETO-HXUWFJFHSA-N"
"PE2R2","XECAIYOLUPUKEJ-QFIPXVFZSA-N"
"PE2R2","IIWBXJIMFARCEB-NRFANRHFSA-N"
"PE2R2","CLCVZIUBJHRUGU-NRFANRHFSA-N"
"PE2R2","WMUFBYGHMKJROO-QFIPXVFZSA-N"
"TA2R","XECAIYOLUPUKEJ-QFIPXVFZSA-N"
"PI2R","XECAIYOLUPUKEJ-QFIPXVFZSA-N"
"PI2R","IIWBXJIMFARCEB-NRFANRHFSA-N"
"PI2R","CLCVZIUBJHRUGU-NRFANRHFSA-N"
"PI2R","WMUFBYGHMKJROO-QFIPXVFZSA-N"
"PD2R","XECAIYOLUPUKEJ-QFIPXVFZSA-N"
"PD2R","IIWBXJIMFARCEB-NRFANRHFSA-N"
"PD2R","CLCVZIUBJHRUGU-NRFANRHFSA-N"
"PD2R","WMUFBYGHMKJROO-QFIPXVFZSA-N"
"PE2R2","YSSBWOZPOQDJSI-UHFFFAOYSA-N"
"PD2R","YSSBWOZPOQDJSI-UHFFFAOYSA-N"
"DRD1","QDKUSZZMIFQVPN-JTQLQIEISA-N"
"DRD2","QDKUSZZMIFQVPN-JTQLQIEISA-N"
"DRD4","YJJVJEUUTBGCGP-IBGZPJMESA-N"
"AA1R","AYDUITGMILRLFK-UHFFFAOYSA-N"
"AA2AR","AYDUITGMILRLFK-UHFFFAOYSA-N"
"CCKAR","ZCTOAJMZLOKBBY-UHFFFAOYSA-N"
"GASR","ZCTOAJMZLOKBBY-UHFFFAOYSA-N"
"5HT2A","XNRNDZGXNRPGOC-FQEVSTJZSA-N"
"5HT2A","UPEHPUZOPHDONV-NRFANRHFSA-N"
"DRD4","XNRNDZGXNRPGOC-FQEVSTJZSA-N"
"DRD4","UPEHPUZOPHDONV-NRFANRHFSA-N"
"DRD2","XNRNDZGXNRPGOC-FQEVSTJZSA-N"
"DRD2","UPEHPUZOPHDONV-NRFANRHFSA-N"
"OPRD","GJLNONMXNYAOTE-MMLCPGSSSA-N"
"OPRK","GJLNONMXNYAOTE-MMLCPGSSSA-N"
"OPRM","GJLNONMXNYAOTE-MMLCPGSSSA-N"
"OPRX","GJLNONMXNYAOTE-MMLCPGSSSA-N"
"OPRD","RMRJXGBAOAMLHD-CTAPUXPBSA-N"
"OPRD","VKHMXTVEQIZBFB-QGBARRRRSA-N"
"OPRD","SXWDQIUYZZCDCQ-LDFHUFRKSA-N"
"OPRD","HBENZIXOGRCSQN-JLXZXSBASA-N"
"OPRD","LODHFYXTHWDEIJ-QFYDYFOISA-N"
"OPRD","KODQXFPDEKACDT-WJCIMCJESA-N"
"OPRD","RIURPOJYJOVIKD-FGNNMPKBSA-N"
"OPRD","UTZGXQJYZFJMQA-XLFZSTNJSA-N"
"OPRD","JBOQQMROLOTLHB-QXBRHUNYSA-N"
"OPRD","ATSAUJUUMADFLJ-ODGCDXHBSA-N"
"OPRK","VKHMXTVEQIZBFB-QGBARRRRSA-N"
"OPRK","GGVDQPNQFCSAQQ-DKMGXXMGSA-N"
"OPRK","MGKSTHKJDMBFHB-LXRFXQLGSA-N"
"OPRK","SXWDQIUYZZCDCQ-LDFHUFRKSA-N"
"OPRK","HBENZIXOGRCSQN-JLXZXSBASA-N"
"OPRK","RMRJXGBAOAMLHD-CTAPUXPBSA-N"
"OPRK","LODHFYXTHWDEIJ-QFYDYFOISA-N"
"OPRK","KODQXFPDEKACDT-WJCIMCJESA-N"
"OPRK","RIURPOJYJOVIKD-FGNNMPKBSA-N"
"OPRK","UTZGXQJYZFJMQA-XLFZSTNJSA-N"
"OPRK","JBOQQMROLOTLHB-QXBRHUNYSA-N"
"OPRK","ATSAUJUUMADFLJ-ODGCDXHBSA-N"
"OPRM","MGKSTHKJDMBFHB-LXRFXQLGSA-N"
"OPRM","RMRJXGBAOAMLHD-CTAPUXPBSA-N"
"OPRM","VKHMXTVEQIZBFB-QGBARRRRSA-N"
"OPRM","GGVDQPNQFCSAQQ-DKMGXXMGSA-N"
"OPRM","SXWDQIUYZZCDCQ-LDFHUFRKSA-N"
"OPRM","HBENZIXOGRCSQN-JLXZXSBASA-N"
"OPRM","LODHFYXTHWDEIJ-QFYDYFOISA-N"
"OPRM","KODQXFPDEKACDT-WJCIMCJESA-N"
"OPRM","RIURPOJYJOVIKD-FGNNMPKBSA-N"
"OPRM","UTZGXQJYZFJMQA-XLFZSTNJSA-N"
"OPRM","JBOQQMROLOTLHB-QXBRHUNYSA-N"
"OPRM","ATSAUJUUMADFLJ-ODGCDXHBSA-N"
"OPRX","GGVDQPNQFCSAQQ-DKMGXXMGSA-N"
"OPRX","SXWDQIUYZZCDCQ-LDFHUFRKSA-N"
"OPRX","HBENZIXOGRCSQN-JLXZXSBASA-N"
"OPRX","RMRJXGBAOAMLHD-CTAPUXPBSA-N"
"MCHR1","HWKAWRPUWYZHEF-RSXGOPAZSA-N"
"OPRD","FHEJNILMQNUGJA-PWUPCCMPSA-N"
"OPRM","FHEJNILMQNUGJA-PWUPCCMPSA-N"
"5HT1F","RKMQUAXCYSFRJS-UHFFFAOYSA-N"
"5HT1B","RKMQUAXCYSFRJS-UHFFFAOYSA-N"
"5HT1A","RKMQUAXCYSFRJS-UHFFFAOYSA-N"
"5HT1D","RKMQUAXCYSFRJS-UHFFFAOYSA-N"
"5HT6R","HUACZVLZBGEGGA-UHFFFAOYSA-N"
"MTR1B","PAVLPPHVNYXWPF-UHFFFAOYSA-N"
"ADA2C","RONZAEMNMFQXRA-UHFFFAOYSA-N"
"ADA2A","RONZAEMNMFQXRA-UHFFFAOYSA-N"
"HRH1","RONZAEMNMFQXRA-UHFFFAOYSA-N"
"5HT7R","RONZAEMNMFQXRA-UHFFFAOYSA-N"
"5HT2A","RONZAEMNMFQXRA-UHFFFAOYSA-N"
"5HT2C","RONZAEMNMFQXRA-UHFFFAOYSA-N"
"5HT1F","BBYIBACYQLBDSC-UHFFFAOYSA-N"
"AA1R","SSGCBXCKJQWPJL-NIQZGXKPSA-N"
"AA1R","OPVCMEPGQFSRQW-OIODXMIOSA-N"
"AA1R","OURJBCKOCLXZST-NIQZGXKPSA-N"
"AA1R","WOKSHSWUKATBJD-NPZWOMMPSA-N"
"AA2BR","OPVCMEPGQFSRQW-OIODXMIOSA-N"
"AA2AR","SSGCBXCKJQWPJL-NIQZGXKPSA-N"
"AA2AR","OPVCMEPGQFSRQW-OIODXMIOSA-N"
"AA2AR","OURJBCKOCLXZST-NIQZGXKPSA-N"
"AA2AR","WOKSHSWUKATBJD-NPZWOMMPSA-N"
"AA3R","SSGCBXCKJQWPJL-NIQZGXKPSA-N"
"AA3R","OPVCMEPGQFSRQW-OIODXMIOSA-N"
"AA3R","OURJBCKOCLXZST-NIQZGXKPSA-N"
"AA3R","WOKSHSWUKATBJD-NPZWOMMPSA-N"
"ACM1","RWNXMLKAIWDHLU-GOSISDBHSA-N"
"DRD3","SVSNQBMLUDOWHS-UHFFFAOYSA-N"
"DRD4","SVSNQBMLUDOWHS-UHFFFAOYSA-N"
"DRD2","SVSNQBMLUDOWHS-UHFFFAOYSA-N"
"DRD4","QIMZPHYIPMOZHG-UHFFFAOYSA-N"
"DRD4","XVDINFILZLZVNV-UHFFFAOYSA-N"
"DRD1","QIMZPHYIPMOZHG-UHFFFAOYSA-N"
"DRD1","XVDINFILZLZVNV-UHFFFAOYSA-N"
"DRD2","QIMZPHYIPMOZHG-UHFFFAOYSA-N"
"DRD2","XVDINFILZLZVNV-UHFFFAOYSA-N"
"DRD5","QIMZPHYIPMOZHG-UHFFFAOYSA-N"
"DRD5","XVDINFILZLZVNV-UHFFFAOYSA-N"
"5HT1A","XBNXSLUDGIRCOM-UHFFFAOYSA-N"
"DRD2","XBNXSLUDGIRCOM-UHFFFAOYSA-N"
"ACM2","FMPNFDSPHNUFOS-LPJDIUFZSA-N"
"ACM2","FMPNFDSPHNUFOS-HAHRSARXSA-N"
"ACM4","FMPNFDSPHNUFOS-LPJDIUFZSA-N"
"ACM4","FMPNFDSPHNUFOS-HAHRSARXSA-N"
"ACM3","FMPNFDSPHNUFOS-LPJDIUFZSA-N"
"ACM1","FMPNFDSPHNUFOS-LPJDIUFZSA-N"
"ACM1","FMPNFDSPHNUFOS-HAHRSARXSA-N"
"5HT1A","OHRNLIWSDINQNJ-UHFFFAOYSA-N"
"5HT1A","XDVASTBBJDCVRN-UHFFFAOYSA-N"
"5HT1A","VLOAJINDPKHKIO-UHFFFAOYSA-N"
"5HT1A","JVGGPWIASBTPGW-UHFFFAOYSA-N"
"DRD2","OHRNLIWSDINQNJ-UHFFFAOYSA-N"
"DRD2","XDVASTBBJDCVRN-UHFFFAOYSA-N"
"DRD2","VLOAJINDPKHKIO-UHFFFAOYSA-N"
"DRD2","JVGGPWIASBTPGW-UHFFFAOYSA-N"
"5HT1A","UHUMNQDHQUUJKC-UHFFFAOYSA-N"
"DRD2","UHUMNQDHQUUJKC-UHFFFAOYSA-N"
"5HT1A","QIXJCHBQCPESEZ-UHFFFAOYSA-N"
"DRD2","QIXJCHBQCPESEZ-UHFFFAOYSA-N"
"5HT1A","WVUXEQNDACAHHK-UHFFFAOYSA-N"
"DRD2","WVUXEQNDACAHHK-UHFFFAOYSA-N"
"5HT1A","BIHUQIVPVHHXCO-UHFFFAOYSA-N"
"DRD2","BIHUQIVPVHHXCO-UHFFFAOYSA-N"
"5HT1A","WNFZGOUONAMKNP-UHFFFAOYSA-N"
"DRD2","WNFZGOUONAMKNP-UHFFFAOYSA-N"
"5HT1A","CMCPGNNULUGJBT-UHFFFAOYSA-N"
"V2R","VHVPQPYKVGDNFY-ZPGVKDDISA-N"
"CCR4","VHVPQPYKVGDNFY-ZPGVKDDISA-N"
"CXCR1","VHVPQPYKVGDNFY-ZPGVKDDISA-N"
"5HT1A","KCOLXAMZGORQBP-UHFFFAOYSA-N"
"DRD2","KCOLXAMZGORQBP-UHFFFAOYSA-N"
"HRH3","DNVBBWNTRFFIHW-CQSZACIVSA-N"
"NPY5R","YLEQEZRAROTJCG-UHFFFAOYSA-N"
"DRD1","PRRVUGWDILXJOU-UHFFFAOYSA-N"
"DRD2","PRRVUGWDILXJOU-UHFFFAOYSA-N"
"MCHR1","PNCFRLDQNCNRED-RMKNXTFCSA-N"
"SSR2","DEYFPFJUHOXKJQ-UHFFFAOYSA-N"
"SSR5","DEYFPFJUHOXKJQ-UHFFFAOYSA-N"
"SSR2","XFPKKPUAPZGFCK-UHFFFAOYSA-N"
"SSR2","IAQRYTGTYQRUQR-UHFFFAOYSA-N"
"SSR3","XFPKKPUAPZGFCK-UHFFFAOYSA-N"
"SSR3","IAQRYTGTYQRUQR-UHFFFAOYSA-N"
"SSR4","XFPKKPUAPZGFCK-UHFFFAOYSA-N"
"SSR4","IAQRYTGTYQRUQR-UHFFFAOYSA-N"
"SSR1","XFPKKPUAPZGFCK-UHFFFAOYSA-N"
"SSR1","IAQRYTGTYQRUQR-UHFFFAOYSA-N"
"SSR5","XFPKKPUAPZGFCK-UHFFFAOYSA-N"
"SSR5","IAQRYTGTYQRUQR-UHFFFAOYSA-N"
"ADA1B","LYHQJHWJMJJLAD-GDHRODDYSA-N"
"5HT1B","LYHQJHWJMJJLAD-GDHRODDYSA-N"
"5HT1A","LYHQJHWJMJJLAD-GDHRODDYSA-N"
"5HT2A","LYHQJHWJMJJLAD-GDHRODDYSA-N"
"5HT2C","LYHQJHWJMJJLAD-GDHRODDYSA-N"
"5HT5A","LYHQJHWJMJJLAD-GDHRODDYSA-N"
"SSR2","AAGZRVOOYSMCNM-UHFFFAOYSA-N"
"SSR5","AAGZRVOOYSMCNM-UHFFFAOYSA-N"
"5HT2C","BWJVVDXMXAHTNJ-UHFFFAOYSA-N"
"5HT6R","BWJVVDXMXAHTNJ-UHFFFAOYSA-N"
"SSR2","YKFZRNVBSDILEH-UHFFFAOYSA-N"
"SSR5","YKFZRNVBSDILEH-UHFFFAOYSA-N"
"AA3R","ZFLJHSQHILSNCM-UHFFFAOYSA-N"
"SSR2","JJZVWWFCTORSJZ-UHFFFAOYSA-N"
"SSR5","JJZVWWFCTORSJZ-UHFFFAOYSA-N"
"SSR2","NEGBTPLIYRUDKW-UHFFFAOYSA-N"
"SSR5","NEGBTPLIYRUDKW-UHFFFAOYSA-N"
"HRH3","VIOOAFIHOMAEBH-OAQYLSRUSA-N"
"TA2R","SDGUUEATIIAOTG-UHFFFAOYSA-N"
"PI2R","SDGUUEATIIAOTG-UHFFFAOYSA-N"
"5HT1A","WMRSRBAGXHRVKS-UHFFFAOYSA-N"
"5HT2A","WMRSRBAGXHRVKS-UHFFFAOYSA-N"
"5HT2C","WMRSRBAGXHRVKS-UHFFFAOYSA-N"
"5HT1A","QXXXZTFUFKESQI-UHFFFAOYSA-N"
"5HT1E","QXXXZTFUFKESQI-UHFFFAOYSA-N"
"S1PR5","KBFWNTPZEXXBFF-NRFANRHFSA-N"
"S1PR1","KBFWNTPZEXXBFF-NRFANRHFSA-N"
"OPRM","ZYJDFOJIXLVUKV-QZLCNWOESA-N"
"OPRD","QAAOETKKVXBFDC-GLWCKJDOSA-N"
"OPRM","QAAOETKKVXBFDC-GLWCKJDOSA-N"
"MC4R","BUVGQEXSQXRZQG-LBQSHGEUSA-N"
"MC3R","BUVGQEXSQXRZQG-LBQSHGEUSA-N"
"MSHR","BUVGQEXSQXRZQG-LBQSHGEUSA-N"
"MC5R","BUVGQEXSQXRZQG-LBQSHGEUSA-N"
"AA1R","JKBPIGWNJYTKKJ-LSCFUAHRSA-N"
"HRH3","AHHPKVQYHXNBQN-UHFFFAOYSA-N"
"5HT1B","GCIDJPAHOAQOPY-UHFFFAOYSA-N"
"5HT1B","STHBOQUYXBHUNT-UHFFFAOYSA-N"
"5HT1B","NEKNPPRWLZIEGE-UHFFFAOYSA-N"
"5HT1B","NELMSVTWQFLKAL-UHFFFAOYSA-N"
"5HT1B","UYVDBUCXEYXDRT-UHFFFAOYSA-N"
"5HT1B","JASGQPKQLWYLDV-UHFFFAOYSA-N"
"5HT1A","GCIDJPAHOAQOPY-UHFFFAOYSA-N"
"5HT1A","STHBOQUYXBHUNT-UHFFFAOYSA-N"
"5HT1A","NEKNPPRWLZIEGE-UHFFFAOYSA-N"
"5HT1A","NELMSVTWQFLKAL-UHFFFAOYSA-N"
"5HT1A","UYVDBUCXEYXDRT-UHFFFAOYSA-N"
"5HT1A","JASGQPKQLWYLDV-UHFFFAOYSA-N"
"5HT1D","GCIDJPAHOAQOPY-UHFFFAOYSA-N"
"5HT1D","STHBOQUYXBHUNT-UHFFFAOYSA-N"
"5HT1D","NEKNPPRWLZIEGE-UHFFFAOYSA-N"
"5HT1D","NELMSVTWQFLKAL-UHFFFAOYSA-N"
"5HT1D","UYVDBUCXEYXDRT-UHFFFAOYSA-N"
"5HT1D","JASGQPKQLWYLDV-UHFFFAOYSA-N"
"EDNRB","XSSAXXJNGRXQCR-UHFFFAOYSA-N"
"EDNRA","XSSAXXJNGRXQCR-UHFFFAOYSA-N"
"HRH3","DDLNRLXMPCNPAF-IQPILQITSA-N"
"CCR5","HEXTXRMVMKIBQR-RZPFDVGOSA-N"
"CCR3","HEXTXRMVMKIBQR-RZPFDVGOSA-N"
"P2Y11","BHKMPGKJLBHTKQ-UHFFFAOYSA-H"
"MC4R","PBHKXVJFSKYMRO-IGBKUBFESA-N"
"MC3R","PBHKXVJFSKYMRO-IGBKUBFESA-N"
"AA1R","JIRGTKPVZYPJCV-ZVWXDJDZSA-N"
"AA2AR","JIRGTKPVZYPJCV-ZVWXDJDZSA-N"
"AA3R","JIRGTKPVZYPJCV-ZVWXDJDZSA-N"
"AA1R","XPJKLXMFGDTXCL-UHFFFAOYSA-N"
"AA2AR","XPJKLXMFGDTXCL-UHFFFAOYSA-N"
"5HT1A","LXWHNYYETIMYQL-UHFFFAOYSA-N"
"5HT1E","LXWHNYYETIMYQL-UHFFFAOYSA-N"
"5HT1D","LXWHNYYETIMYQL-UHFFFAOYSA-N"
"ACM2","SNNFRAGGSGAUHH-NRFANRHFSA-N"
"ACM2","BDLKVZCRRROJRY-FQEVSTJZSA-N"
"ACM2","URDXFKMXLZZTRI-FQEVSTJZSA-N"
"ACM2","DUVRCCCAGVFLMM-FQEVSTJZSA-N"
"ACM3","SNNFRAGGSGAUHH-NRFANRHFSA-N"
"ACM3","BDLKVZCRRROJRY-FQEVSTJZSA-N"
"ACM3","URDXFKMXLZZTRI-FQEVSTJZSA-N"
"ACM3","DUVRCCCAGVFLMM-FQEVSTJZSA-N"
"ACM1","SNNFRAGGSGAUHH-NRFANRHFSA-N"
"ACM1","BDLKVZCRRROJRY-FQEVSTJZSA-N"
"ACM1","URDXFKMXLZZTRI-FQEVSTJZSA-N"
"ACM1","DUVRCCCAGVFLMM-FQEVSTJZSA-N"
"5HT2A","MHHXJUJWDGPAEH-KEWLPNKHSA-N"
"5HT2C","MHHXJUJWDGPAEH-KEWLPNKHSA-N"
"OPRX","MHHXJUJWDGPAEH-KEWLPNKHSA-N"
"MCHR1","GIKJXFRITKLEPN-UHFFFAOYSA-N"
"MCHR1","ZYFROZAPTFMWIE-UHFFFAOYSA-N"
"MCHR1","STSGJULYNQJUDO-UHFFFAOYSA-N"
"MCHR1","MKWZMWRFPPUXEB-UHFFFAOYSA-N"
"MCHR1","OGOPSZFRZRFQJT-UHFFFAOYSA-N"
"PD2R2","PVJXZPBQSMAWDT-UHFFFAOYSA-N"
"MCHR1","JVDRAQMZKJWZBL-UHFFFAOYSA-N"
"MCHR1","DYWKKARJVZJMJV-UHFFFAOYSA-N"
"5HT1B","DJTDQOVOQOPRSJ-UHFFFAOYSA-N"
"5HT1A","DJTDQOVOQOPRSJ-UHFFFAOYSA-N"
"5HT1D","DJTDQOVOQOPRSJ-UHFFFAOYSA-N"
"CNR1","OLNTVTPDXPETLC-LIMDNCRJSA-N"
"5HT2A","SMWLFHWQLUJVNG-UHFFFAOYSA-N"
"5HT2C","SMWLFHWQLUJVNG-UHFFFAOYSA-N"
"PD2R","JTCAGRAKUAAYDY-OAHLLOKOSA-N"
"PD2R2","JTCAGRAKUAAYDY-OAHLLOKOSA-N"
"S1PR5","TXPQNUNBAQRPEW-UHFFFAOYSA-N"
"S1PR1","TXPQNUNBAQRPEW-UHFFFAOYSA-N"
"S1PR5","DMOOKXPSMLPOGZ-UHFFFAOYSA-N"
"S1PR1","DMOOKXPSMLPOGZ-UHFFFAOYSA-N"
"S1PR4","DMOOKXPSMLPOGZ-UHFFFAOYSA-N"
"S1PR5","QIPIWIXFCSCVEI-LJQANCHMSA-N"
"S1PR5","QIPIWIXFCSCVEI-IBGZPJMESA-N"
"S1PR1","QIPIWIXFCSCVEI-LJQANCHMSA-N"
"S1PR1","QIPIWIXFCSCVEI-IBGZPJMESA-N"
"S1PR4","QIPIWIXFCSCVEI-LJQANCHMSA-N"
"S1PR4","QIPIWIXFCSCVEI-IBGZPJMESA-N"
"MCHR2","QJVKSHKJQIYIKU-UHFFFAOYSA-N"
"MCHR1","QJVKSHKJQIYIKU-UHFFFAOYSA-N"
"MCHR2","ROIFDGZSVAMLHB-UHFFFAOYSA-N"
"MCHR1","ROIFDGZSVAMLHB-UHFFFAOYSA-N"
"S1PR5","GEMQKZAVXUVYBN-UHFFFAOYSA-N"
"S1PR1","GEMQKZAVXUVYBN-UHFFFAOYSA-N"
"S1PR4","GEMQKZAVXUVYBN-UHFFFAOYSA-N"
"PAR1","SMUIFSYAABCDNU-JTJSXPQVSA-N"
"DRD3","PWOUQMPSBBVTMJ-UHFFFAOYSA-N"
"DRD2","PWOUQMPSBBVTMJ-UHFFFAOYSA-N"
"GASR","UAUAYXKIQBNMBX-UHFFFAOYSA-N"
"OXYR","ISAYVWZUNKTFRK-CYXNTTPDSA-N"
"P2Y11","UFQDBQHBYBYCIN-UHFFFAOYSA-H"
"ACM2","LRNNBJBAUXSVMH-FSSWDIPSSA-N"
"ACM3","LRNNBJBAUXSVMH-FSSWDIPSSA-N"
"HRH3","JGEZUVQRDLSMME-OAHLLOKOSA-N"
"5HT2A","WGKKVLJBBALZSS-UHFFFAOYSA-N"
"DRD2","WGKKVLJBBALZSS-UHFFFAOYSA-N"
"ADA2B","BAADWHDQAKDYLX-UHFFFAOYSA-N"
"ADA2A","BAADWHDQAKDYLX-UHFFFAOYSA-N"
"5HT2B","NHGIYDWPNQLBJG-UHFFFAOYSA-N"
"5HT2B","YLNIWEXPAFDSQT-UHFFFAOYSA-N"
"5HT2A","NHGIYDWPNQLBJG-UHFFFAOYSA-N"
"5HT2A","YLNIWEXPAFDSQT-UHFFFAOYSA-N"
"5HT2C","NHGIYDWPNQLBJG-UHFFFAOYSA-N"
"5HT2C","YLNIWEXPAFDSQT-UHFFFAOYSA-N"
"5HT1D","CAALEIZWPZRHJM-RBFZIWAESA-N"
"DRD2","CAALEIZWPZRHJM-RBFZIWAESA-N"
"AGTR1","WQLXYQSKSGEIPU-UHFFFAOYSA-N"
"EDNRB","WQLXYQSKSGEIPU-UHFFFAOYSA-N"
"EDNRA","WQLXYQSKSGEIPU-UHFFFAOYSA-N"
"OPRD","UZQBGPGDTHZZAU-WNJJXGMVSA-N"
"OPRM","UZQBGPGDTHZZAU-WNJJXGMVSA-N"
"ADA2A","DDNAXKKEJCCHMD-UHFFFAOYSA-N"
"ADA2A","SINCAXCRAGCJEY-UHFFFAOYSA-N"
"ADA2A","ADLYXAHODXNVQT-UHFFFAOYSA-N"
"ADA2A","IYRXIXGRSIJDNI-UHFFFAOYSA-N"
"ADA2A","GPZGUIZYGOLWTO-UHFFFAOYSA-N"
"5HT2A","DDNAXKKEJCCHMD-UHFFFAOYSA-N"
"5HT2A","SINCAXCRAGCJEY-UHFFFAOYSA-N"
"5HT2A","ADLYXAHODXNVQT-UHFFFAOYSA-N"
"5HT2A","FFNDTETUPMNYNN-UHFFFAOYSA-N"
"5HT2A","IYRXIXGRSIJDNI-UHFFFAOYSA-N"
"5HT2A","GPZGUIZYGOLWTO-UHFFFAOYSA-N"
"DRD4","DDNAXKKEJCCHMD-UHFFFAOYSA-N"
"DRD4","GPZGUIZYGOLWTO-UHFFFAOYSA-N"
"DRD1","DDNAXKKEJCCHMD-UHFFFAOYSA-N"
"DRD1","SINCAXCRAGCJEY-UHFFFAOYSA-N"
"DRD1","ADLYXAHODXNVQT-UHFFFAOYSA-N"
"DRD1","FFNDTETUPMNYNN-UHFFFAOYSA-N"
"DRD1","IYRXIXGRSIJDNI-UHFFFAOYSA-N"
"DRD1","GPZGUIZYGOLWTO-UHFFFAOYSA-N"
"DRD2","DDNAXKKEJCCHMD-UHFFFAOYSA-N"
"DRD2","ADLYXAHODXNVQT-UHFFFAOYSA-N"
"DRD2","FFNDTETUPMNYNN-UHFFFAOYSA-N"
"DRD2","IYRXIXGRSIJDNI-UHFFFAOYSA-N"
"DRD2","GPZGUIZYGOLWTO-UHFFFAOYSA-N"
"DRD5","DDNAXKKEJCCHMD-UHFFFAOYSA-N"
"DRD5","SINCAXCRAGCJEY-UHFFFAOYSA-N"
"DRD5","ADLYXAHODXNVQT-UHFFFAOYSA-N"
"DRD5","FFNDTETUPMNYNN-UHFFFAOYSA-N"
"DRD5","IYRXIXGRSIJDNI-UHFFFAOYSA-N"
"DRD5","GPZGUIZYGOLWTO-UHFFFAOYSA-N"
"5HT1B","IXHFUNSVBJAYHP-UHFFFAOYSA-N"
"5HT1A","IXHFUNSVBJAYHP-UHFFFAOYSA-N"
"5HT2A","IXHFUNSVBJAYHP-UHFFFAOYSA-N"
"5HT2C","IXHFUNSVBJAYHP-UHFFFAOYSA-N"
"DRD3","IXHFUNSVBJAYHP-UHFFFAOYSA-N"
"5HT1B","HIBUHKNMTZCDMF-UHFFFAOYSA-N"
"5HT1A","HIBUHKNMTZCDMF-UHFFFAOYSA-N"
"5HT2A","HIBUHKNMTZCDMF-UHFFFAOYSA-N"
"DRD3","HIBUHKNMTZCDMF-UHFFFAOYSA-N"
"5HT1A","QMMPFJGZOGDNHT-UHFFFAOYSA-N"
"DRD1","QMMPFJGZOGDNHT-UHFFFAOYSA-N"
"DRD2","QMMPFJGZOGDNHT-UHFFFAOYSA-N"
"OPRD","WYYHNVBQKJKEOX-UHFFFAOYSA-N"
"OPRK","WYYHNVBQKJKEOX-UHFFFAOYSA-N"
"S1PR1","DCEHBSNHFUVPFD-UHFFFAOYSA-N"
"OPRM","XMWPUEPUQVYCIC-UHFFFAOYSA-N"
"OPRM","HWBKBKKWKOQEOX-ZJSXRUAMSA-N"
"AGTR2","PWVCJTQDCHXRDQ-UHFFFAOYSA-N"
"AGTR1","PWVCJTQDCHXRDQ-UHFFFAOYSA-N"
"AA1R","BVWSIHNUHWGLEX-UHFFFAOYSA-N"
"AA1R","HLTWCJCIPYYETO-UHFFFAOYSA-N"
"AA2BR","BVWSIHNUHWGLEX-UHFFFAOYSA-N"
"AA2BR","HLTWCJCIPYYETO-UHFFFAOYSA-N"
"AA3R","BVWSIHNUHWGLEX-UHFFFAOYSA-N"
"AA3R","HLTWCJCIPYYETO-UHFFFAOYSA-N"
"OPRD","BNEJMYFGXBQLFU-CIJOKURBSA-N"
"OPRK","BNEJMYFGXBQLFU-CIJOKURBSA-N"
"CNR2","SUGVYNSRNKFXQM-UHFFFAOYSA-N"
"CNR1","SUGVYNSRNKFXQM-UHFFFAOYSA-N"
"DRD3","BXOLXXSMCLYDNG-UHFFFAOYSA-N"
"DRD3","PWYCTCPWHXJEDU-UHFFFAOYSA-N"
"DRD3","ATCJEKKXEJVYOB-UHFFFAOYSA-N"
"DRD3","SBKJMNCSBLEGCS-UHFFFAOYSA-N"
"DRD3","NVVFACNDFFNYNI-UHFFFAOYSA-N"
"DRD3","UBVTUPXDRIQNKR-UHFFFAOYSA-N"
"DRD3","KRGBBAYNHOEQOO-UHFFFAOYSA-N"
"DRD3","UCIOVGXNJAERJD-UHFFFAOYSA-N"
"DRD4","BXOLXXSMCLYDNG-UHFFFAOYSA-N"
"DRD4","ATCJEKKXEJVYOB-UHFFFAOYSA-N"
"DRD4","KRGBBAYNHOEQOO-UHFFFAOYSA-N"
"DRD4","UCIOVGXNJAERJD-UHFFFAOYSA-N"
"DRD1","BXOLXXSMCLYDNG-UHFFFAOYSA-N"
"DRD1","PWYCTCPWHXJEDU-UHFFFAOYSA-N"
"DRD1","ATCJEKKXEJVYOB-UHFFFAOYSA-N"
"DRD1","SBKJMNCSBLEGCS-UHFFFAOYSA-N"
"DRD1","NVVFACNDFFNYNI-UHFFFAOYSA-N"
"DRD1","UBVTUPXDRIQNKR-UHFFFAOYSA-N"
"DRD1","KRGBBAYNHOEQOO-UHFFFAOYSA-N"
"DRD1","UCIOVGXNJAERJD-UHFFFAOYSA-N"
"DRD2","BXOLXXSMCLYDNG-UHFFFAOYSA-N"
"DRD2","PWYCTCPWHXJEDU-UHFFFAOYSA-N"
"DRD2","ATCJEKKXEJVYOB-UHFFFAOYSA-N"
"DRD2","SBKJMNCSBLEGCS-UHFFFAOYSA-N"
"DRD2","NVVFACNDFFNYNI-UHFFFAOYSA-N"
"DRD2","UBVTUPXDRIQNKR-UHFFFAOYSA-N"
"DRD2","KRGBBAYNHOEQOO-UHFFFAOYSA-N"
"DRD2","UCIOVGXNJAERJD-UHFFFAOYSA-N"
"DRD5","BXOLXXSMCLYDNG-UHFFFAOYSA-N"
"DRD5","PWYCTCPWHXJEDU-UHFFFAOYSA-N"
"DRD5","ATCJEKKXEJVYOB-UHFFFAOYSA-N"
"DRD5","SBKJMNCSBLEGCS-UHFFFAOYSA-N"
"DRD5","NVVFACNDFFNYNI-UHFFFAOYSA-N"
"DRD5","UBVTUPXDRIQNKR-UHFFFAOYSA-N"
"DRD5","KRGBBAYNHOEQOO-UHFFFAOYSA-N"
"DRD5","UCIOVGXNJAERJD-UHFFFAOYSA-N"
"DRD1","KUEQQBRCJDOEEZ-UHFFFAOYSA-N"
"DRD2","KUEQQBRCJDOEEZ-UHFFFAOYSA-N"
"DRD5","KUEQQBRCJDOEEZ-UHFFFAOYSA-N"
"DRD4","FHSMMEAYPKEOAQ-UHFFFAOYSA-N"
"DRD1","FHSMMEAYPKEOAQ-UHFFFAOYSA-N"
"DRD2","FHSMMEAYPKEOAQ-UHFFFAOYSA-N"
"DRD5","FHSMMEAYPKEOAQ-UHFFFAOYSA-N"
"AA1R","UGAWDWCYTZJBPQ-UHFFFAOYSA-N"
"AA2BR","UGAWDWCYTZJBPQ-UHFFFAOYSA-N"
"AA2AR","UGAWDWCYTZJBPQ-UHFFFAOYSA-N"
"NK1R","VBOXQXAJDAUESQ-UHFFFAOYSA-N"
"5HT2B","WKHUJGFKHHPASV-INIZCTEOSA-N"
"5HT2B","OCWOUQYVSKKXRS-INIZCTEOSA-N"
"5HT2A","WKHUJGFKHHPASV-INIZCTEOSA-N"
"5HT2A","OCWOUQYVSKKXRS-INIZCTEOSA-N"
"5HT2C","WKHUJGFKHHPASV-INIZCTEOSA-N"
"5HT2C","OCWOUQYVSKKXRS-INIZCTEOSA-N"
"V2R","ZHQUQIJYLAQQRC-UHFFFAOYSA-N"
"BRS3","UAVBKLSQGLKZKO-UHFFFAOYSA-N"
"CXCR2","XCVNKDBFHMYYDO-CYBMUJFWSA-N"
"CX3C1","XCVNKDBFHMYYDO-CYBMUJFWSA-N"
"CXCR2","COQNFUICOUPODA-SMDDNHRTSA-N"
"CX3C1","COQNFUICOUPODA-SMDDNHRTSA-N"
"NK1R","HGPMXNZOBKZRFR-KZULUSFZSA-N"
"AA1R","GMZSVEGPESZJKL-YSPQCQSRSA-N"
"AA3R","GMZSVEGPESZJKL-YSPQCQSRSA-N"
"AA3R","PBLVWNJUSBYJFE-IMIIHFCZSA-N"
"CCKAR","ZICGXQSIIFWORG-XXDIXCCXSA-N"
"OPRD","ZICGXQSIIFWORG-XXDIXCCXSA-N"
"OPRM","ZICGXQSIIFWORG-XXDIXCCXSA-N"
"MCHR1","JFLDPXNTPNHXDV-UHFFFAOYSA-N"
"PE2R4","NESDMEUWISZOKC-ZWKOTPCHSA-N"
"PE2R2","NESDMEUWISZOKC-ZWKOTPCHSA-N"
"PE2R4","SRSAPNTYWCSITR-FCHUYYIVSA-N"
"PE2R4","XMZZINOBVHKJPS-HMTLIYDFSA-N"
"CNR2","VEDDWTIIBHBHQV-UHFFFAOYSA-N"
"PE2R3","JRVIABLHHDFKSO-UHFFFAOYSA-N"
"CCR8","VACZJUIZGZSWET-UHFFFAOYSA-N"
"CCR5","PZUNHGZREVJANF-UHFFFAOYSA-N"
"GASR","XMLJSDGQSNTHPG-TVUSJDTQSA-N"
"OPRD","XMLJSDGQSNTHPG-TVUSJDTQSA-N"
"CNR1","QEMSVWCTUIBXRM-UHFFFAOYSA-N"
"AA2AR","WNVFFQZYOFELQA-UHFFFAOYSA-N"
"AA3R","WNVFFQZYOFELQA-UHFFFAOYSA-N"
"BKRB1","UXOKQMUPIBMIBQ-UHFFFAOYSA-N"
"5HT2A","AQRLDDAFYYAIJP-UHFFFAOYSA-N"
"5HT2C","AQRLDDAFYYAIJP-UHFFFAOYSA-N"
"MTR1B","ZJEMRWTWDJLTPC-UHFFFAOYSA-N"
"MTR1A","ZJEMRWTWDJLTPC-UHFFFAOYSA-N"
"S1PR5","SJSQQBATFXLXQC-LEWJYISDSA-N"
"S1PR5","QEBXXPLHWMZIKW-FCHUYYIVSA-N"
"S1PR5","QEBXXPLHWMZIKW-VXKWHMMOSA-N"
"S1PR5","DOAHOEVWZUKZMM-DYESRHJHSA-N"
"S1PR5","QMNAPCZIOKPJDQ-DNVCBOLYSA-N"
"S1PR5","DOAHOEVWZUKZMM-LAUBAEHRSA-N"
"S1PR1","SJSQQBATFXLXQC-LEWJYISDSA-N"
"S1PR1","QEBXXPLHWMZIKW-FCHUYYIVSA-N"
"S1PR1","QEBXXPLHWMZIKW-VXKWHMMOSA-N"
"S1PR1","DOAHOEVWZUKZMM-DYESRHJHSA-N"
"S1PR1","QMNAPCZIOKPJDQ-DNVCBOLYSA-N"
"S1PR1","DOAHOEVWZUKZMM-LAUBAEHRSA-N"
"S1PR4","SJSQQBATFXLXQC-LEWJYISDSA-N"
"S1PR4","QEBXXPLHWMZIKW-FCHUYYIVSA-N"
"S1PR4","QEBXXPLHWMZIKW-VXKWHMMOSA-N"
"S1PR4","DOAHOEVWZUKZMM-DYESRHJHSA-N"
"S1PR4","QMNAPCZIOKPJDQ-DNVCBOLYSA-N"
"S1PR4","DOAHOEVWZUKZMM-LAUBAEHRSA-N"
"5HT1A","ZKXPPFSIRYLWQE-UHFFFAOYSA-N"
"5HT1A","DHFUVVTYPXJZAP-UHFFFAOYSA-N"
"5HT1A","OWMILJDHSTVDQS-UHFFFAOYSA-N"
"DRD3","ZKXPPFSIRYLWQE-UHFFFAOYSA-N"
"DRD3","DHFUVVTYPXJZAP-UHFFFAOYSA-N"
"DRD3","OWMILJDHSTVDQS-UHFFFAOYSA-N"
"DRD4","ZKXPPFSIRYLWQE-UHFFFAOYSA-N"
"DRD4","DHFUVVTYPXJZAP-UHFFFAOYSA-N"
"DRD4","OWMILJDHSTVDQS-UHFFFAOYSA-N"
"DRD2","ZKXPPFSIRYLWQE-UHFFFAOYSA-N"
"DRD2","DHFUVVTYPXJZAP-UHFFFAOYSA-N"
"DRD2","OWMILJDHSTVDQS-UHFFFAOYSA-N"
"5HT1A","ZQEBKQUIKOLFRO-UHFFFAOYSA-N"
"5HT1A","PMMMMZICRVMUKQ-UHFFFAOYSA-N"
"5HT1A","MHJWMIITIMUUKU-UHFFFAOYSA-N"
"DRD3","KMPUUVTZQFSTEA-UHFFFAOYSA-N"
"DRD3","VFZKZZYPGOBKJY-UHFFFAOYSA-N"
"DRD3","VFDZFYCKUWKAKM-UHFFFAOYSA-N"
"DRD3","ZQEBKQUIKOLFRO-UHFFFAOYSA-N"
"DRD3","PMMMMZICRVMUKQ-UHFFFAOYSA-N"
"DRD4","KMPUUVTZQFSTEA-UHFFFAOYSA-N"
"DRD4","VFZKZZYPGOBKJY-UHFFFAOYSA-N"
"DRD4","VFDZFYCKUWKAKM-UHFFFAOYSA-N"
"DRD4","ZQEBKQUIKOLFRO-UHFFFAOYSA-N"
"DRD4","PMMMMZICRVMUKQ-UHFFFAOYSA-N"
"DRD4","MHJWMIITIMUUKU-UHFFFAOYSA-N"
"DRD2","MHJWMIITIMUUKU-UHFFFAOYSA-N"
"DRD2","KMPUUVTZQFSTEA-UHFFFAOYSA-N"
"DRD2","VFZKZZYPGOBKJY-UHFFFAOYSA-N"
"DRD2","VFDZFYCKUWKAKM-UHFFFAOYSA-N"
"DRD2","ZQEBKQUIKOLFRO-UHFFFAOYSA-N"
"DRD2","PMMMMZICRVMUKQ-UHFFFAOYSA-N"
"AA3R","IGTBNUVMBDYPQG-UHFFFAOYSA-N"
"5HT2A","IGTBNUVMBDYPQG-UHFFFAOYSA-N"
"5HT2C","IGTBNUVMBDYPQG-UHFFFAOYSA-N"
"GNRHR","IGTBNUVMBDYPQG-UHFFFAOYSA-N"
"PAR2","UPMAKYFEOQOERX-UHFFFAOYSA-N"
"5HT1A","FNHANZYICZUWQM-UHFFFAOYSA-N"
"DRD3","FNHANZYICZUWQM-UHFFFAOYSA-N"
"DRD4","FNHANZYICZUWQM-UHFFFAOYSA-N"
"DRD2","FNHANZYICZUWQM-UHFFFAOYSA-N"
"DRD3","BSDZATNMASVMIK-UHFFFAOYSA-N"
"DRD3","OZGYKPPQUQUAJA-UHFFFAOYSA-N"
"DRD4","BSDZATNMASVMIK-UHFFFAOYSA-N"
"DRD4","OZGYKPPQUQUAJA-UHFFFAOYSA-N"
"DRD2","BSDZATNMASVMIK-UHFFFAOYSA-N"
"DRD2","OZGYKPPQUQUAJA-UHFFFAOYSA-N"
"ADA1A","HXCJZIBJTFITNI-QCKNELIISA-N"
"GALR3","HXCJZIBJTFITNI-QCKNELIISA-N"
"DRD5","HXCJZIBJTFITNI-QCKNELIISA-N"
"GALR3","TXCGMRVPXUBHAL-NCELDCMTSA-N"
"5HT4R","TXCGMRVPXUBHAL-NCELDCMTSA-N"
"5HT1A","DKFCPXITENXQLV-RNYRYNLVSA-N"
"5HT2A","DKFCPXITENXQLV-RNYRYNLVSA-N"
"5HT1A","JGNODSWDHKLXIU-QHCPKHFHSA-N"
"5HT2A","JGNODSWDHKLXIU-QHCPKHFHSA-N"
"5HT1A","OAXYCEUSIUEZRW-DEOSSOPVSA-N"
"5HT2A","OAXYCEUSIUEZRW-DEOSSOPVSA-N"
"5HT1A","VDXRQLKUIDYFID-JVLTXYAPSA-N"
"5HT2A","VDXRQLKUIDYFID-JVLTXYAPSA-N"
"DRD2","VDXRQLKUIDYFID-JVLTXYAPSA-N"
"5HT1A","PWFKOTHBUIUXGW-FADFPCINSA-N"
"5HT2A","PWFKOTHBUIUXGW-FADFPCINSA-N"
"CCKAR","NPICNRXSUIQSCR-SFHVURJKSA-N"
"GASR","NPICNRXSUIQSCR-SFHVURJKSA-N"
"MCHR1","DAWVIISZSJSPPE-LJQANCHMSA-N"
"S1PR5","DHVYHNBDKXSJGJ-UHFFFAOYSA-N"
"S1PR1","DHVYHNBDKXSJGJ-UHFFFAOYSA-N"
"OPRD","ORYLQLGPWPORPN-VXNXHJTFSA-N"
"OPRM","ORYLQLGPWPORPN-VXNXHJTFSA-N"
"OPRM","ROQAGVQWRNDSGI-XFTNXAEASA-N"
"AA1R","ODKIIRGGBWEQPE-UHFFFAOYSA-N"
"AA1R","LKQSGKOYMDGWTQ-UHFFFAOYSA-N"
"AA2BR","ODKIIRGGBWEQPE-UHFFFAOYSA-N"
"AA2BR","LKQSGKOYMDGWTQ-UHFFFAOYSA-N"
"AA2AR","ODKIIRGGBWEQPE-UHFFFAOYSA-N"
"AA2AR","LKQSGKOYMDGWTQ-UHFFFAOYSA-N"
"AA1R","HHNGYTVWOXXKET-UHFFFAOYSA-N"
"AA1R","BUGBHBGTCARRNY-UHFFFAOYSA-N"
"AA1R","XTTKWTJWEDQVCT-UHFFFAOYSA-N"
"AA1R","UUDWOTHIXFRLKP-UHFFFAOYSA-N"
"AA1R","AQZAJVBRYMBFPK-UHFFFAOYSA-N"
"AA1R","GLENVIZFDNPZHM-UHFFFAOYSA-N"
"AA1R","BGRKVIAGBNUFJB-UHFFFAOYSA-N"
"AA1R","DRQZZNDGMBNKEV-UHFFFAOYSA-N"
"AA2BR","HHNGYTVWOXXKET-UHFFFAOYSA-N"
"AA2BR","BUGBHBGTCARRNY-UHFFFAOYSA-N"
"AA2BR","XTTKWTJWEDQVCT-UHFFFAOYSA-N"
"AA2BR","UUDWOTHIXFRLKP-UHFFFAOYSA-N"
"AA2BR","AQZAJVBRYMBFPK-UHFFFAOYSA-N"
"AA2BR","GLENVIZFDNPZHM-UHFFFAOYSA-N"
"AA2BR","BGRKVIAGBNUFJB-UHFFFAOYSA-N"
"AA2BR","DRQZZNDGMBNKEV-UHFFFAOYSA-N"
"AA2AR","HHNGYTVWOXXKET-UHFFFAOYSA-N"
"AA2AR","BUGBHBGTCARRNY-UHFFFAOYSA-N"
"AA2AR","XTTKWTJWEDQVCT-UHFFFAOYSA-N"
"AA2AR","UUDWOTHIXFRLKP-UHFFFAOYSA-N"
"AA2AR","AQZAJVBRYMBFPK-UHFFFAOYSA-N"
"AA2AR","GLENVIZFDNPZHM-UHFFFAOYSA-N"
"AA2AR","BGRKVIAGBNUFJB-UHFFFAOYSA-N"
"AA2AR","DRQZZNDGMBNKEV-UHFFFAOYSA-N"
"AA3R","XTTKWTJWEDQVCT-UHFFFAOYSA-N"
"AA3R","DRQZZNDGMBNKEV-UHFFFAOYSA-N"
"OPRD","SBTLNIGOFFIEFE-RRPNLBNLSA-N"
"OPRK","SBTLNIGOFFIEFE-RRPNLBNLSA-N"
"OPRM","SBTLNIGOFFIEFE-RRPNLBNLSA-N"
"MC4R","WIUGVXOSBXINHH-UPRLRBBYSA-N"
"MC4R","HTSRDLNRKNCSLJ-XFBWMNOSSA-N"
"MC3R","WIUGVXOSBXINHH-UPRLRBBYSA-N"
"MC3R","HTSRDLNRKNCSLJ-XFBWMNOSSA-N"
"MSHR","WIUGVXOSBXINHH-UPRLRBBYSA-N"
"MSHR","HTSRDLNRKNCSLJ-XFBWMNOSSA-N"
"5HT1A","WQPHROPLMJSADO-UHFFFAOYSA-N"
"5HT2B","WRBLMUFLYRGRPQ-UHFFFAOYSA-N"
"5HT2B","HYDQDKYUFHPZTL-UHFFFAOYSA-N"
"5HT2A","PIHSAFOOPMCGOM-UHFFFAOYSA-N"
"5HT2A","WRBLMUFLYRGRPQ-UHFFFAOYSA-N"
"5HT2A","HYDQDKYUFHPZTL-UHFFFAOYSA-N"
"5HT2C","PIHSAFOOPMCGOM-UHFFFAOYSA-N"
"5HT2C","WRBLMUFLYRGRPQ-UHFFFAOYSA-N"
"5HT2C","HYDQDKYUFHPZTL-UHFFFAOYSA-N"
"DRD3","WRBLMUFLYRGRPQ-UHFFFAOYSA-N"
"CXCR2","QIFFSXAXKXBABE-FQNRMIAFSA-N"
"CXCR1","QIFFSXAXKXBABE-FQNRMIAFSA-N"
"CXCR2","DGGJPUBUCAEEHT-UHFFFAOYSA-N"
"CXCR1","DGGJPUBUCAEEHT-UHFFFAOYSA-N"
"NK1R","PYXASHMZLWIZKY-VBHBFSRDSA-N"
"CCR2","PYXASHMZLWIZKY-VBHBFSRDSA-N"
"OPRM","QUNZJRVGBKYQDV-UHFFFAOYSA-N"
"OPRX","QUNZJRVGBKYQDV-UHFFFAOYSA-N"
"PKR1","KJJXBCYIKIOANE-UHFFFAOYSA-N"
"AA1R","PNXKNLVMBBJLFQ-UHFFFAOYSA-N"
"MCHR1","HANLAPNDBNRKKI-FTJBHMTQSA-N"
"AA1R","DUHSDOJNFHLISS-UHFFFAOYSA-N"
"AA1R","SPZIDRYLSXDAEF-UHFFFAOYSA-N"
"AA2BR","DUHSDOJNFHLISS-UHFFFAOYSA-N"
"AA2AR","DUHSDOJNFHLISS-UHFFFAOYSA-N"
"AA2AR","SPZIDRYLSXDAEF-UHFFFAOYSA-N"
"AA3R","SPZIDRYLSXDAEF-UHFFFAOYSA-N"
"ADA2A","VTTMDSGFQMHASZ-UHFFFAOYSA-N"
"5HT2A","VTTMDSGFQMHASZ-UHFFFAOYSA-N"
"DRD4","VTTMDSGFQMHASZ-UHFFFAOYSA-N"
"DRD1","VTTMDSGFQMHASZ-UHFFFAOYSA-N"
"DRD2","VTTMDSGFQMHASZ-UHFFFAOYSA-N"
"DRD5","VTTMDSGFQMHASZ-UHFFFAOYSA-N"
"ACM2","CNPFYHSXAKKLOF-SLGZMBILSA-N"
"ACM2","BHAUVKSALKMKRU-SLGZMBILSA-N"
"ACM2","DKABYCZEFMBXSO-BMSWWXRLSA-N"
"ACM2","AFAZXESEAHMGAC-BMSWWXRLSA-N"
"ACM2","KXGAHULLQRZYOM-SXLOSVNLSA-N"
"ACM5","KXGAHULLQRZYOM-SXLOSVNLSA-N"
"ACM4","CNPFYHSXAKKLOF-SLGZMBILSA-N"
"ACM4","BHAUVKSALKMKRU-SLGZMBILSA-N"
"ACM4","DKABYCZEFMBXSO-BMSWWXRLSA-N"
"ACM4","AFAZXESEAHMGAC-BMSWWXRLSA-N"
"ACM4","KXGAHULLQRZYOM-SXLOSVNLSA-N"
"ACM3","CNPFYHSXAKKLOF-SLGZMBILSA-N"
"ACM3","BHAUVKSALKMKRU-SLGZMBILSA-N"
"ACM3","DKABYCZEFMBXSO-BMSWWXRLSA-N"
"ACM3","AFAZXESEAHMGAC-BMSWWXRLSA-N"
"ACM3","KXGAHULLQRZYOM-SXLOSVNLSA-N"
"ACM1","CNPFYHSXAKKLOF-SLGZMBILSA-N"
"ACM1","BHAUVKSALKMKRU-SLGZMBILSA-N"
"ACM1","DKABYCZEFMBXSO-BMSWWXRLSA-N"
"ACM1","AFAZXESEAHMGAC-BMSWWXRLSA-N"
"ACM1","KXGAHULLQRZYOM-SXLOSVNLSA-N"
"ACM4","XNEGPONSGSBZSW-OCBJUFRSSA-N"
"ACM3","XNEGPONSGSBZSW-OCBJUFRSSA-N"
"ACM1","XNEGPONSGSBZSW-OCBJUFRSSA-N"
"HRH3","CILDROBPHGWMGB-UHFFFAOYSA-N"
"HRH1","CILDROBPHGWMGB-UHFFFAOYSA-N"
"DRD3","CILDROBPHGWMGB-UHFFFAOYSA-N"
"DRD1","CILDROBPHGWMGB-UHFFFAOYSA-N"
"DRD2","CILDROBPHGWMGB-UHFFFAOYSA-N"
"DRD5","CILDROBPHGWMGB-UHFFFAOYSA-N"
"CCR5","DASFLNPMYWESNX-YSYXNDDBSA-N"
"CCR5","OJZMUURUHJEXLT-QHCPKHFHSA-N"
"5HT2C","CCQQMKPBDIACQQ-UHFFFAOYSA-N"
"MCHR1","CCQQMKPBDIACQQ-UHFFFAOYSA-N"
"MCHR1","SQWCBYQDPFCMHQ-RUDMXATFSA-N"
"MC4R","BACKPKKWDGBCRT-PVHODMMVSA-N"
"MC4R","JICSVJQEGDFDBH-ULNSLHSMSA-N"
"MC4R","DBDVRJVEKWLHPY-AXIZJSBMSA-N"
"MC4R","RDQOUEKWQGRDRJ-ULNSLHSMSA-N"
"MC4R","AHYGIWNTGDKMRR-SUAIOLNFSA-N"
"MC3R","BACKPKKWDGBCRT-PVHODMMVSA-N"
"MC3R","JICSVJQEGDFDBH-ULNSLHSMSA-N"
"MC3R","DBDVRJVEKWLHPY-AXIZJSBMSA-N"
"MC3R","RDQOUEKWQGRDRJ-ULNSLHSMSA-N"
"MC3R","AHYGIWNTGDKMRR-SUAIOLNFSA-N"
"MSHR","BACKPKKWDGBCRT-PVHODMMVSA-N"
"MSHR","JICSVJQEGDFDBH-ULNSLHSMSA-N"
"MSHR","DBDVRJVEKWLHPY-AXIZJSBMSA-N"
"MSHR","RDQOUEKWQGRDRJ-ULNSLHSMSA-N"
"MSHR","AHYGIWNTGDKMRR-SUAIOLNFSA-N"
"OPRM","DHDRBUQCZPZXNW-IJPMLFLGSA-N"
"OPRX","DHDRBUQCZPZXNW-IJPMLFLGSA-N"
"OPRM","JSLWGMSGFRFMOR-GCASCPCBSA-N"
"OPRX","JSLWGMSGFRFMOR-GCASCPCBSA-N"
"OXYR","LPORDOXFUPBWBR-UHFFFAOYSA-N"
"PD2R2","JEPDINCGXLHLDF-UHFFFAOYSA-N"
"MCHR1","YHFYMWCEUXWZPF-UHFFFAOYSA-N"
"OPRM","FJZYPQNKFGDFEG-NWGZXSTASA-N"
"OPRX","FJZYPQNKFGDFEG-NWGZXSTASA-N"
"MCHR1","PUSSNOHHCKDXMM-RPWUZVMVSA-N"
"MTR1B","UIZZGNRSNBXWMP-UHFFFAOYSA-N"
"MTR1A","UIZZGNRSNBXWMP-UHFFFAOYSA-N"
"OXYR","SKWSXDUHUVMPBT-UHFFFAOYSA-N"
"V1AR","SKWSXDUHUVMPBT-UHFFFAOYSA-N"
"OXYR","WDERJSQJYIJOPD-UHFFFAOYSA-N"
"V1AR","WDERJSQJYIJOPD-UHFFFAOYSA-N"
"ADA2B","JXZZEXZZKAWDSP-UHFFFAOYSA-N"
"ADA2C","JXZZEXZZKAWDSP-UHFFFAOYSA-N"
"ADA1D","JXZZEXZZKAWDSP-UHFFFAOYSA-N"
"HRH3","VBUXZJLFLMHLLC-UHFFFAOYSA-N"
"CNR2","GXUDVWWCSLVPHY-UHFFFAOYSA-N"
"CNR1","GXUDVWWCSLVPHY-UHFFFAOYSA-N"
"CNR2","BNHUMMLUSHLSRT-UHFFFAOYSA-N"
"CNR1","BNHUMMLUSHLSRT-UHFFFAOYSA-N"
"CNR2","VRAAPPPBWYVIIW-UHFFFAOYSA-N"
"CNR1","VRAAPPPBWYVIIW-UHFFFAOYSA-N"
"HRH3","PARJGQCKHQBNLB-UHFFFAOYSA-N"
"HRH4","PARJGQCKHQBNLB-UHFFFAOYSA-N"
"ADA2B","CNOXIXMPZLKURQ-UHFFFAOYSA-N"
"ADA2C","CNOXIXMPZLKURQ-UHFFFAOYSA-N"
"ADA2C","AWRXNUNJSQSZSP-UHFFFAOYSA-N"
"ADA2C","MZAWJNSMQVUPQW-UHFFFAOYSA-N"
"AA1R","UOQYIXROQIKTLQ-JYMLRBTQSA-N"
"AA2BR","UOQYIXROQIKTLQ-JYMLRBTQSA-N"
"AA1R","VPQZQQILWCCMPS-UYGKQXMSSA-N"
"AA2BR","VPQZQQILWCCMPS-UYGKQXMSSA-N"
"ADA1A","JHHAAVCPJVMVLF-VEIFNGETSA-N"
"ADA1A","ZHJBQCNJMQLLPC-BDQAORGHSA-N"
"ADA1A","ZHJBQCNJMQLLPC-VEIFNGETSA-N"
"ADA1A","AFUDWLGGLABPSJ-FYZYNONXSA-N"
"ADA1B","JHHAAVCPJVMVLF-VEIFNGETSA-N"
"ADA1B","ZHJBQCNJMQLLPC-BDQAORGHSA-N"
"ADA1B","ZHJBQCNJMQLLPC-VEIFNGETSA-N"
"ADA1B","AFUDWLGGLABPSJ-FYZYNONXSA-N"
"ADA1D","JHHAAVCPJVMVLF-VEIFNGETSA-N"
"ADA1D","ZHJBQCNJMQLLPC-BDQAORGHSA-N"
"ADA1D","ZHJBQCNJMQLLPC-VEIFNGETSA-N"
"ADA1D","AFUDWLGGLABPSJ-FYZYNONXSA-N"
"5HT1A","JHHAAVCPJVMVLF-VEIFNGETSA-N"
"5HT1A","ZHJBQCNJMQLLPC-BDQAORGHSA-N"
"5HT1A","ZHJBQCNJMQLLPC-VEIFNGETSA-N"
"5HT1A","AFUDWLGGLABPSJ-FYZYNONXSA-N"
"ADA1A","XBRXTUGRUXGBPX-DLBZAZTESA-N"
"ADA1A","OPWUDKHNJTZQCL-APTPAJQOSA-N"
"ADA1A","LHQZAGFDSDUQIS-APTPAJQOSA-N"
"ADA1A","WORVXKSIJZQWMH-RBUKOAKNSA-N"
"ADA1B","XBRXTUGRUXGBPX-DLBZAZTESA-N"
"ADA1B","OPWUDKHNJTZQCL-APTPAJQOSA-N"
"ADA1B","LHQZAGFDSDUQIS-APTPAJQOSA-N"
"ADA1B","WORVXKSIJZQWMH-RBUKOAKNSA-N"
"ADA1D","XBRXTUGRUXGBPX-DLBZAZTESA-N"
"ADA1D","OPWUDKHNJTZQCL-APTPAJQOSA-N"
"ADA1D","LHQZAGFDSDUQIS-APTPAJQOSA-N"
"ADA1D","WORVXKSIJZQWMH-RBUKOAKNSA-N"
"MCHR1","UWZAIHJEZDRIJB-UHFFFAOYSA-N"
"MCHR2","UKBMUBRWLVXPNM-NTEUORMPSA-N"
"MCHR1","UKBMUBRWLVXPNM-NTEUORMPSA-N"
"EDNRA","LJGUZUROJOJEMI-UHFFFAOYSA-N"
"MC5R","KPKOJXZVOJTTBP-VXKWHMMOSA-N"
"HRH3","NNTXDTDYFGVXIY-UHFFFAOYSA-N"
"AA1R","UVCPEXPHSCKQFM-SCFUHWHPSA-N"
"AA3R","UVCPEXPHSCKQFM-SCFUHWHPSA-N"
"NK1R","MODAQCKIIMLKED-NRFANRHFSA-N"
"CNR2","SPEFJYZGXZENAF-UHFFFAOYSA-N"
"CNR1","SPEFJYZGXZENAF-UHFFFAOYSA-N"
"CNR1","NJXUPXIMEHIIRV-UHFFFAOYSA-N"
"HRH4","XFTTTWALLGOVFT-UHFFFAOYSA-N"
"OPRD","KYWMQIRORZGHDH-KKSWQRHZSA-N"
"OPRM","KYWMQIRORZGHDH-KKSWQRHZSA-N"
"NK3R","GFLXRLDXOTTYEB-UHFFFAOYSA-N"
"V2R","KEAHYTRPVNOHKL-ZHFJCBJKSA-N"
"V1BR","KEAHYTRPVNOHKL-ZHFJCBJKSA-N"
"V1AR","KEAHYTRPVNOHKL-ZHFJCBJKSA-N"
"V2R","RJWLIPGRNZUUNS-OAKHNGAUSA-N"
"V2R","CADGMGWLZUBCQD-ZTYVOHGWSA-N"
"V2R","DPVYQFBOSXXNLG-CXWHUAPYSA-N"
"OXYR","RJWLIPGRNZUUNS-OAKHNGAUSA-N"
"OXYR","CADGMGWLZUBCQD-ZTYVOHGWSA-N"
"OXYR","DPVYQFBOSXXNLG-CXWHUAPYSA-N"
"V1BR","RJWLIPGRNZUUNS-OAKHNGAUSA-N"
"V1BR","CADGMGWLZUBCQD-ZTYVOHGWSA-N"
"V1BR","DPVYQFBOSXXNLG-CXWHUAPYSA-N"
"5HT2A","HEKOGNYDDZRAAJ-UHFFFAOYSA-N"
"5HT2A","AARWRAFDYZSYPD-UHFFFAOYSA-N"
"5HT2A","OCLIVVKGXAOVNC-UHFFFAOYSA-N"
"5HT2A","UTJCXDMLSWYEJA-UHFFFAOYSA-N"
"DRD3","HEKOGNYDDZRAAJ-UHFFFAOYSA-N"
"DRD3","AARWRAFDYZSYPD-UHFFFAOYSA-N"
"DRD3","OCLIVVKGXAOVNC-UHFFFAOYSA-N"
"DRD3","UTJCXDMLSWYEJA-UHFFFAOYSA-N"
"DRD4","HEKOGNYDDZRAAJ-UHFFFAOYSA-N"
"DRD4","AARWRAFDYZSYPD-UHFFFAOYSA-N"
"DRD4","OCLIVVKGXAOVNC-UHFFFAOYSA-N"
"DRD4","UTJCXDMLSWYEJA-UHFFFAOYSA-N"
"DRD2","HEKOGNYDDZRAAJ-UHFFFAOYSA-N"
"DRD2","AARWRAFDYZSYPD-UHFFFAOYSA-N"
"DRD2","OCLIVVKGXAOVNC-UHFFFAOYSA-N"
"DRD2","UTJCXDMLSWYEJA-UHFFFAOYSA-N"
"5HT2A","IAAGTZGGIXMUPK-UHFFFAOYSA-N"
"5HT2C","IAAGTZGGIXMUPK-UHFFFAOYSA-N"
"KISSR","QUHYACYUHCKMEC-WOUDKVOTSA-N"
"5HT2A","JWZBRHICAGOWSR-UHFFFAOYSA-N"
"V2R","MVJHCHSVFFDHAX-KBMIEXCESA-N"
"V1AR","MVJHCHSVFFDHAX-KBMIEXCESA-N"
"5HT2B","MNIPSARJNABKIZ-XCBNKYQSSA-N"
"5HT2B","IAQXADIYISFYCJ-CMPLNLGQSA-N"
"5HT2B","UDGYHMBUODQQEI-ZDUSSCGKSA-N"
"5HT2B","QFNLHHFCTDZQJU-UHFFFAOYSA-N"
"5HT2B","ZWKILPBYPRWWLP-NSHDSACASA-N"
"5HT2B","MYJCTHLPBPJBRB-VIFPVBQESA-N"
"5HT2B","CADIZNXZPSVKJP-NSHDSACASA-N"
"5HT2B","KXGOSZXOKPHJFK-NEPJUHHUSA-N"
"5HT2A","MNIPSARJNABKIZ-XCBNKYQSSA-N"
"5HT2A","IAQXADIYISFYCJ-CMPLNLGQSA-N"
"5HT2A","UDGYHMBUODQQEI-ZDUSSCGKSA-N"
"5HT2A","QFNLHHFCTDZQJU-UHFFFAOYSA-N"
"5HT2A","ZWKILPBYPRWWLP-NSHDSACASA-N"
"5HT2A","MYJCTHLPBPJBRB-VIFPVBQESA-N"
"5HT2A","CADIZNXZPSVKJP-NSHDSACASA-N"
"5HT2A","KXGOSZXOKPHJFK-NEPJUHHUSA-N"
"5HT2C","MNIPSARJNABKIZ-XCBNKYQSSA-N"
"5HT2C","IAQXADIYISFYCJ-CMPLNLGQSA-N"
"5HT2C","UDGYHMBUODQQEI-ZDUSSCGKSA-N"
"5HT2C","QFNLHHFCTDZQJU-UHFFFAOYSA-N"
"5HT2C","ZWKILPBYPRWWLP-NSHDSACASA-N"
"5HT2C","MYJCTHLPBPJBRB-VIFPVBQESA-N"
"5HT2C","CADIZNXZPSVKJP-NSHDSACASA-N"
"5HT2C","KXGOSZXOKPHJFK-NEPJUHHUSA-N"
"ADA2C","CUVBGWMAORETGV-UHFFFAOYSA-N"
"ACM2","XZLJEIBXFOYRCP-UHFFFAOYSA-N"
"ACM3","XZLJEIBXFOYRCP-UHFFFAOYSA-N"
"AA1R","RBLGZQGAVZQMSY-NVQRDWNXSA-N"
"AA1R","DKKUXTZYGGOBFU-BGIGGGFGSA-N"
"AA1R","ZUYSJPWNKBPSJB-NVQRDWNXSA-N"
"AA2AR","RBLGZQGAVZQMSY-NVQRDWNXSA-N"
"AA2AR","DKKUXTZYGGOBFU-BGIGGGFGSA-N"
"AA2AR","ZUYSJPWNKBPSJB-NVQRDWNXSA-N"
"AA3R","RBLGZQGAVZQMSY-NVQRDWNXSA-N"
"AA3R","DKKUXTZYGGOBFU-BGIGGGFGSA-N"
"AA3R","ZUYSJPWNKBPSJB-NVQRDWNXSA-N"
"NK3R","ZUQVUNAHJSVZOQ-QVWWMRLHSA-N"
"GHSR","UBXHWKKKGGECRZ-HHHXNRCGSA-N"
"5HT1A","ODESIYLAWVFSCP-UHFFFAOYSA-N"
"5HT7R","ODESIYLAWVFSCP-UHFFFAOYSA-N"
"5HT1A","LXWYKTWQUZXTEL-UHFFFAOYSA-N"
"5HT7R","LXWYKTWQUZXTEL-UHFFFAOYSA-N"
"5HT1A","OVYNZBZCWFALNG-UHFFFAOYSA-N"
"5HT1A","JNBBJUHCODFLEG-UHFFFAOYSA-N"
"5HT1A","GKCVNAHJIZRKPK-UHFFFAOYSA-N"
"5HT1A","AQGOMYFVHABIMM-UHFFFAOYSA-N"
"5HT1A","JINXBCRENWAIPY-UHFFFAOYSA-N"
"5HT1A","ZBUOQRCOVPVZEE-UHFFFAOYSA-N"
"5HT1A","NTIASQFANBLTMM-UHFFFAOYSA-N"
"5HT1A","AYPZPRUFAPTKJJ-UHFFFAOYSA-N"
"5HT1A","GJXLROXNFUKMEK-UHFFFAOYSA-N"
"5HT1A","XJYAXSYLDGSUII-UHFFFAOYSA-N"
"5HT7R","OVYNZBZCWFALNG-UHFFFAOYSA-N"
"5HT7R","JNBBJUHCODFLEG-UHFFFAOYSA-N"
"5HT7R","GKCVNAHJIZRKPK-UHFFFAOYSA-N"
"5HT7R","AQGOMYFVHABIMM-UHFFFAOYSA-N"
"5HT7R","JINXBCRENWAIPY-UHFFFAOYSA-N"
"5HT7R","ZBUOQRCOVPVZEE-UHFFFAOYSA-N"
"5HT7R","NTIASQFANBLTMM-UHFFFAOYSA-N"
"5HT7R","AYPZPRUFAPTKJJ-UHFFFAOYSA-N"
"5HT7R","GJXLROXNFUKMEK-UHFFFAOYSA-N"
"5HT7R","XJYAXSYLDGSUII-UHFFFAOYSA-N"
"5HT2A","OVYNZBZCWFALNG-UHFFFAOYSA-N"
"5HT2A","JNBBJUHCODFLEG-UHFFFAOYSA-N"
"5HT2A","GKCVNAHJIZRKPK-UHFFFAOYSA-N"
"5HT2A","AQGOMYFVHABIMM-UHFFFAOYSA-N"
"5HT2A","JINXBCRENWAIPY-UHFFFAOYSA-N"
"5HT2A","ZBUOQRCOVPVZEE-UHFFFAOYSA-N"
"5HT2A","AYPZPRUFAPTKJJ-UHFFFAOYSA-N"
"5HT2A","GJXLROXNFUKMEK-UHFFFAOYSA-N"
"5HT2A","XJYAXSYLDGSUII-UHFFFAOYSA-N"
"DRD2","OVYNZBZCWFALNG-UHFFFAOYSA-N"
"DRD2","JNBBJUHCODFLEG-UHFFFAOYSA-N"
"DRD2","GKCVNAHJIZRKPK-UHFFFAOYSA-N"
"DRD2","JINXBCRENWAIPY-UHFFFAOYSA-N"
"DRD2","ZBUOQRCOVPVZEE-UHFFFAOYSA-N"
"DRD2","NTIASQFANBLTMM-UHFFFAOYSA-N"
"DRD2","AYPZPRUFAPTKJJ-UHFFFAOYSA-N"
"DRD2","GJXLROXNFUKMEK-UHFFFAOYSA-N"
"CNR2","QOVHZRLVLYCCSG-UHFFFAOYSA-N"
"CNR1","QOVHZRLVLYCCSG-UHFFFAOYSA-N"
"5HT1B","PSAOLCBZHAWXPR-UHFFFAOYSA-N"
"5HT2A","SMSZLRCQJFZZDC-UHFFFAOYSA-N"
"5HT2C","SMSZLRCQJFZZDC-UHFFFAOYSA-N"
"MC4R","VEHVBAJFWBANGR-UHFFFAOYSA-N"
"DRD2","VEHVBAJFWBANGR-UHFFFAOYSA-N"
"5HT1A","UEYXTWVZCSQOIE-UHFFFAOYSA-N"
"5HT7R","UEYXTWVZCSQOIE-UHFFFAOYSA-N"
"5HT2A","UEYXTWVZCSQOIE-UHFFFAOYSA-N"
"5HT7R","UUZXMGXKPBNTBD-UHFFFAOYSA-N"
"5HT2A","UUZXMGXKPBNTBD-UHFFFAOYSA-N"
"5HT6R","UUZXMGXKPBNTBD-UHFFFAOYSA-N"
"DRD2","UUZXMGXKPBNTBD-UHFFFAOYSA-N"
"5HT1A","XHUYYCANNPKLBW-UHFFFAOYSA-N"
"5HT7R","XHUYYCANNPKLBW-UHFFFAOYSA-N"
"5HT2A","XHUYYCANNPKLBW-UHFFFAOYSA-N"
"AGTRA","PSIFNNKUMBGKDQ-UHFFFAOYSA-N"
"AGTRB","PSIFNNKUMBGKDQ-UHFFFAOYSA-N"
"AGTR1","PSIFNNKUMBGKDQ-UHFFFAOYSA-N"
"GASR","YMDDEXCAAGMUQT-UHFFFAOYSA-N"
"GASR","RKPUHYCGNGSOCF-UHFFFAOYSA-N"
"SSR1","VZIFZIHJHGBPNX-UTSIGBCTSA-N"
"OPRD","DGSVUCDQWMCAPS-XTEPFMGCSA-N"
"OPRM","DGSVUCDQWMCAPS-XTEPFMGCSA-N"
"5HT1A","KKPMYWNQZNRGIK-UHFFFAOYSA-N"
"OPRK","LFUYJDRJCASCHL-ASOMPUMUSA-N"
"CCR2","JWKLHPJIQARGDH-NYQRLVHPSA-N"
"DRD4","CPGVFFIAFKTJQY-UHFFFAOYSA-N"
"DRD2","CPGVFFIAFKTJQY-UHFFFAOYSA-N"
"OPRD","QVBNXGNXRIPRPX-QOEXFKEZSA-N"
"OPRM","QVBNXGNXRIPRPX-QOEXFKEZSA-N"
"DRD4","FKAHRAYTSLFRRL-UHFFFAOYSA-N"
"DRD2","FKAHRAYTSLFRRL-UHFFFAOYSA-N"
"DRD4","FQRDAWJJGHRRCG-UHFFFAOYSA-N"
"DRD2","FQRDAWJJGHRRCG-UHFFFAOYSA-N"
"5HT1A","HGOXUQUWFDSTAA-UHFFFAOYSA-N"
"5HT7R","HGOXUQUWFDSTAA-UHFFFAOYSA-N"
"DRD4","HGOXUQUWFDSTAA-UHFFFAOYSA-N"
"DRD2","HGOXUQUWFDSTAA-UHFFFAOYSA-N"
"5HT2A","VXTBATODBHMPJK-UHFFFAOYSA-N"
"5HT2A","UAJYHPWCBGWDNL-UHFFFAOYSA-N"
"5HT2A","VFOQAVYBDYGMOW-UHFFFAOYSA-N"
"5HT2A","HUBNPWLMVNJPBW-UHFFFAOYSA-N"
"5HT2A","YRLIAFPIEWQNDG-UHFFFAOYSA-N"
"5HT2A","LQYNONCEAYAGNN-UHFFFAOYSA-N"
"5HT2A","JYXPVNIIIHSWLZ-UHFFFAOYSA-N"
"5HT2A","CUDIFALFXGTJEV-UHFFFAOYSA-N"
"5HT2A","JCGVHNRXCIXGCT-UHFFFAOYSA-N"
"5HT2A","FLVVAVLMHCUYGY-UHFFFAOYSA-N"
"5HT2C","UXCCYRSVXPBQMU-UHFFFAOYSA-N"
"5HT2C","VXTBATODBHMPJK-UHFFFAOYSA-N"
"5HT2C","UAJYHPWCBGWDNL-UHFFFAOYSA-N"
"5HT2C","VFOQAVYBDYGMOW-UHFFFAOYSA-N"
"5HT2C","HUBNPWLMVNJPBW-UHFFFAOYSA-N"
"5HT2C","YRLIAFPIEWQNDG-UHFFFAOYSA-N"
"5HT2C","LQYNONCEAYAGNN-UHFFFAOYSA-N"
"5HT2C","JYXPVNIIIHSWLZ-UHFFFAOYSA-N"
"5HT2C","QKCWJUZPSFBAKW-UHFFFAOYSA-N"
"5HT2C","CUDIFALFXGTJEV-UHFFFAOYSA-N"
"5HT2C","JCGVHNRXCIXGCT-UHFFFAOYSA-N"
"5HT2C","FLVVAVLMHCUYGY-UHFFFAOYSA-N"
"5HT6R","UXCCYRSVXPBQMU-UHFFFAOYSA-N"
"5HT6R","VXTBATODBHMPJK-UHFFFAOYSA-N"
"5HT6R","UAJYHPWCBGWDNL-UHFFFAOYSA-N"
"5HT6R","VFOQAVYBDYGMOW-UHFFFAOYSA-N"
"5HT6R","HUBNPWLMVNJPBW-UHFFFAOYSA-N"
"5HT6R","YRLIAFPIEWQNDG-UHFFFAOYSA-N"
"5HT6R","LQYNONCEAYAGNN-UHFFFAOYSA-N"
"5HT6R","JYXPVNIIIHSWLZ-UHFFFAOYSA-N"
"5HT6R","QKCWJUZPSFBAKW-UHFFFAOYSA-N"
"5HT6R","CUDIFALFXGTJEV-UHFFFAOYSA-N"
"5HT6R","JCGVHNRXCIXGCT-UHFFFAOYSA-N"
"5HT6R","FLVVAVLMHCUYGY-UHFFFAOYSA-N"
"DRD3","UXCCYRSVXPBQMU-UHFFFAOYSA-N"
"DRD3","VXTBATODBHMPJK-UHFFFAOYSA-N"
"DRD3","UAJYHPWCBGWDNL-UHFFFAOYSA-N"
"DRD3","VFOQAVYBDYGMOW-UHFFFAOYSA-N"
"DRD3","HUBNPWLMVNJPBW-UHFFFAOYSA-N"
"DRD3","YRLIAFPIEWQNDG-UHFFFAOYSA-N"
"DRD3","LQYNONCEAYAGNN-UHFFFAOYSA-N"
"DRD3","JYXPVNIIIHSWLZ-UHFFFAOYSA-N"
"DRD3","QKCWJUZPSFBAKW-UHFFFAOYSA-N"
"DRD3","CUDIFALFXGTJEV-UHFFFAOYSA-N"
"DRD3","JCGVHNRXCIXGCT-UHFFFAOYSA-N"
"DRD3","FLVVAVLMHCUYGY-UHFFFAOYSA-N"
"DRD2","UXCCYRSVXPBQMU-UHFFFAOYSA-N"
"DRD2","VXTBATODBHMPJK-UHFFFAOYSA-N"
"DRD2","UAJYHPWCBGWDNL-UHFFFAOYSA-N"
"DRD2","VFOQAVYBDYGMOW-UHFFFAOYSA-N"
"DRD2","HUBNPWLMVNJPBW-UHFFFAOYSA-N"
"DRD2","YRLIAFPIEWQNDG-UHFFFAOYSA-N"
"DRD2","LQYNONCEAYAGNN-UHFFFAOYSA-N"
"DRD2","JYXPVNIIIHSWLZ-UHFFFAOYSA-N"
"DRD2","QKCWJUZPSFBAKW-UHFFFAOYSA-N"
"DRD2","CUDIFALFXGTJEV-UHFFFAOYSA-N"
"DRD2","JCGVHNRXCIXGCT-UHFFFAOYSA-N"
"DRD2","FLVVAVLMHCUYGY-UHFFFAOYSA-N"
"5HT2C","UZYOEBMFBYDQJT-UHFFFAOYSA-N"
"5HT6R","UZYOEBMFBYDQJT-UHFFFAOYSA-N"
"DRD3","UZYOEBMFBYDQJT-UHFFFAOYSA-N"
"DRD2","UZYOEBMFBYDQJT-UHFFFAOYSA-N"
"AA1R","GCEXNVIZJIGQML-UHFFFAOYSA-N"
"AA2AR","GCEXNVIZJIGQML-UHFFFAOYSA-N"
"CNR2","WECZZLGHVJQSIA-DOYPJHNISA-N"
"CNR1","WECZZLGHVJQSIA-DOYPJHNISA-N"
"ADA1A","LVDRNYWTLKUNNT-MEMLXQNLSA-N"
"ADA1A","LVDRNYWTLKUNNT-OYRHEFFESA-N"
"ADA1A","JFRXSPVSGNWHOD-SZPZYZBQSA-N"
"ADA1A","CQABPCACTMBCQC-HZCBDIJESA-N"
"ADA1A","JFRXSPVSGNWHOD-HZCBDIJESA-N"
"ADA1B","LVDRNYWTLKUNNT-MEMLXQNLSA-N"
"ADA1B","LVDRNYWTLKUNNT-OYRHEFFESA-N"
"ADA1B","JFRXSPVSGNWHOD-SZPZYZBQSA-N"
"ADA1B","CQABPCACTMBCQC-HZCBDIJESA-N"
"ADA1B","JFRXSPVSGNWHOD-HZCBDIJESA-N"
"ADA1D","LVDRNYWTLKUNNT-MEMLXQNLSA-N"
"ADA1D","LVDRNYWTLKUNNT-OYRHEFFESA-N"
"ADA1D","JFRXSPVSGNWHOD-SZPZYZBQSA-N"
"ADA1D","CQABPCACTMBCQC-HZCBDIJESA-N"
"ADA1D","JFRXSPVSGNWHOD-HZCBDIJESA-N"
"DRD2","LVDRNYWTLKUNNT-MEMLXQNLSA-N"
"DRD2","LVDRNYWTLKUNNT-OYRHEFFESA-N"
"DRD2","JFRXSPVSGNWHOD-SZPZYZBQSA-N"
"DRD2","CQABPCACTMBCQC-HZCBDIJESA-N"
"DRD2","JFRXSPVSGNWHOD-HZCBDIJESA-N"
"ADA1A","ZIIYCNPQTIYWFF-OYRHEFFESA-N"
"ADA1A","ZIIYCNPQTIYWFF-MEMLXQNLSA-N"
"ADA1B","ZIIYCNPQTIYWFF-OYRHEFFESA-N"
"ADA1B","ZIIYCNPQTIYWFF-MEMLXQNLSA-N"
"ADA1D","ZIIYCNPQTIYWFF-OYRHEFFESA-N"
"ADA1D","ZIIYCNPQTIYWFF-MEMLXQNLSA-N"
"DRD2","ZIIYCNPQTIYWFF-OYRHEFFESA-N"
"DRD2","ZIIYCNPQTIYWFF-MEMLXQNLSA-N"
"ADA1A","PPAIEDLGYFCKEB-OYRHEFFESA-N"
"ADA1A","PPAIEDLGYFCKEB-MEMLXQNLSA-N"
"ADA1B","PPAIEDLGYFCKEB-OYRHEFFESA-N"
"ADA1B","PPAIEDLGYFCKEB-MEMLXQNLSA-N"
"ADA1D","PPAIEDLGYFCKEB-OYRHEFFESA-N"
"ADA1D","PPAIEDLGYFCKEB-MEMLXQNLSA-N"
"DRD2","PPAIEDLGYFCKEB-OYRHEFFESA-N"
"DRD2","PPAIEDLGYFCKEB-MEMLXQNLSA-N"
"CXCR3","WQTKNBPCJKRYPA-OAQYLSRUSA-N"
"CNR2","CFMRIVODIXTERW-BHIFYINESA-N"
"DRD2","UIHOENHXMONZDL-UHFFFAOYSA-N"
"MCHR1","UIHOENHXMONZDL-UHFFFAOYSA-N"
"5HT1A","MYAGOYYEDQFEPL-DUXPYHPUSA-N"
"5HT2A","MYAGOYYEDQFEPL-DUXPYHPUSA-N"
"5HT2C","MYAGOYYEDQFEPL-DUXPYHPUSA-N"
"DRD3","MYAGOYYEDQFEPL-DUXPYHPUSA-N"
"DRD2","MYAGOYYEDQFEPL-DUXPYHPUSA-N"
"5HT1A","HGHZRWWRCHMWQC-ONEGZZNKSA-N"
"5HT2A","HGHZRWWRCHMWQC-ONEGZZNKSA-N"
"5HT2C","HGHZRWWRCHMWQC-ONEGZZNKSA-N"
"DRD3","HGHZRWWRCHMWQC-ONEGZZNKSA-N"
"5HT1A","KRMPDMJUDCQCAJ-FGZHOGPDSA-N"
"5HT2A","KRMPDMJUDCQCAJ-FGZHOGPDSA-N"
"5HT2C","KRMPDMJUDCQCAJ-FGZHOGPDSA-N"
"DRD3","KRMPDMJUDCQCAJ-FGZHOGPDSA-N"
"DRD2","KRMPDMJUDCQCAJ-FGZHOGPDSA-N"
"AA3R","PPBMRSLAXYHEGD-HDFRBTCWSA-N"
"5HT1B","WTIHQLOVALBPDM-UHFFFAOYSA-N"
"5HT1B","YFOGAJAEMHMGIZ-UHFFFAOYSA-N"
"5HT1B","RYXJSAHVNPQLMV-UHFFFAOYSA-N"
"5HT1B","JNWFHCVDXXIENW-UHFFFAOYSA-N"
"5HT1A","WTIHQLOVALBPDM-UHFFFAOYSA-N"
"5HT1A","YFOGAJAEMHMGIZ-UHFFFAOYSA-N"
"5HT1A","RYXJSAHVNPQLMV-UHFFFAOYSA-N"
"5HT1A","JNWFHCVDXXIENW-UHFFFAOYSA-N"
"5HT2A","WTIHQLOVALBPDM-UHFFFAOYSA-N"
"5HT2A","YFOGAJAEMHMGIZ-UHFFFAOYSA-N"
"5HT2A","RYXJSAHVNPQLMV-UHFFFAOYSA-N"
"5HT2A","JNWFHCVDXXIENW-UHFFFAOYSA-N"
"5HT2C","WTIHQLOVALBPDM-UHFFFAOYSA-N"
"5HT2C","RYXJSAHVNPQLMV-UHFFFAOYSA-N"
"5HT2C","JNWFHCVDXXIENW-UHFFFAOYSA-N"
"AGTRA","YFWXFHNZGKNDBC-UHFFFAOYSA-N"
"AGTR1","YFWXFHNZGKNDBC-UHFFFAOYSA-N"
"AGTRA","GABMQILPAPONQS-UHFFFAOYSA-N"
"AGTR2","GABMQILPAPONQS-UHFFFAOYSA-N"
"AGTR1","GABMQILPAPONQS-UHFFFAOYSA-N"
"DRD4","BHUNVFVEHNURLZ-UHFFFAOYSA-N"
"DRD1","BHUNVFVEHNURLZ-UHFFFAOYSA-N"
"DRD2","BHUNVFVEHNURLZ-UHFFFAOYSA-N"
"DRD5","BHUNVFVEHNURLZ-UHFFFAOYSA-N"
"GHSR","DZKYPGWZOFNJJM-QFIPXVFZSA-N"
"V1AR","RSUCFJLTDREZLP-ZOVYIVPUSA-N"
"HRH3","QTAUJHKCILRJMG-UHFFFAOYSA-N"
"HRH3","WURDXGJSSCNLKT-UHFFFAOYSA-N"
"HRH3","NLMXEWVGDSQUMB-UHFFFAOYSA-N"
"SSR5","DOBACNIZOIMDCY-UHFFFAOYSA-N"
"CCR1","CYGAJNKOYQUXNL-LJQANCHMSA-N"
"5HT1B","IRSJJJFRMIQSOE-SANMLTNESA-N"
"5HT1B","BVWYBVKUPUODDY-WXTAPIANSA-N"
"5HT1B","BVWYBVKUPUODDY-DWXRJYCRSA-N"
"5HT1B","BVWYBVKUPUODDY-QOBPCVTDSA-N"
"5HT1B","WNCRJQLQHVFPBO-PPHZAIPVSA-N"
"5HT1A","IRSJJJFRMIQSOE-SANMLTNESA-N"
"5HT1A","BVWYBVKUPUODDY-WXTAPIANSA-N"
"5HT1A","BVWYBVKUPUODDY-DWXRJYCRSA-N"
"5HT1A","WNCRJQLQHVFPBO-PPHZAIPVSA-N"
"5HT1D","IRSJJJFRMIQSOE-SANMLTNESA-N"
"5HT1D","BVWYBVKUPUODDY-WXTAPIANSA-N"
"5HT1D","BVWYBVKUPUODDY-DWXRJYCRSA-N"
"5HT1D","BVWYBVKUPUODDY-QOBPCVTDSA-N"
"5HT1D","WNCRJQLQHVFPBO-PPHZAIPVSA-N"
"DRD2","IRSJJJFRMIQSOE-SANMLTNESA-N"
"DRD2","BVWYBVKUPUODDY-WXTAPIANSA-N"
"DRD2","BVWYBVKUPUODDY-DWXRJYCRSA-N"
"DRD2","BVWYBVKUPUODDY-QOBPCVTDSA-N"
"DRD2","WNCRJQLQHVFPBO-PPHZAIPVSA-N"
"5HT1A","RRWISUYOSRHAFZ-QYBDOPJKSA-N"
"5HT1D","LSKWSFUPQIOHOG-VWLOTQADSA-N"
"5HT1D","RRWISUYOSRHAFZ-QYBDOPJKSA-N"
"DRD2","LSKWSFUPQIOHOG-VWLOTQADSA-N"
"ADA1A","HBVMKSZWZCERSH-ZRZAMGCNSA-N"
"ADA1A","HQURDNFFLCLLLC-ZRZAMGCNSA-N"
"ADA1B","HBVMKSZWZCERSH-ZRZAMGCNSA-N"
"ADA1B","HQURDNFFLCLLLC-ZRZAMGCNSA-N"
"ADA1D","HBVMKSZWZCERSH-ZRZAMGCNSA-N"
"ADA1D","HQURDNFFLCLLLC-ZRZAMGCNSA-N"
"DRD2","HBVMKSZWZCERSH-ZRZAMGCNSA-N"
"DRD2","HQURDNFFLCLLLC-ZRZAMGCNSA-N"
"CNR2","YDDYIKCCDDYARR-QOCHGBHMSA-N"
"CNR1","YDDYIKCCDDYARR-QOCHGBHMSA-N"
"CNR2","NECVZBRDVHPRID-JCMHNJIXSA-N"
"CNR1","NECVZBRDVHPRID-JCMHNJIXSA-N"
"PI2R","YONIHIOBDIZSOE-DEOSSOPVSA-N"
"OPRK","UDWMEJSZQCWBJH-UHFFFAOYSA-N"
"GNRHR","RMDOWFPCWOIZRT-RUZDIDTESA-N"
"5HT1A","JBQOYPLKTTXLSQ-SANMLTNESA-N"
"5HT7R","JBQOYPLKTTXLSQ-SANMLTNESA-N"
"DRD2","JBQOYPLKTTXLSQ-SANMLTNESA-N"
"MC4R","SXYITQIOONIMPP-UHFFFAOYSA-N"
"MC3R","SXYITQIOONIMPP-UHFFFAOYSA-N"
"ADRB1","NILCXRPLMSLFEG-HQHQJUQOSA-N"
"ADRB2","NILCXRPLMSLFEG-HQHQJUQOSA-N"
"5HT1A","NILCXRPLMSLFEG-HQHQJUQOSA-N"
"5HT1A","FUSUKSWNUZIJFY-UHFFFAOYSA-N"
"5HT1A","OUZRREWIEFENOJ-UHFFFAOYSA-N"
"5HT1A","UYUSPOUKBUGCQZ-UHFFFAOYSA-N"
"5HT2A","FUSUKSWNUZIJFY-UHFFFAOYSA-N"
"5HT2A","OUZRREWIEFENOJ-UHFFFAOYSA-N"
"5HT2A","UYUSPOUKBUGCQZ-UHFFFAOYSA-N"
"DRD2","FUSUKSWNUZIJFY-UHFFFAOYSA-N"
"DRD2","OUZRREWIEFENOJ-UHFFFAOYSA-N"
"DRD2","UYUSPOUKBUGCQZ-UHFFFAOYSA-N"
"MC4R","HQPISMGZXLHBTG-VXLAJHQFSA-N"
"MC5R","HQPISMGZXLHBTG-VXLAJHQFSA-N"
"CCR2","CENWOFBFGDUFIL-AATRIKPKSA-N"
"ACM1","XWGIZMOOTLOFBG-IBGZPJMESA-N"
"ACM1","LTXREWYXXSTFRX-QGZVFWFLSA-N"
"HRH3","PSPXVYVVQAMREV-UHFFFAOYSA-N"
"CNR2","HQVHOQAKMCMIIM-HXUWFJFHSA-N"
"CNR1","HQVHOQAKMCMIIM-HXUWFJFHSA-N"
"S1PR5","PLHKTXYJCYEKDM-UHFFFAOYSA-N"
"S1PR1","PLHKTXYJCYEKDM-UHFFFAOYSA-N"
"MSHR","IKLPEMFMSKFWMF-UHFFFAOYSA-N"
"ACM2","KZQKEAJBBOIGDO-PGBCRKCBSA-N"
"ACM4","KZQKEAJBBOIGDO-PGBCRKCBSA-N"
"ACM1","KZQKEAJBBOIGDO-PGBCRKCBSA-N"
"CNR2","NXVQEYOHNGHION-XKZIYDEJSA-N"
"CNR1","NXVQEYOHNGHION-XKZIYDEJSA-N"
"ADA1A","IIBSAKGKZGFYNB-UHFFFAOYSA-N"
"HRH1","YTIWDXUZCLTCIF-UHFFFAOYSA-N"
"SSR5","YTIWDXUZCLTCIF-UHFFFAOYSA-N"
"HRH1","JVCJWEYSNNCGKX-UHFFFAOYSA-N"
"5HT2B","JVCJWEYSNNCGKX-UHFFFAOYSA-N"
"SSR5","JVCJWEYSNNCGKX-UHFFFAOYSA-N"
"5HT2B","RYBOXBBYCVOYNO-UHFFFAOYSA-N"
"5HT7R","RYBOXBBYCVOYNO-UHFFFAOYSA-N"
"5HT2C","RYBOXBBYCVOYNO-UHFFFAOYSA-N"
"5HT6R","RYBOXBBYCVOYNO-UHFFFAOYSA-N"
"NK2R","DZOJBGLFWINFBF-UMSFTDKQSA-N"
"NK1R","DZOJBGLFWINFBF-UMSFTDKQSA-N"
"NK3R","DZOJBGLFWINFBF-UMSFTDKQSA-N"
"HRH3","GGGPOYPNHTZKFQ-OAHLLOKOSA-N"
"5HT7R","ZVOANBRCVCBCDV-CQSZACIVSA-N"
"DRD2","ZVOANBRCVCBCDV-CQSZACIVSA-N"
"5HT1A","LNEVPGGCVOGZMM-UHFFFAOYSA-N"
"5HT7R","VJMHUOSOEAGNQW-UHFFFAOYSA-N"
"5HT7R","LNEVPGGCVOGZMM-UHFFFAOYSA-N"
"DRD3","VJMHUOSOEAGNQW-UHFFFAOYSA-N"
"DRD3","LNEVPGGCVOGZMM-UHFFFAOYSA-N"
"DRD2","VJMHUOSOEAGNQW-UHFFFAOYSA-N"
"DRD2","LNEVPGGCVOGZMM-UHFFFAOYSA-N"
"DRD5","VJMHUOSOEAGNQW-UHFFFAOYSA-N"
"DRD5","LNEVPGGCVOGZMM-UHFFFAOYSA-N"
"5HT1A","SEAGRPUHJMFFQR-UHFFFAOYSA-N"
"5HT7R","DVYJEJMZLCRJNO-UHFFFAOYSA-N"
"DRD3","CROXIASATJXZSZ-UHFFFAOYSA-N"
"DRD3","DVYJEJMZLCRJNO-UHFFFAOYSA-N"
"DRD3","SEAGRPUHJMFFQR-UHFFFAOYSA-N"
"DRD2","CROXIASATJXZSZ-UHFFFAOYSA-N"
"DRD2","DVYJEJMZLCRJNO-UHFFFAOYSA-N"
"DRD2","SEAGRPUHJMFFQR-UHFFFAOYSA-N"
"DRD5","CROXIASATJXZSZ-UHFFFAOYSA-N"
"DRD5","DVYJEJMZLCRJNO-UHFFFAOYSA-N"
"DRD5","SEAGRPUHJMFFQR-UHFFFAOYSA-N"
"5HT2A","TXPXVUNBDQGBPQ-UHFFFAOYSA-N"
"DRD1","TXPXVUNBDQGBPQ-UHFFFAOYSA-N"
"5HT1B","OUUFVLURDMTSII-UHFFFAOYSA-N"
"5HT1B","BEXPSWDCLXOHKK-UHFFFAOYSA-N"
"SMO","WSNXJTQLOBSNPD-UHFFFAOYSA-N"
"SMO","BDOBNHGYFGVFDD-HSZRJFAPSA-N"
"SMO","PHMWPKDBVRDSTN-UHFFFAOYSA-N"
"SMO","YGBMCLDVRUGXOV-UHFFFAOYSA-N"
"TLR9","VDCMKOIMSDFQQV-UHFFFAOYSA-N"
"TLR8","SDSKFWHQCNBICO-UHFFFAOYSA-N"
"TLR7","URCZUGVWFOOLTP-UHFFFAOYSA-N"
"CRFR1","VDRMLMFCKUCYPK-UHFFFAOYSA-N"
"GLR","SNCODYSDFYHLPQ-WFHZPOCISA-N"
"CALRL","OYXHTTOPLOXRLY-UHFFFAOYSA-N"
"GLR","YZUIGWQMHIUXNA-UHFFFAOYSA-N"
"GIPR","YZUIGWQMHIUXNA-UHFFFAOYSA-N"
"GLR","ZAVYYYQORHVVFN-BDGVIKSFSA-N"
"GLP1R","JSLFGFBQFKCNSQ-NHONBVHKSA-N"
"CALRL","NFKNHAHXAMZIFN-UHFFFAOYSA-N"
"GLP1R","RNAOOYPBNFQBFO-OBQIICFVSA-N"
"GLR","HOEVLDQZMQBAPH-NQUVTRGKSA-N"
"CRFR1","VVAPCBFQSJRQEX-UHFFFAOYSA-N"
"GLP2R","TWSALRJGPBVBQU-PKQQPRCHSA-N"
"GLR","WABICJZHMMDLSC-UHFFFAOYSA-N"
"VIPR2","PVVANYYBZJJHMT-SPOITFHPSA-N"
"GLR","HWMNYSSRAMHIFI-UHFFFAOYSA-N"
"CALCR","NKZSJXPCNXUROW-ZRSYVJPOSA-N"
"VIPR2","RFFRERQAKOWDMH-HBXFPQPYSA-N"
"GLR","GUJUTYDTGYGUNR-OSOUPTDBSA-N"
"GLR","XUMJJSAQQCTKAO-SRYIDKSASA-N"
"GLR","FVWMKILDWMMUDG-UHFFFAOYSA-N"
"CRFR1","KHBKACQRFXJOPI-UHFFFAOYSA-N"
"CRFR1","WDYQSAPKHJAPBL-LSDHHAIUSA-N"
"CRFR2","WDYQSAPKHJAPBL-LSDHHAIUSA-N"
"CRFR2","VXGJDYBLBWXYBM-UHFFFAOYSA-N"
"CRFR1","APYKGBJDFJTLPP-AJBJNSAWSA-N"
"CRFR2","APYKGBJDFJTLPP-AJBJNSAWSA-N"
"CRFR1","QGRFNNSYMSJYFQ-FRDJYEEVSA-N"
"CRFR2","QGRFNNSYMSJYFQ-FRDJYEEVSA-N"
"CRFR1","ADCUPPRDMJSCSA-AJBJNSAWSA-N"
"CRFR2","ADCUPPRDMJSCSA-AJBJNSAWSA-N"
"CRFR1","XCXRFOVBAHLCPH-YEZVVHDNSA-N"
"CRFR2","XCXRFOVBAHLCPH-YEZVVHDNSA-N"
"CRFR1","SCXOFLCRYIJUTG-VMMLKCRUSA-N"
"CRFR2","SCXOFLCRYIJUTG-VMMLKCRUSA-N"
"CRFR1","PGLTWESUZITMQL-RMXAELLASA-N"
"CRFR2","PGLTWESUZITMQL-RMXAELLASA-N"
"CRFR1","LCRGUJBKGXRAIZ-KBOCYOPLSA-N"
"CRFR2","LCRGUJBKGXRAIZ-KBOCYOPLSA-N"
"CRFR1","MGWSPJPTAQVOJD-XCVQSSOXSA-N"
"CRFR2","MGWSPJPTAQVOJD-XCVQSSOXSA-N"
"CRFR1","ABWZVLPTCNMRIE-HAEKRENFSA-N"
"CRFR2","ABWZVLPTCNMRIE-HAEKRENFSA-N"
"CRFR1","IURFPAFMSNXKDJ-ZULLFCQYSA-N"
"CRFR2","IURFPAFMSNXKDJ-ZULLFCQYSA-N"
"CRFR1","AXLZBIVDKUWDCD-XQWFNMSYSA-N"
"CRFR2","AXLZBIVDKUWDCD-XQWFNMSYSA-N"
"CRFR1","NFRNVFLIULAQST-SSDOTTSWSA-N"
"CRFR1","KXGZBPUROLGYPG-UHFFFAOYSA-N"
"VIPR1","UFTCZKMBJOPXDM-XXFCQBPRSA-N"
"GLR","XNSJRSAITGCUKS-HHHXNRCGSA-N"
"GIPR","XNSJRSAITGCUKS-HHHXNRCGSA-N"
"CALRL","CRXOAPVFOGTLOS-SANMLTNESA-N"
"PTH1R","RGCRRRXBLPVENP-UHFFFAOYSA-N"
"GLP1R","HTQBXNHDCUEHJF-XWLPCZSASA-N"
"GLR","XKURAAGCCZEBHF-UHFFFAOYSA-N"
"GIPR","XKURAAGCCZEBHF-UHFFFAOYSA-N"
"PPARD","VAXBUDASTPYURF-DEOSSOPVSA-N"
"PPARA","VAXBUDASTPYURF-DEOSSOPVSA-N"
"ESR1","IOTXSIGGFRQYKW-UHFFFAOYSA-N"
"PRGR","VKNDUDKNPQIQIQ-UHFFFAOYSA-N"
"ANDR","VKNDUDKNPQIQIQ-UHFFFAOYSA-N"
"GCR","OBJXJRIGGFJBSZ-HSZRJFAPSA-N"
"PRGR","PONOGVXIIRSESP-UHFFFAOYSA-N"
"ANDR","PONOGVXIIRSESP-UHFFFAOYSA-N"
"VDR","WFPGMTGDYDCQLS-LMQQRSCXSA-N"
"NR1H4","KNFVNLARLPZRFW-VOTSOKGWSA-N"
"RARB","XLEZJKPLVACZAN-UHFFFAOYSA-N"
"RARG","XLEZJKPLVACZAN-UHFFFAOYSA-N"
"GCR","WDMHNYGKKIGVDS-VDOFVVGCSA-N"
"ANDR","IHBSVQHHJXJVFU-IZHYOYPJSA-N"
"GCR","KYWWJENKIMRJBI-UHFFFAOYSA-N"
"NR1H2","KYWWJENKIMRJBI-UHFFFAOYSA-N"
"NR1H3","KYWWJENKIMRJBI-UHFFFAOYSA-N"
"GCR","KVPALVACWJUWHG-XYEHWOGUSA-N"
"GCR","VWFKACUYWYZVSW-RLLPEYFOSA-N"
"PRGR","KVPALVACWJUWHG-XYEHWOGUSA-N"
"PRGR","VWFKACUYWYZVSW-RLLPEYFOSA-N"
"ESR2","KVPALVACWJUWHG-XYEHWOGUSA-N"
"ANDR","VWFKACUYWYZVSW-RLLPEYFOSA-N"
"PPARA","KQXDPYDFFKAXBV-UHFFFAOYSA-N"
"NR1H2","SVOYJJLLXFDRBV-UHFFFAOYSA-N"
"GCR","KAEZOVLEAHIZGN-UHFFFAOYSA-N"
"PPARD","JIUOMOGUVRWPNZ-UHFFFAOYSA-N"
"PPARA","JIUOMOGUVRWPNZ-UHFFFAOYSA-N"
"PPARG","JIUOMOGUVRWPNZ-UHFFFAOYSA-N"
"ESR2","PZIKVWJRAOMJDU-UHFFFAOYSA-N"
"ESR1","PZIKVWJRAOMJDU-UHFFFAOYSA-N"
"ESR2","QIIWQTPLOBXMPA-UHFFFAOYSA-N"
"ESR1","QIIWQTPLOBXMPA-UHFFFAOYSA-N"
"ANDR","UICYMQZXHRACIG-KPKWYKMHSA-N"
"PPARD","UHZSDVNOWGZQIJ-UHFFFAOYSA-N"
"NR1H3","ZCCZMYDWILRCGU-UHFFFAOYSA-N"
"ESR1","VHSVKVWHYFBIFJ-HKZYLEAXSA-N"
"RXRA","SLXTWXQUEZSSTJ-UHFFFAOYSA-N"
"RXRB","SLXTWXQUEZSSTJ-UHFFFAOYSA-N"
"PRGR","FEHMFKIZEJQDLX-PXIJXODZSA-N"
"ESR1","FEHMFKIZEJQDLX-PXIJXODZSA-N"
"GCR","OESFERYPBFGTGP-UHFFFAOYSA-N"
"GCR","ZWTCGJWGJMGWIM-KESSSICBSA-N"
"PRGR","ZWTCGJWGJMGWIM-KESSSICBSA-N"
"ANDR","ZWTCGJWGJMGWIM-KESSSICBSA-N"
"VDR","JKLFEOGYIXRBPW-RJAYHIQUSA-N"
"VDR","QYSXJUFSXHHAJI-YRZJJWOYSA-N"
"NR1H4","SPBDXSGPUHCETR-JFUDTMANSA-N"
"NR1H2","UWSUYWGSXYIDQX-UHFFFAOYSA-N"
"NR1H3","UWSUYWGSXYIDQX-UHFFFAOYSA-N"
"MCR","OZNCREFZUAWJQT-UHFFFAOYSA-N"
"RARA","PPGNMFUMZSAZCW-FRCHHHHOSA-N"
"RARB","PPGNMFUMZSAZCW-FRCHHHHOSA-N"
"RARG","PPGNMFUMZSAZCW-FRCHHHHOSA-N"
"RORA","YIKKMWSQVKJCOP-ABXCMAEBSA-N"
"ESR2","UQDOACBQOXYBML-UHFFFAOYSA-N"
"ESR1","UQDOACBQOXYBML-UHFFFAOYSA-N"
"PPARG","HWZLQPWBZNJEHC-UHFFFAOYSA-N"
"GCR","QGCIAWJCSRYRFH-DEOSSOPVSA-N"
"PRGR","QGCIAWJCSRYRFH-DEOSSOPVSA-N"
"GCR","DYJSODVHTVCXIA-QHCPKHFHSA-N"
"PRGR","DYJSODVHTVCXIA-QHCPKHFHSA-N"
"GCR","PILPRGVTTUPTOM-LQQABZQISA-N"
"PPARA","RXAISBOQWVAMKP-SANMLTNESA-N"
"NR1D1","SBLDDVHMLHTLIF-UHFFFAOYSA-N"
"RARA","JPFUTCKBWPEHMJ-JLHYYAGUSA-N"
"RARB","JPFUTCKBWPEHMJ-JLHYYAGUSA-N"
"RARG","JPFUTCKBWPEHMJ-JLHYYAGUSA-N"
"RARA","LWOPJLGICWVJGG-SEBRYRKESA-N"
"RARG","LWOPJLGICWVJGG-SEBRYRKESA-N"
"GCR","AJRJLOHHFYPQDN-OKUGAFEBSA-N"
"GCR","AJRJLOHHFYPQDN-FPVIQMQWSA-N"
"PRGR","AJRJLOHHFYPQDN-OKUGAFEBSA-N"
"PRGR","AJRJLOHHFYPQDN-FPVIQMQWSA-N"
"ESR2","AJRJLOHHFYPQDN-OKUGAFEBSA-N"
"ESR1","AJRJLOHHFYPQDN-OKUGAFEBSA-N"
"MCR","AJRJLOHHFYPQDN-OKUGAFEBSA-N"
"MCR","AJRJLOHHFYPQDN-FPVIQMQWSA-N"
"ANDR","AJRJLOHHFYPQDN-OKUGAFEBSA-N"
"ANDR","AJRJLOHHFYPQDN-FPVIQMQWSA-N"
"ANDR","YBXZQBHFQDJRHM-XNHWFUGGSA-N"
"THB","KQTUYIZQBZEKGQ-UHFFFAOYSA-N"
"ANDR","CCCIJQPRIXGQOE-XWSJACJDSA-N"
"PPARD","NIPHPZHHUCNETC-UHFFFAOYSA-N"
"PPARG","CNGJMAUHDZUGMC-BJMVGYQFSA-N"
"PPARG","YUIAYRGCSUGVPK-MHZLTWQESA-N"
"NR1D1","SACITMCCQMEMDI-UHFFFAOYSA-N"
"ESR1","NIPBEOJRUSKLGA-CUXNAULPSA-N"
"MCR","NHXHKDLNCSLLNV-CRICUBBOSA-N"
"MCR","BPKLOXVNSYDNFV-XHCCPWGMSA-N"
"PPARA","NXPHXOSLGZKIRE-FMRUQUKBSA-N"
"PPARG","QQDQFMDOSNUTKL-UHFFFAOYSA-N"
"RORG","QOLJEDPALOAFHA-UHFFFAOYSA-N"
"GCR","LXMSZDCAJNLERA-ZHYRCANASA-N"
"PRGR","LXMSZDCAJNLERA-ZHYRCANASA-N"
"MCR","LXMSZDCAJNLERA-ZHYRCANASA-N"
"ANDR","LXMSZDCAJNLERA-ZHYRCANASA-N"
"PPARG","HUXVLJGHSSRDSZ-UHFFFAOYSA-N"
"RORG","JPZKKUXZHNDSOF-UHFFFAOYSA-N"
"NR1I2","PNVISBSJOVSMIK-UHFFFAOYSA-N"
"GCR","WFSBONJXUAXVJH-UHFFFAOYSA-N"
"PRGR","WFSBONJXUAXVJH-UHFFFAOYSA-N"
"MCR","WFSBONJXUAXVJH-UHFFFAOYSA-N"
"ESR2","BJWMFAXDZSURKC-UHFFFAOYSA-N"
"ESR1","BJWMFAXDZSURKC-UHFFFAOYSA-N"
"PRGR","AXLNGHICNRTHMP-UHFFFAOYSA-N"
"MCR","AXLNGHICNRTHMP-UHFFFAOYSA-N"
"PPARD","SUBJAJAOVHMPAV-UHFFFAOYSA-N"
"PPARA","SUBJAJAOVHMPAV-UHFFFAOYSA-N"
"PPARG","SUBJAJAOVHMPAV-UHFFFAOYSA-N"
"GCR","MUQNGPZZQDCDFT-JNQJZLCISA-N"
"ANDR","MUQNGPZZQDCDFT-JNQJZLCISA-N"
"GCR","BURHGPHDEVGCEZ-KJGLQBJMSA-N"
"ESR2","BURHGPHDEVGCEZ-KJGLQBJMSA-N"
"ESR1","BURHGPHDEVGCEZ-KJGLQBJMSA-N"
"ESR2","BYAISUIIXQLIPD-UHFFFAOYSA-N"
"ESR2","JMQRCCQUKFLXLF-UHFFFAOYSA-N"
"ESR2","JUOYMLJPOYQJRY-UHFFFAOYSA-N"
"ESR1","BYAISUIIXQLIPD-UHFFFAOYSA-N"
"ESR1","JMQRCCQUKFLXLF-UHFFFAOYSA-N"
"ESR1","JUOYMLJPOYQJRY-UHFFFAOYSA-N"
"ESR2","WZDSCUUKIXBPTE-UHFFFAOYSA-N"
"ESR1","WZDSCUUKIXBPTE-UHFFFAOYSA-N"
"ESR2","VUMXOSQTUDDRDH-UHFFFAOYSA-N"
"ESR1","VUMXOSQTUDDRDH-UHFFFAOYSA-N"
"PPARG","BQKPQRMICRYEPE-UHFFFAOYSA-N"
"RORG","BQKPQRMICRYEPE-UHFFFAOYSA-N"
"PPARG","PCAGDDUBDAYPIT-UHFFFAOYSA-N"
"NR1I2","ZWHNWMJLCJLVSY-GKOSEXJESA-N"
"RORB","ZWHNWMJLCJLVSY-GKOSEXJESA-N"
"RORG","ZWHNWMJLCJLVSY-GKOSEXJESA-N"
"NR1I2","JGWLJYUWJAGUIP-GKOSEXJESA-N"
"RORB","JGWLJYUWJAGUIP-GKOSEXJESA-N"
"RORG","JGWLJYUWJAGUIP-GKOSEXJESA-N"
"RORB","CVPCMJOHHJOBAS-GKOSEXJESA-N"
"RORG","CVPCMJOHHJOBAS-GKOSEXJESA-N"
"NR1I2","HLRDMFKUBGUXIF-BMSJAHLVSA-N"
"RORG","HLRDMFKUBGUXIF-BMSJAHLVSA-N"
"NR1I2","UZBUSCTWIRRONO-HPRDVNIFSA-N"
"RORG","UZBUSCTWIRRONO-HPRDVNIFSA-N"
"NR1I2","SJHVCKKHMDJXRU-UHFFFAOYSA-N"
"RORB","SJHVCKKHMDJXRU-UHFFFAOYSA-N"
"RORG","SJHVCKKHMDJXRU-UHFFFAOYSA-N"
"ESR2","BRWXOOIUQMUMHI-OCOZRVBESA-N"
"ESR1","BRWXOOIUQMUMHI-OCOZRVBESA-N"
"ESR2","ILMLSUGDEMTFAD-WUFINQPMSA-N"
"ESR1","ILMLSUGDEMTFAD-WUFINQPMSA-N"
"GCR","AJAOWKDQDBTLKO-UHFFFAOYSA-N"
"GCR","AITQEDQOJHUDMT-UHFFFAOYSA-N"
"MCR","AJAOWKDQDBTLKO-UHFFFAOYSA-N"
"NR1H2","STNGIHCHDLCYEV-UHFFFAOYSA-N"
"NR1H3","STNGIHCHDLCYEV-UHFFFAOYSA-N"
"ESR1","AOXRBFRFYPMWLR-XGXHKTLJSA-N"
"ANDR","AOXRBFRFYPMWLR-XGXHKTLJSA-N"
"RARA","NOHAYALABUMJRK-UHFFFAOYSA-N"
"RARB","NOHAYALABUMJRK-UHFFFAOYSA-N"
"RARG","NOHAYALABUMJRK-UHFFFAOYSA-N"
"RARA","HCERSGNVDIKWSP-PSAKPEQJSA-N"
"RARB","HCERSGNVDIKWSP-PSAKPEQJSA-N"
"RARG","HCERSGNVDIKWSP-PSAKPEQJSA-N"
"ANDR","SAAMQMBVSLLXFF-UHFFFAOYSA-N"
"ANDR","PAFKTGFSEFKSQG-PAASFTFBSA-N"
"RXRG","WYLRCUSVWGFVQB-FCYKCFNLSA-N"
"RXRA","WYLRCUSVWGFVQB-FCYKCFNLSA-N"
"RXRB","WYLRCUSVWGFVQB-FCYKCFNLSA-N"
"GCR","RTYKMFMHRRYCIK-NRFANRHFSA-N"
"ANDR","RTYKMFMHRRYCIK-NRFANRHFSA-N"
"PPARA","QUFDAJDYOPXGGD-UHFFFAOYSA-N"
"PPARG","QUFDAJDYOPXGGD-UHFFFAOYSA-N"
"GCR","NSUUUQRFPXZFLI-ZPCMSWJYSA-N"
"GCR","DMJGJEOQFVLVQU-PUHATCMVSA-N"
"PPARG","GXPHKUHSUJUWKP-UHFFFAOYSA-N"
"NR1I2","JQXXHWHPUNPDRT-WLSIYKJHSA-N"
"RORG","GSOBXIVEUTZFSC-UHFFFAOYSA-N"
"RORA","GSOBXIVEUTZFSC-UHFFFAOYSA-N"
"ESR1","LFOFECBYKALMAZ-UHFFFAOYSA-N"
"GCR","SSAMEZHVGWGDGH-UHFFFAOYSA-N"
"PRGR","SSAMEZHVGWGDGH-UHFFFAOYSA-N"
"MCR","SSAMEZHVGWGDGH-UHFFFAOYSA-N"
"NR1H2","FSSRGWRMAQZYCP-UHFFFAOYSA-N"
"NR1H3","FSSRGWRMAQZYCP-UHFFFAOYSA-N"
"ANDR","DPNKJFYQVAIRFI-CPLVZERVSA-N"
"RARB","GAFLQIREHJATJD-ZFWGQPRBSA-N"
"RARG","GAFLQIREHJATJD-ZFWGQPRBSA-N"
"RARA","LOQCWYZQTILXOB-UHFFFAOYSA-N"
"RARB","LOQCWYZQTILXOB-UHFFFAOYSA-N"
"RARA","COEVCTWDIQBWEC-SEBRYRKESA-N"
"RARB","COEVCTWDIQBWEC-SEBRYRKESA-N"
"RARG","COEVCTWDIQBWEC-SEBRYRKESA-N"
"PPARA","AQKZTRLPJFOUNN-QFIPXVFZSA-N"
"PPARG","AQKZTRLPJFOUNN-QFIPXVFZSA-N"
"ERR2","OGDCTCUVBBYZTK-UHFFFAOYSA-N"
"ERR1","OGDCTCUVBBYZTK-UHFFFAOYSA-N"
"PPARA","PSMAGJYUQUDBIP-UHFFFAOYSA-N"
"PPARG","PSMAGJYUQUDBIP-UHFFFAOYSA-N"
"ESR1","QVBLSFKMAWYOJB-NYYWCZLTSA-N"
"RXRA","DLXPFXIVZQNFHJ-UHFFFAOYSA-N"
"RXRA","FHGDUTQCJGHDMD-UHFFFAOYSA-N"
"ANDR","AVQNKTOBKBQJLU-UHFFFAOYSA-N"
"GCR","ABDAGDDZOUDCKI-IBGZPJMESA-N"
"MCR","ABDAGDDZOUDCKI-IBGZPJMESA-N"
"PPARA","MAINKGNWZLMMRF-UHFFFAOYSA-N"
"PPARG","MAINKGNWZLMMRF-UHFFFAOYSA-N"
"NR1I3","ZQWBOKJVVYNKTL-AUEPDCJTSA-N"
"RXRA","GTQRCNNQKSSSCI-UHFFFAOYSA-N"
"PPARA","IYNGJYKTRDXUDJ-UHFFFAOYSA-N"
"RARA","RREMNJZTZUKGKQ-UHFFFAOYSA-N"
"RARB","RREMNJZTZUKGKQ-UHFFFAOYSA-N"
"RARG","RREMNJZTZUKGKQ-UHFFFAOYSA-N"
"RARA","QSMDIKOFXUXFOR-UHFFFAOYSA-N"
"RARB","QSMDIKOFXUXFOR-UHFFFAOYSA-N"
"RARG","QSMDIKOFXUXFOR-UHFFFAOYSA-N"
"RARA","PIFBVNOZZDELKU-UHFFFAOYSA-N"
"RARB","PIFBVNOZZDELKU-UHFFFAOYSA-N"
"RARG","PIFBVNOZZDELKU-UHFFFAOYSA-N"
"RARA","HQIJOUHEHNIFNR-UHFFFAOYSA-N"
"RARB","HQIJOUHEHNIFNR-UHFFFAOYSA-N"
"RARG","HQIJOUHEHNIFNR-UHFFFAOYSA-N"
"RARA","RLBKELXRLMNRJB-UHFFFAOYSA-N"
"RARB","RLBKELXRLMNRJB-UHFFFAOYSA-N"
"RARG","RLBKELXRLMNRJB-UHFFFAOYSA-N"
"RARA","VHWRWWJQWCDHLB-UHFFFAOYSA-N"
"RARB","VHWRWWJQWCDHLB-UHFFFAOYSA-N"
"RARA","PFGCWQPTOKPRRK-UHFFFAOYSA-N"
"RARB","PFGCWQPTOKPRRK-UHFFFAOYSA-N"
"ESR2","CBKGGDSLJHUJSV-LLINQDLYSA-N"
"NR1H2","HRXRTZUZVWAYOB-UHFFFAOYSA-N"
"NR1H3","HRXRTZUZVWAYOB-UHFFFAOYSA-N"
"NR1I2","YEEZWCHGZNKEEK-UHFFFAOYSA-N"
"THB","WTEXNXXPHWVVDS-UHFFFAOYSA-N"
"THA","WTEXNXXPHWVVDS-UHFFFAOYSA-N"
"NR1H2","MVLVWBZCSDBJRB-UHFFFAOYSA-N"
"NR1H3","MVLVWBZCSDBJRB-UHFFFAOYSA-N"
"ANDR","IWEYLRTVUSIJEN-KZNFOHLHSA-N"
"ANDR","NRIWHWOWZHTVRA-UHFFFAOYSA-N"
"PPARD","KRPUFNAIBFHUHU-UHFFFAOYSA-N"
"GCR","MBOPYKZQVGYOJO-CLYCCHKQSA-N"
"GCR","GSBXDPQKEHNRQR-NPAAKHOSSA-N"
"GCR","RITZPFDVXSENFR-YCUXZELOSA-N"
"GCR","BLPNJKOYOIDEJJ-KIUPRAQXSA-N"
"PRGR","RITZPFDVXSENFR-YCUXZELOSA-N"
"PRGR","BLPNJKOYOIDEJJ-KIUPRAQXSA-N"
"GCR","QIWQUMBYZAMEPN-NFCXHWEESA-N"
"PRGR","QIWQUMBYZAMEPN-NFCXHWEESA-N"
"ESR2","QIWQUMBYZAMEPN-NFCXHWEESA-N"
"ESR1","QIWQUMBYZAMEPN-NFCXHWEESA-N"
"ANDR","QIWQUMBYZAMEPN-NFCXHWEESA-N"
"GCR","IMTGEDOKMRCXLE-DYIFYJHRSA-N"
"PRGR","IMTGEDOKMRCXLE-DYIFYJHRSA-N"
"ESR1","IMTGEDOKMRCXLE-DYIFYJHRSA-N"
"ANDR","IMTGEDOKMRCXLE-DYIFYJHRSA-N"
"RARA","CHDHWRIOEXFMNA-UHFFFAOYSA-N"
"RARB","CHDHWRIOEXFMNA-UHFFFAOYSA-N"
"ESR1","WZDGZWOAQTVYBX-XOINTXKNSA-N"
"ANDR","WZDGZWOAQTVYBX-XOINTXKNSA-N"
"PPARD","KAPDPGZDHUCILF-UHFFFAOYSA-N"
"PPARA","KAPDPGZDHUCILF-UHFFFAOYSA-N"
"PPARG","KAPDPGZDHUCILF-UHFFFAOYSA-N"
"GCR","WLMLZKXAEFRSCP-UHFFFAOYSA-N"
"PRGR","WLMLZKXAEFRSCP-UHFFFAOYSA-N"
"MCR","WLMLZKXAEFRSCP-UHFFFAOYSA-N"
"ANDR","WLMLZKXAEFRSCP-UHFFFAOYSA-N"
"PPARA","XQWUEDSGGNBHSG-IRLDBZIGSA-N"
"PPARG","XQWUEDSGGNBHSG-IRLDBZIGSA-N"
"PPARG","BZNKJBLTXSCEIN-UHFFFAOYSA-N"
"PPARA","ZSCMQESHVHEFHC-UHFFFAOYSA-N"
"PPARG","ZSCMQESHVHEFHC-UHFFFAOYSA-N"
"ESR2","IXRAACONZDEXAL-UHFFFAOYSA-N"
"PPARD","AORBCLGGYNFMGN-UHFFFAOYSA-N"
"PPARD","VPVFJCQJGDFRIA-UHFFFAOYSA-N"
"PPARA","AORBCLGGYNFMGN-UHFFFAOYSA-N"
"PPARA","VPVFJCQJGDFRIA-UHFFFAOYSA-N"
"NR1H2","AORBCLGGYNFMGN-UHFFFAOYSA-N"
"NR1H2","VPVFJCQJGDFRIA-UHFFFAOYSA-N"
"NR1H3","AORBCLGGYNFMGN-UHFFFAOYSA-N"
"NR1H3","VPVFJCQJGDFRIA-UHFFFAOYSA-N"
"PPARD","CQTCWVWUQDCTSG-UHFFFAOYSA-N"
"NR1H2","CQTCWVWUQDCTSG-UHFFFAOYSA-N"
"NR1H3","CQTCWVWUQDCTSG-UHFFFAOYSA-N"
"PPARD","ZFCIXIWMXLHUDY-UHFFFAOYSA-N"
"PPARA","ZFCIXIWMXLHUDY-UHFFFAOYSA-N"
"NR1H2","ZFCIXIWMXLHUDY-UHFFFAOYSA-N"
"NR1H3","ZFCIXIWMXLHUDY-UHFFFAOYSA-N"
"ESR2","UXHYZGZHMBOLKB-KRWDZBQOSA-N"
"ESR1","UXHYZGZHMBOLKB-KRWDZBQOSA-N"
"PRGR","PYVFWTPEBMRKSR-UHFFFAOYSA-N"
"PPARA","KWGGIRZLUSNBCK-UHFFFAOYSA-N"
"PPARG","KWGGIRZLUSNBCK-UHFFFAOYSA-N"
"NR5A2","ZYOSSUMBVGPRRB-BVAGGSTKSA-N"
"STF1","ZYOSSUMBVGPRRB-BVAGGSTKSA-N"
"NR5A2","NRXJHUMFSREFEA-ACNBWNNBSA-N"
"NR1H2","JWRIUHZELXTXLP-UHFFFAOYSA-N"
"NR1H3","JWRIUHZELXTXLP-UHFFFAOYSA-N"
"NR5A2","CJJHTYXGIYNACX-GJZUVCINSA-N"
"STF1","CJJHTYXGIYNACX-GJZUVCINSA-N"
"NR5A2","ZGDHZHVYMROVBP-KTNSFKJWSA-N"
"STF1","ZGDHZHVYMROVBP-KTNSFKJWSA-N"
"NR5A2","HHPUPJAYBCDUAC-WWTAEJPVSA-N"
"STF1","HHPUPJAYBCDUAC-WWTAEJPVSA-N"
"NR5A2","NRKBJKAAJKZJBH-GJZUVCINSA-N"
"STF1","NRKBJKAAJKZJBH-GJZUVCINSA-N"
"PPARA","BMQHLQSJYWHFHJ-UHFFFAOYSA-N"
"RORG","KVHKWAZUPPBMLL-UHFFFAOYSA-N"
"RARB","SBFXPLUUMAMXFA-OVCLIPMQSA-N"
"PRGR","BWIVIIVAVHAPAO-UHFFFAOYSA-N"
"ESR2","BUCLTGYHCZKFSR-UHFFFAOYSA-N"
"ESR1","BUCLTGYHCZKFSR-UHFFFAOYSA-N"
"GCR","ADHVTOAGYGEFSM-IBGZPJMESA-N"
"MCR","ADHVTOAGYGEFSM-IBGZPJMESA-N"
"NR1H2","NKFCIEVAMLCUCO-UHFFFAOYSA-N"
"NR1H3","NKFCIEVAMLCUCO-UHFFFAOYSA-N"
"NR4A2","XDWKYQRZDNGJNB-UHFFFAOYSA-N"
"NR4A2","YCAACZFPADQMAR-UHFFFAOYSA-N"
"NR4A2","OVMZTCWKQUHSEH-UHFFFAOYSA-N"
"NR4A2","LJFFXXBCMTXSHN-UHFFFAOYSA-N"
"BRD4","XQVVPGYIWAGRNI-QFIPXVFZSA-N"
"BRD2","ULNHSRPVGJEURD-UHFFFAOYSA-N"
"KDM5A","YHHFKWKMXWRVTJ-OQKWZONESA-N"
"KDM4C","YHHFKWKMXWRVTJ-OQKWZONESA-N"
"DNM3B","IEFYFVPAOMYINX-OGFANMSHSA-N"
"SUV91","PZPPOCZWRGNKIR-PNVYSBBASA-N"
"LMBL3","JPTZZWFKOIEDMU-UHFFFAOYSA-N"
"BRPF1","NJFGFBPEEDLUSJ-UHFFFAOYSA-N"
"EP300","UGODIOOKONOGOI-UHFFFAOYSA-N"
"DNM3A","QSYLKMKIVWJAAK-UHFFFAOYSA-N"
"LMBL3","OVRNYUBVMFXXBA-UHFFFAOYSA-N"
"LMBL1","OVRNYUBVMFXXBA-UHFFFAOYSA-N"
"LMBL3","NONWCDXEYNQQEC-UHFFFAOYSA-N"
"BRD4","DRSQZZRFHBWKKZ-AWEZNQCLSA-N"
"CBP","WLUMGCPGWDQOSB-UHFFFAOYSA-N"
"CBP","RHPSSUMJYGAMNR-UHFFFAOYSA-N"
"BRD9","WLUMGCPGWDQOSB-UHFFFAOYSA-N"
"BRD9","RHPSSUMJYGAMNR-UHFFFAOYSA-N"
"BRD4","WLUMGCPGWDQOSB-UHFFFAOYSA-N"
"BRD4","RHPSSUMJYGAMNR-UHFFFAOYSA-N"
"KDM5C","RISAYHSKDUNHCU-MCJVGQIASA-N"
"KDM4C","RISAYHSKDUNHCU-MCJVGQIASA-N"
"KDM2A","RISAYHSKDUNHCU-MCJVGQIASA-N"
"CBP","APJDTDALQSVARU-UHFFFAOYSA-N"
"BRD9","APJDTDALQSVARU-UHFFFAOYSA-N"
"BRD4","VKGQTQLKCFTHGK-PZGXJGMVSA-N"
"BRD3","VKGQTQLKCFTHGK-PZGXJGMVSA-N"
"BAZ2A","MHCGPMADKRLTON-UHFFFAOYSA-N"
"BAZ2B","MHCGPMADKRLTON-UHFFFAOYSA-N"
"BRPF3","BTTCKSLDCMBUAH-DNQXCXABSA-N"
"BRD1","BTTCKSLDCMBUAH-DNQXCXABSA-N"
"TAF1L","BTTCKSLDCMBUAH-DNQXCXABSA-N"
"ATAD2","BTTCKSLDCMBUAH-DNQXCXABSA-N"
"ATD2B","BTTCKSLDCMBUAH-DNQXCXABSA-N"
"BRD4","BUBIAKKEMGHXTA-UHFFFAOYSA-N"
"ATAD2","RQSLDPMPQMDGDW-NHCUHLMSSA-N"
"ATAD2","KXXIBIBXJMYWNL-ILBGXUMGSA-N"
"KDM2A","UDLIRBRLDRLGEC-UHFFFAOYSA-N"
"KAT2B","QMCIVCACYJRAAY-UHFFFAOYSA-N"
"KAT2B","APCZVVNESMLVLD-UHFFFAOYSA-N"
"BRD4","PJXWUXARDBIOKJ-GHVJWSGMSA-N"
"BRD4","NPQKWPKFRWMJFA-GHVJWSGMSA-N"
"BRD3","PJXWUXARDBIOKJ-GHVJWSGMSA-N"
"BRD3","NPQKWPKFRWMJFA-GHVJWSGMSA-N"
"BRD2","AAAQFGUYHFJNHI-SFHVURJKSA-N"
"BRD4","AAAQFGUYHFJNHI-SFHVURJKSA-N"
"BRD3","AAAQFGUYHFJNHI-SFHVURJKSA-N"
"BRD2","GNMUEVRJHCWKTO-FQEVSTJZSA-N"
"BRD4","GNMUEVRJHCWKTO-FQEVSTJZSA-N"
"BRD3","GNMUEVRJHCWKTO-FQEVSTJZSA-N"
"BRD2","TUWDLUFFAHHNEF-UHFFFAOYSA-N"
"BRD2","GWZFTXQVWCWFJG-UHFFFAOYSA-N"
"BRD4","TUWDLUFFAHHNEF-UHFFFAOYSA-N"
"BRD4","GWZFTXQVWCWFJG-UHFFFAOYSA-N"
"BRD3","TUWDLUFFAHHNEF-UHFFFAOYSA-N"
"BRD3","GWZFTXQVWCWFJG-UHFFFAOYSA-N"
"CARM1","GBMDFYLUPGWOCT-UHFFFAOYSA-N"
"CARM1","ZANVLOGENAXDEA-LBPRGKRZSA-N"
"ANM3","YEZPZAFPCATEAS-UHFFFAOYSA-N"
"EHMT2","RNAMYOYQYRYFQY-UHFFFAOYSA-N"
"DOT1L","DIULHULFPSIBAK-TWBCTODHSA-N"
"DNMT1","DIULHULFPSIBAK-TWBCTODHSA-N"
"ANM1","ORUDTJGTLCZELU-UHFFFAOYSA-N"
"ANM6","ORUDTJGTLCZELU-UHFFFAOYSA-N"
"DOT1L","CKMLVERJYCAQQK-DWCTZGTLSA-N"
"SMYD2","WVRBXBROEPXZHF-SANMLTNESA-N"
"EZH2","HZYDBLRWJVJOLP-UHFFFAOYSA-N"
"DNMT1","QSYLKMKIVWJAAK-UHFFFAOYSA-N"
"DOT1L","LXFOLMYKSYSZQS-XKHGBIBOSA-N"
"EHMT1","BKCDJTRMYWSXMC-UHFFFAOYSA-N"
"EHMT2","BKCDJTRMYWSXMC-UHFFFAOYSA-N"
"SETD7","JCKGSPAAPQRPBW-OAQYLSRUSA-N"
"ANM8","QMDKVNSQXPVCRD-RQNOJGIXSA-N"
"ANM1","QMDKVNSQXPVCRD-RQNOJGIXSA-N"
"ANM6","QMDKVNSQXPVCRD-RQNOJGIXSA-N"
"KMT5A","BMKPVDQDJQWBPD-UHFFFAOYSA-N"
"EZH2","LWNTVQSWMPMEHZ-GOSISDBHSA-N"
"EZH2","MRLJERMPALQHNU-UHFFFAOYSA-N"
"ANM1","DBZJJPROPLPMSN-UHFFFAOYSA-N"
"HDAC1","MAUHIMNCPWDQKJ-VNNZRSTGSA-N"
"HDAC3","MAUHIMNCPWDQKJ-VNNZRSTGSA-N"
"HDAC8","MAUHIMNCPWDQKJ-VNNZRSTGSA-N"
"HDAC1","UAEARXVVDWXLHE-UHFFFAOYSA-N"
"HDA11","HRNLUBSXIHFDHP-UHFFFAOYSA-N"
"HDAC1","HRNLUBSXIHFDHP-UHFFFAOYSA-N"
"HDAC3","HRNLUBSXIHFDHP-UHFFFAOYSA-N"
"HDAC2","HRNLUBSXIHFDHP-UHFFFAOYSA-N"
"HDAC1","AWTXQEUYEIEIGL-QHCPKHFHSA-N"
"HDAC3","AWTXQEUYEIEIGL-QHCPKHFHSA-N"
"HDAC2","AWTXQEUYEIEIGL-QHCPKHFHSA-N"
"HDAC6","JMBODOHYRWZQEW-GOSISDBHSA-N"
"HDAC8","JMBODOHYRWZQEW-GOSISDBHSA-N"
"HDAC5","AQIOMPMNFDEIJO-FICVDOATSA-N"
"HDAC1","AQIOMPMNFDEIJO-FICVDOATSA-N"
"HDAC3","AQIOMPMNFDEIJO-FICVDOATSA-N"
"HDAC2","AQIOMPMNFDEIJO-FICVDOATSA-N"
"HDAC6","IBHAGSBJXPUIFA-UHFFFAOYSA-N"
"HDAC8","IBHAGSBJXPUIFA-UHFFFAOYSA-N"
"HDAC6","CKLZDMBNAUWUEQ-OAQYLSRUSA-N"
"HDAC6","NBVPPLDMTKVENW-OAQYLSRUSA-N"
"HDAC2","CKLZDMBNAUWUEQ-OAQYLSRUSA-N"
"HDAC2","NBVPPLDMTKVENW-OAQYLSRUSA-N"
"HDAC8","CKLZDMBNAUWUEQ-OAQYLSRUSA-N"
"HDAC8","NBVPPLDMTKVENW-OAQYLSRUSA-N"
"HDAC8","JYOFQXAIOLYTQD-UHFFFAOYSA-N"
"HDAC1","CHKGICCHQYDKNR-UHFFFAOYSA-N"
"HDAC1","CFQUBQIUHFUYLY-UHFFFAOYSA-N"
"HDAC2","CHKGICCHQYDKNR-UHFFFAOYSA-N"
"HDAC2","CFQUBQIUHFUYLY-UHFFFAOYSA-N"
"HDAC1","HSHBIVVLOXFRND-UHFFFAOYSA-N"
"SIR2","PHJKODPPONELIT-UHFFFAOYSA-N"
"SIR3","PHJKODPPONELIT-UHFFFAOYSA-N"
"SIR1","PHJKODPPONELIT-UHFFFAOYSA-N"
"KDM6B","YHHFKWKMXWRVTJ-OQKWZONESA-N"
"KDM4E","YHHFKWKMXWRVTJ-OQKWZONESA-N"
"HDAC5","WEOWFSNVPPFUOU-UHFFFAOYSA-N"
"HDAC4","WEOWFSNVPPFUOU-UHFFFAOYSA-N"
"HDAC7","WEOWFSNVPPFUOU-UHFFFAOYSA-N"
"HDAC1","WEUKJQCIVIFTNN-MCEBTLFFSA-N"
"HDAC3","WEUKJQCIVIFTNN-MCEBTLFFSA-N"
"HDAC8","WEUKJQCIVIFTNN-MCEBTLFFSA-N"
"HDAC1","NVALQOKYFLEKOH-MHTDFPPDSA-N"
"HDAC3","NVALQOKYFLEKOH-MHTDFPPDSA-N"
"HDAC6","JUZHEHDMLFNSPC-WOOPDLCSSA-N"
"HDAC6","WRBMOCXGXBIFTC-DKUDOZJNSA-N"
"HDAC6","UFXKUOBFPSDIAG-WOOPDLCSSA-N"
"HDAC6","SQQLRUQGUJKQAM-DKUDOZJNSA-N"
"HDAC1","JUZHEHDMLFNSPC-WOOPDLCSSA-N"
"HDAC1","WRBMOCXGXBIFTC-DKUDOZJNSA-N"
"HDAC1","UFXKUOBFPSDIAG-WOOPDLCSSA-N"
"HDAC1","SQQLRUQGUJKQAM-DKUDOZJNSA-N"
"HDAC8","JUZHEHDMLFNSPC-WOOPDLCSSA-N"
"HDAC8","WRBMOCXGXBIFTC-DKUDOZJNSA-N"
"HDAC8","UFXKUOBFPSDIAG-WOOPDLCSSA-N"
"HDAC8","SQQLRUQGUJKQAM-DKUDOZJNSA-N"
"HDAC1","BTCGBXANODJFOB-CIDTVBPUSA-N"
"HDAC1","MYZPAEFNFJXMAN-VCQYNLKMSA-N"
"HDAC3","BTCGBXANODJFOB-CIDTVBPUSA-N"
"HDAC3","MYZPAEFNFJXMAN-VCQYNLKMSA-N"
"HDAC2","BTCGBXANODJFOB-CIDTVBPUSA-N"
"HDAC2","MYZPAEFNFJXMAN-VCQYNLKMSA-N"
"HDA11","WPUMMIJDKOEGAE-MNTLFOFUSA-N"
"HDAC6","KSERMQYRUJVJJE-BODNZJIQSA-N"
"HDAC6","HGSGBMMKQRFPCG-MNTLFOFUSA-N"
"HDAC6","WPUMMIJDKOEGAE-MNTLFOFUSA-N"
"HDAC1","KSERMQYRUJVJJE-BODNZJIQSA-N"
"HDAC1","HGSGBMMKQRFPCG-MNTLFOFUSA-N"
"HDAC1","WPUMMIJDKOEGAE-MNTLFOFUSA-N"
"HDAC3","KSERMQYRUJVJJE-BODNZJIQSA-N"
"HDAC3","HGSGBMMKQRFPCG-MNTLFOFUSA-N"
"HDAC3","WPUMMIJDKOEGAE-MNTLFOFUSA-N"
"HDAC2","KSERMQYRUJVJJE-BODNZJIQSA-N"
"HDAC2","HGSGBMMKQRFPCG-MNTLFOFUSA-N"
"HDAC2","WPUMMIJDKOEGAE-MNTLFOFUSA-N"
"HDAC6","FGSUPLOLVHHRHH-XIFFEERXSA-N"
"HDAC1","FGSUPLOLVHHRHH-XIFFEERXSA-N"
"HDAC6","HRIQVCCRXNQUAH-KPKJPENVSA-N"
"HDAC1","HRIQVCCRXNQUAH-KPKJPENVSA-N"
"HDAC3","HRIQVCCRXNQUAH-KPKJPENVSA-N"
"HDAC8","HRIQVCCRXNQUAH-KPKJPENVSA-N"
"HDAC5","LYQRBPKRGYGRBC-ZIAGYGMSSA-N"
"HDAC4","LYQRBPKRGYGRBC-ZIAGYGMSSA-N"
"HDAC6","DNZYOZKYEXTOPJ-UHFFFAOYSA-N"
"HDAC1","DNZYOZKYEXTOPJ-UHFFFAOYSA-N"
"HDAC3","DNZYOZKYEXTOPJ-UHFFFAOYSA-N"
"HDAC8","DNZYOZKYEXTOPJ-UHFFFAOYSA-N"
"HDAC4","GWRCCABSMRGDID-UHFFFAOYSA-N"
"HDAC2","GWRCCABSMRGDID-UHFFFAOYSA-N"
"HDAC8","GWRCCABSMRGDID-UHFFFAOYSA-N"
"HDAC1","QVFFSKXKUJVVFF-FMIVXFBMSA-N"
"HDAC6","DLMNFMQRIXCIAK-GFDPPHBOSA-N"
"HDAC1","DLMNFMQRIXCIAK-GFDPPHBOSA-N"
"KDM1A","VYVWOUFCKCMSIG-ZPMIJRNTSA-N"
"HDAC5","QRGHOAATPOLDPF-VQFNDLOPSA-N"
"HDAC1","QRGHOAATPOLDPF-VQFNDLOPSA-N"
"HDAC3","QRGHOAATPOLDPF-VQFNDLOPSA-N"
"HDAC2","QRGHOAATPOLDPF-VQFNDLOPSA-N"
"KDM1A","PAXGPAVOMLKKDQ-IIZJFRANSA-N"
"HDAC1","UWJMLPAEGOKDNK-KYJUHHDHSA-N"
"HDAC2","UWJMLPAEGOKDNK-KYJUHHDHSA-N"
"HDAC8","UWJMLPAEGOKDNK-KYJUHHDHSA-N"
"HDAC6","YNBGBSUCOIHSSU-DZVBGLRJSA-N"
"HDAC1","YNBGBSUCOIHSSU-DZVBGLRJSA-N"
"HDAC2","YNBGBSUCOIHSSU-DZVBGLRJSA-N"
"HDAC6","JXRUOOOPJXMRNO-UHFFFAOYSA-N"
"HDAC3","JXRUOOOPJXMRNO-UHFFFAOYSA-N"
"HDAC6","QNKGHYKEYDAGTJ-VQHVLOKHSA-N"
"HDAC3","QNKGHYKEYDAGTJ-VQHVLOKHSA-N"
"HDAC2","QNKGHYKEYDAGTJ-VQHVLOKHSA-N"
"HDAC6","NIPBEOJRUSKLGA-CUXNAULPSA-N"
"HDAC1","NIPBEOJRUSKLGA-CUXNAULPSA-N"
"HDAC1","SMTXKVURUPJKNQ-OAQYLSRUSA-N"
"HDAC2","SMTXKVURUPJKNQ-OAQYLSRUSA-N"
"HDAC6","HPCPCLJRBNRLLW-UHFFFAOYSA-N"
"HDAC8","HPCPCLJRBNRLLW-UHFFFAOYSA-N"
"HDA11","VLBQAJZSHGGUBQ-UHFFFAOYSA-N"
"HDAC6","VLBQAJZSHGGUBQ-UHFFFAOYSA-N"
"HDAC8","VLBQAJZSHGGUBQ-UHFFFAOYSA-N"
"HDAC7","IPARVOCXYHGAKB-BNVDZZMOSA-N"
"HDAC6","IPARVOCXYHGAKB-BNVDZZMOSA-N"
"HDAC1","IPARVOCXYHGAKB-BNVDZZMOSA-N"
"HDAC3","IPARVOCXYHGAKB-BNVDZZMOSA-N"
"HDAC2","IPARVOCXYHGAKB-BNVDZZMOSA-N"
"HDAC1","GLVKGOKWCOFFOB-UHFFFAOYSA-N"
"KDM4E","RISAYHSKDUNHCU-MCJVGQIASA-N"
"KDM3A","RISAYHSKDUNHCU-MCJVGQIASA-N"
"HDAC5","MMWFLIBCIOFXBI-BZUAXINKSA-N"
"HDAC9","MMWFLIBCIOFXBI-BZUAXINKSA-N"
"HDAC4","MMWFLIBCIOFXBI-BZUAXINKSA-N"
"HDAC7","MMWFLIBCIOFXBI-BZUAXINKSA-N"
"HDAC8","MMWFLIBCIOFXBI-BZUAXINKSA-N"
"HDAC5","QHCRWOYXPXJUJS-KZNAEPCWSA-N"
"HDAC9","QHCRWOYXPXJUJS-KZNAEPCWSA-N"
"HDAC4","QHCRWOYXPXJUJS-KZNAEPCWSA-N"
"HDAC7","QHCRWOYXPXJUJS-KZNAEPCWSA-N"
"HDAC5","QZUGUUMWGJYJFD-UHFFFAOYSA-N"
"HDAC7","QZUGUUMWGJYJFD-UHFFFAOYSA-N"
"HDAC1","SEVGOOROBLVJGK-UHFFFAOYSA-N"
"HDAC1","RGIXMSXCHQWNPC-UHFFFAOYSA-N"
"HDAC3","SEVGOOROBLVJGK-UHFFFAOYSA-N"
"HDAC3","RGIXMSXCHQWNPC-UHFFFAOYSA-N"
"HDAC6","HUKJAHRJEYMMCE-UHFFFAOYSA-N"
"HDAC1","HUKJAHRJEYMMCE-UHFFFAOYSA-N"
"HDAC3","HUKJAHRJEYMMCE-UHFFFAOYSA-N"
"HDAC6","SBKCBHGSQFRBLA-UHFFFAOYSA-N"
"HDAC6","MVJAEZIEZVJAFM-UHFFFAOYSA-N"
"HDAC6","VRIIBGAQHXBNAK-UHFFFAOYSA-N"
"HDAC1","SBKCBHGSQFRBLA-UHFFFAOYSA-N"
"HDAC1","MVJAEZIEZVJAFM-UHFFFAOYSA-N"
"HDAC1","VRIIBGAQHXBNAK-UHFFFAOYSA-N"
"HDAC3","SBKCBHGSQFRBLA-UHFFFAOYSA-N"
"HDAC3","MVJAEZIEZVJAFM-UHFFFAOYSA-N"
"HDAC3","VRIIBGAQHXBNAK-UHFFFAOYSA-N"
"HDA11","VXQMEGLYMWVBHB-UOLLFOIHSA-N"
"HDAC6","VXQMEGLYMWVBHB-UOLLFOIHSA-N"
"HDA10","VXQMEGLYMWVBHB-UOLLFOIHSA-N"
"HDAC1","VXQMEGLYMWVBHB-UOLLFOIHSA-N"
"HDAC3","VXQMEGLYMWVBHB-UOLLFOIHSA-N"
"HDAC2","VXQMEGLYMWVBHB-UOLLFOIHSA-N"
"HDAC6","MWLFQRZKKHIDTM-QGZVFWFLSA-N"
"HDAC8","MWLFQRZKKHIDTM-QGZVFWFLSA-N"
"SIR2","XDLNITCMISPVNF-UHFFFAOYSA-N"
"SIR2","RFFBKWSYKGYIRL-UHFFFAOYSA-N"
"HDAC1","OEIWOBHSMWRABY-UHFFFAOYSA-N"
"HDAC2","OEIWOBHSMWRABY-UHFFFAOYSA-N"
"HDAC6","FTVNKVXRXIRGTC-UHFFFAOYSA-N"
"HDAC1","FTVNKVXRXIRGTC-UHFFFAOYSA-N"
"HDAC2","FTVNKVXRXIRGTC-UHFFFAOYSA-N"
"HDAC8","FTVNKVXRXIRGTC-UHFFFAOYSA-N"
"HDAC6","JMQRCCQUKFLXLF-UHFFFAOYSA-N"
"HDAC1","JUOYMLJPOYQJRY-UHFFFAOYSA-N"
"HDAC1","VUMXOSQTUDDRDH-UHFFFAOYSA-N"
"HDAC6","CPERKRDUKGURNJ-BNVDZZMOSA-N"
"HDAC1","CPERKRDUKGURNJ-BNVDZZMOSA-N"
"HDAC1","PFXMQZVRILDSDW-XUFAZQDHSA-N"
"HDAC3","CPERKRDUKGURNJ-BNVDZZMOSA-N"
"HDAC3","PFXMQZVRILDSDW-XUFAZQDHSA-N"
"HDAC2","CPERKRDUKGURNJ-BNVDZZMOSA-N"
"HDAC2","PFXMQZVRILDSDW-XUFAZQDHSA-N"
"HDAC8","CPERKRDUKGURNJ-BNVDZZMOSA-N"
"HDAC6","YSQNJKVHVWRCPW-FXHDEUNJSA-N"
"HDAC1","YSQNJKVHVWRCPW-FXHDEUNJSA-N"
"HDAC3","YSQNJKVHVWRCPW-FXHDEUNJSA-N"
"HDAC2","YSQNJKVHVWRCPW-FXHDEUNJSA-N"
"HDAC8","YSQNJKVHVWRCPW-FXHDEUNJSA-N"
"HDAC6","GEYMFTUKZLBUPW-YFRHZCBQSA-N"
"HDAC1","GEYMFTUKZLBUPW-YFRHZCBQSA-N"
"HDAC2","GEYMFTUKZLBUPW-YFRHZCBQSA-N"
"HDAC6","UZLJJCAWULBGEN-BXMDZJJMSA-N"
"HDAC6","IHOZEAFFIQFSRI-HGQWONQESA-N"
"HDAC1","UZLJJCAWULBGEN-BXMDZJJMSA-N"
"HDAC1","IHOZEAFFIQFSRI-HGQWONQESA-N"
"HDAC2","UZLJJCAWULBGEN-BXMDZJJMSA-N"
"HDAC2","IHOZEAFFIQFSRI-HGQWONQESA-N"
"HDAC1","WGZXNMYTKWFBCR-UHFFFAOYSA-N"
"HDAC5","SWFNNXRBXDNPEJ-HAARDXOJSA-N"
"HDAC1","SWFNNXRBXDNPEJ-HAARDXOJSA-N"
"HDAC8","SWFNNXRBXDNPEJ-HAARDXOJSA-N"
"HDAC4","IYOLVIFIJXUYFW-CLAROIROSA-N"
"HDAC4","IAXSAHXPKHCCRC-CLAROIROSA-N"
"HDAC6","IYOLVIFIJXUYFW-CLAROIROSA-N"
"HDAC6","IAXSAHXPKHCCRC-CLAROIROSA-N"
"HDAC1","IYOLVIFIJXUYFW-CLAROIROSA-N"
"HDAC1","IAXSAHXPKHCCRC-CLAROIROSA-N"
"HDAC6","ZKDXRRPJVSHVTP-FOCLMDBBSA-N"
"HDAC6","ARMZVBSGMUBKGW-ZHACJKMWSA-N"
"HDAC1","ZKDXRRPJVSHVTP-FOCLMDBBSA-N"
"HDAC1","ARMZVBSGMUBKGW-ZHACJKMWSA-N"
"HDAC8","ZKDXRRPJVSHVTP-FOCLMDBBSA-N"
"HDAC8","ARMZVBSGMUBKGW-ZHACJKMWSA-N"
"HDA11","MSHYQCFSRGHYAU-UHFFFAOYSA-N"
"HDAC6","MSHYQCFSRGHYAU-UHFFFAOYSA-N"
"HDA10","MSHYQCFSRGHYAU-UHFFFAOYSA-N"
"HDAC6","BABGDAWTRPMGMJ-SFHVURJKSA-N"
"HDAC1","BABGDAWTRPMGMJ-SFHVURJKSA-N"
"HDAC3","BABGDAWTRPMGMJ-SFHVURJKSA-N"
"HDAC6","FBMZZKJWNJGIID-UHFFFAOYSA-N"
"HDAC1","FBMZZKJWNJGIID-UHFFFAOYSA-N"
"HDAC2","FBMZZKJWNJGIID-UHFFFAOYSA-N"
"HDAC8","FBMZZKJWNJGIID-UHFFFAOYSA-N"
"SIR2","JSCRCECGNHPGDY-UHFFFAOYSA-N"
"SIR2","IXDTWYVAYLILOL-UHFFFAOYSA-N"
"SIR2","CLHJWTGEHRKCOS-UHFFFAOYSA-N"
"SIR2","QQSPATQSWSHBGK-UHFFFAOYSA-N"
"SIR2","UQYCPGDIEUPDPU-UHFFFAOYSA-N"
"SIR3","JSCRCECGNHPGDY-UHFFFAOYSA-N"
"SIR3","IXDTWYVAYLILOL-UHFFFAOYSA-N"
"SIR3","CLHJWTGEHRKCOS-UHFFFAOYSA-N"
"SIR3","QQSPATQSWSHBGK-UHFFFAOYSA-N"
"SIR3","UQYCPGDIEUPDPU-UHFFFAOYSA-N"
"SIR1","JSCRCECGNHPGDY-UHFFFAOYSA-N"
"SIR1","IXDTWYVAYLILOL-UHFFFAOYSA-N"
"SIR1","CLHJWTGEHRKCOS-UHFFFAOYSA-N"
"SIR1","QQSPATQSWSHBGK-UHFFFAOYSA-N"
"SIR1","UQYCPGDIEUPDPU-UHFFFAOYSA-N"
"HDAC6","PWOYGNLEMBIIES-LCHKFDHZSA-N"
"HDAC6","IRBKIKHESMDKHL-HGLBEQJOSA-N"
"HDA10","PWOYGNLEMBIIES-LCHKFDHZSA-N"
"HDA10","IRBKIKHESMDKHL-HGLBEQJOSA-N"
"HDA10","AJEJWONOGKARDP-HQRKCSHCSA-N"
"HDAC1","PWOYGNLEMBIIES-LCHKFDHZSA-N"
"HDAC1","IRBKIKHESMDKHL-HGLBEQJOSA-N"
"HDAC1","AJEJWONOGKARDP-HQRKCSHCSA-N"
"HDAC3","PWOYGNLEMBIIES-LCHKFDHZSA-N"
"HDAC3","IRBKIKHESMDKHL-HGLBEQJOSA-N"
"HDAC3","AJEJWONOGKARDP-HQRKCSHCSA-N"
"HDAC2","PWOYGNLEMBIIES-LCHKFDHZSA-N"
"HDAC2","IRBKIKHESMDKHL-HGLBEQJOSA-N"
"HDAC2","AJEJWONOGKARDP-HQRKCSHCSA-N"
"HDAC6","OHRURASPPZQGQM-GCCNXGTGSA-N"
"HDAC1","OHRURASPPZQGQM-GCCNXGTGSA-N"
"HDAC2","OHRURASPPZQGQM-GCCNXGTGSA-N"
"HDAC6","DHVTZWIWZWPIFU-INIZCTEOSA-N"
"HDAC6","FUOGGOBDJMJPGG-UHFFFAOYSA-N"
"HDAC1","DHVTZWIWZWPIFU-INIZCTEOSA-N"
"HDAC1","FUOGGOBDJMJPGG-UHFFFAOYSA-N"
"HDAC3","DHVTZWIWZWPIFU-INIZCTEOSA-N"
"HDAC3","FUOGGOBDJMJPGG-UHFFFAOYSA-N"
"HDAC1","CJAZHUOEOHACOU-UHFFFAOYSA-N"
"HDAC2","CJAZHUOEOHACOU-UHFFFAOYSA-N"
"HDAC1","JWOGUUIOCYMBPV-GMFLJSBRSA-N"
"HDAC3","JWOGUUIOCYMBPV-GMFLJSBRSA-N"
"HDAC2","JWOGUUIOCYMBPV-GMFLJSBRSA-N"
"HDAC8","JWOGUUIOCYMBPV-GMFLJSBRSA-N"
"HDAC1","YJSDQHBWTFLJFS-APTPAJQOSA-N"
"HDAC8","YJSDQHBWTFLJFS-APTPAJQOSA-N"
"HDAC1","GXOSDYYSMVCHPE-SFTDATJTSA-N"
"HDAC8","GXOSDYYSMVCHPE-SFTDATJTSA-N"
"HDAC1","FDBGKYDLLNFNLR-UHFFFAOYSA-N"
"HDAC6","FWZYGJTYMHTDJZ-UHFFFAOYSA-N"
"HDAC1","FWZYGJTYMHTDJZ-UHFFFAOYSA-N"
"HDAC8","FWZYGJTYMHTDJZ-UHFFFAOYSA-N"
"HDAC1","XRSGBFPPMOCWOZ-JLHYYAGUSA-N"
"SIR2","FUZYTVDVLBBXDL-UHFFFAOYSA-N"
"SIR1","FUZYTVDVLBBXDL-UHFFFAOYSA-N"
"HDAC4","BVZHTKWRPZSTLC-UKTHLTGXSA-N"
"HDAC6","BVZHTKWRPZSTLC-UKTHLTGXSA-N"
"HDAC1","BVZHTKWRPZSTLC-UKTHLTGXSA-N"
"HDAC6","BOHHDKREAFDOOX-MDWZMJQESA-N"
"HDAC6","KUDXCKFFHRREGG-BUHFOSPRSA-N"
"HDAC1","BOHHDKREAFDOOX-MDWZMJQESA-N"
"HDAC1","KUDXCKFFHRREGG-BUHFOSPRSA-N"
"HDAC8","BOHHDKREAFDOOX-MDWZMJQESA-N"
"HDAC8","KUDXCKFFHRREGG-BUHFOSPRSA-N"
"HDAC4","VBWCMILVHANAGG-YTTGMZPUSA-N"
"HDAC6","VBWCMILVHANAGG-YTTGMZPUSA-N"
"HDAC1","VBWCMILVHANAGG-YTTGMZPUSA-N"
"HDAC3","VBWCMILVHANAGG-YTTGMZPUSA-N"
"HDAC2","VBWCMILVHANAGG-YTTGMZPUSA-N"
"HDAC8","VBWCMILVHANAGG-YTTGMZPUSA-N"
"HDA11","WOXWAGCBPDSRPN-SDNWHVSQSA-N"
"HDAC3","WOXWAGCBPDSRPN-SDNWHVSQSA-N"
"HDAC8","WOXWAGCBPDSRPN-SDNWHVSQSA-N"
"GRIA2","YOZUMMLBLHMQSX-HZPDHXFCSA-N"
"P2RX7","REVMNCWOWZSCJH-MRXNPFEDSA-N"
"P2RX7","CCZUQXSFOINFTJ-UHFFFAOYSA-N"
"GLRA1","KDKROYXEHCYLJQ-DDQXZYLESA-N"
"ACHA4","JGNWYPPUUWHRGM-UHFFFAOYSA-N"
"P2RX7","TXNLOXAUUHMBDN-UHFFFAOYSA-N"
"ACHA4","CCDQOOKQQKTMOZ-UHFFFAOYSA-N"
"GBRA6","ILFYWHUZKNCDEU-UHFFFAOYSA-N"
"GBRA2","ILFYWHUZKNCDEU-UHFFFAOYSA-N"
"GBRA1","ILFYWHUZKNCDEU-UHFFFAOYSA-N"
"GBRA5","ILFYWHUZKNCDEU-UHFFFAOYSA-N"
"GBRA2","NESUAJPAOMXMJC-UHFFFAOYSA-N"
"GBRA1","NESUAJPAOMXMJC-UHFFFAOYSA-N"
"GBRA5","NESUAJPAOMXMJC-UHFFFAOYSA-N"
"GBRA3","NESUAJPAOMXMJC-UHFFFAOYSA-N"
"ACHA7","BADPXOSJBUEVTR-UHFFFAOYSA-N"
"ACHA4","BADPXOSJBUEVTR-UHFFFAOYSA-N"
"GBRA2","FKIFCJXVYFACJA-UHFFFAOYSA-N"
"GBRA1","FKIFCJXVYFACJA-UHFFFAOYSA-N"
"GBRA5","JYRRJDFICVOODX-UHFFFAOYSA-N"
"GBRA3","JYRRJDFICVOODX-UHFFFAOYSA-N"
"ACHA7","GTMRUYCIJSNXGB-BJUDXGSMSA-N"
"NMDE3","TUNYNMJFFGEYIX-UHFFFAOYSA-N"
"NMDE4","TUNYNMJFFGEYIX-UHFFFAOYSA-N"
"ACHA2","PLBWSQXHXCLSCU-ZDUSSCGKSA-N"
"ACHA2","PLBWSQXHXCLSCU-CYBMUJFWSA-N"
"ACHA4","PLBWSQXHXCLSCU-ZDUSSCGKSA-N"
"ACHA4","PLBWSQXHXCLSCU-CYBMUJFWSA-N"
"ACHA3","PLBWSQXHXCLSCU-ZDUSSCGKSA-N"
"ACHA3","PLBWSQXHXCLSCU-CYBMUJFWSA-N"
"ACHA7","ZNYNSJDQHMXNFR-QWHCGFSZSA-N"
"ACHA2","ROZDWXUZSYSLTR-JTQLQIEISA-N"
"ACHA4","ROZDWXUZSYSLTR-JTQLQIEISA-N"
"ACHA3","ROZDWXUZSYSLTR-JTQLQIEISA-N"
"5HT3A","POJMJIIKSJRQPV-OZJYBUQCSA-N"
"5HT3A","KMWRABRPTOODHP-UHFFFAOYSA-N"
"ACHA7","NMVUENQHTGODKP-UHFFFAOYSA-N"
"5HT3A","NMVUENQHTGODKP-UHFFFAOYSA-N"
"NMDZ1","NITFNWKNXPEUTQ-UHFFFAOYSA-N"
"GBRA1","HHFBDROWDBDFBR-UHFFFAOYSA-N"
"GLRA1","QYSXJUFSXHHAJI-YRZJJWOYSA-N"
"ACHA7","PBHJNCFSKUFXJI-IRXDYDNUSA-N"
"P2RX4","LQZBDVDATBCNNN-UHEGPQQHSA-N"
"5HT3A","MYBMSIDXODXJBU-UHFFFAOYSA-N"
"5HT3A","WFQOETMVYMINSA-UHFFFAOYSA-N"
"GBRA6","SRAWBNFSMIHBEM-UHFFFAOYSA-N"
"GBRA2","SRAWBNFSMIHBEM-UHFFFAOYSA-N"
"GBRA1","SRAWBNFSMIHBEM-UHFFFAOYSA-N"
"GBRA3","SRAWBNFSMIHBEM-UHFFFAOYSA-N"
"GBRA4","SRAWBNFSMIHBEM-UHFFFAOYSA-N"
"ACHA7","JIGWWGDIEUWCOR-UHFFFAOYSA-N"
"5HT3A","JIGWWGDIEUWCOR-UHFFFAOYSA-N"
"P2RX3","CTNRCYKVGGRNOG-UHFFFAOYSA-N"
"ACHA7","MZFBIJKTQCKWOQ-UACURGKKSA-N"
"P2RX7","ZAJVOXZSUBHRRY-UHFFFAOYSA-N"
"P2RX7","IMHJGAYDAURTJG-UHFFFAOYSA-N"
"ACHA7","GEOWRBWWMXCKFQ-FLIBITNWSA-N"
"ACHA4","GEOWRBWWMXCKFQ-FLIBITNWSA-N"
"ACHA3","GEOWRBWWMXCKFQ-FLIBITNWSA-N"
"P2RX7","DIKKTLPJDURHSW-UHFFFAOYSA-N"
"5HT3A","SWEOAXMICIJCQC-UHFFFAOYSA-N"
"GLRA1","CBUHKJLQRNBVRE-WDNDVIMCSA-N"
"5HT3A","CBUHKJLQRNBVRE-WDNDVIMCSA-N"
"5HT3A","OZOLNJQERDKPFN-OSYLJGHBSA-N"
"ACHA4","MZNMBSTVKXFARX-LSDHHAIUSA-N"
"ACHA7","ANJTVLIZGCUXLD-DTWKUNHWSA-N"
"ACHA4","ANJTVLIZGCUXLD-DTWKUNHWSA-N"
"P2RX1","SGRORDSPRIKCOQ-UHFFFAOYSA-N"
"ACHA4","XEOOLDLJXYEALJ-UHFFFAOYSA-N"
"SCNNA","SUAYGUGXCREDFN-UHFFFAOYSA-N"
"SCNNA","WXJJQILQQVNFKH-SHRURHRBSA-N"
"NMDE3","HBOSYLLOSGWWJQ-XDJHFCHBSA-N"
"ACHA4","UEQZFAGVRGWPDK-UHFFFAOYSA-N"
"ACHA3","UEQZFAGVRGWPDK-UHFFFAOYSA-N"
"P2RX7","CHYGOHRACGNCTQ-UHFFFAOYSA-N"
"P2RX7","UJMDQONHJGKMOO-NSHDSACASA-N"
"RYR3","URVDQZDQPQVIGE-ZORYXUITSA-N"
"P2RX4","KGVCOYMLGBNCDW-UHFFFAOYSA-N"
"ACHA2","QPAMZHIOZFVTFI-BZUAXINKSA-N"
"ACHA2","ASRVLPPSPFUIAG-FVQBIDKESA-N"
"ACHA2","PBFPUNUZLFYRGF-UHFFFAOYSA-N"
"ACHA2","JGOKWXDQJRLPLM-IIAWOOMASA-N"
"ACHA4","QPAMZHIOZFVTFI-BZUAXINKSA-N"
"ACHA4","ASRVLPPSPFUIAG-FVQBIDKESA-N"
"ACHA4","PBFPUNUZLFYRGF-UHFFFAOYSA-N"
"ACHA4","JGOKWXDQJRLPLM-IIAWOOMASA-N"
"ACHA6","QPAMZHIOZFVTFI-BZUAXINKSA-N"
"ACHA6","ASRVLPPSPFUIAG-FVQBIDKESA-N"
"ACHA6","PBFPUNUZLFYRGF-UHFFFAOYSA-N"
"ACHA6","JGOKWXDQJRLPLM-IIAWOOMASA-N"
"ACHA3","QPAMZHIOZFVTFI-BZUAXINKSA-N"
"ACHA3","ASRVLPPSPFUIAG-FVQBIDKESA-N"
"ACHA3","PBFPUNUZLFYRGF-UHFFFAOYSA-N"
"ACHA3","JGOKWXDQJRLPLM-IIAWOOMASA-N"
"P2RX7","JDBNULPMLASKRM-UHFFFAOYSA-N"
"NMDE2","ILDQLSNTKXJRTC-UHFFFAOYSA-N"
"5HT3A","JSWZEAMFRNKZNL-UHFFFAOYSA-N"
"GRIK2","ZNMNDDBPIVAUGG-UHFFFAOYSA-N"
"GRIK1","ZNMNDDBPIVAUGG-UHFFFAOYSA-N"
"GRIA2","ZNMNDDBPIVAUGG-UHFFFAOYSA-N"
"GRIA4","ZNMNDDBPIVAUGG-UHFFFAOYSA-N"
"GRIA3","ZNMNDDBPIVAUGG-UHFFFAOYSA-N"
"GRIA1","ZNMNDDBPIVAUGG-UHFFFAOYSA-N"
"ACHA7","LKMWIEHGNOUIAH-UHFFFAOYSA-N"
"GRIK1","VZIZJQPFNOXKGE-OPDFLTKYSA-N"
"ACHA7","HYLBWYXHCHUAGL-UFIFRZAQSA-N"
"ACHA4","HYLBWYXHCHUAGL-UFIFRZAQSA-N"
"5HT3A","MREMSPSMZSVSJS-UHFFFAOYSA-N"
"GBRA2","ZTLOBJCILUZKRV-UHFFFAOYSA-N"
"GBRA1","ZTLOBJCILUZKRV-UHFFFAOYSA-N"
"GBRA5","ZTLOBJCILUZKRV-UHFFFAOYSA-N"
"GBRA3","ZTLOBJCILUZKRV-UHFFFAOYSA-N"
"ACHA7","PIKIJMMZKAZXJV-GXDHUFHOSA-N"
"GRIK1","HJEPOXZLPHUVFE-ZETCQYMHSA-N"
"GRIK3","HJEPOXZLPHUVFE-ZETCQYMHSA-N"
"GRIA2","HJEPOXZLPHUVFE-ZETCQYMHSA-N"
"GRIA4","HJEPOXZLPHUVFE-ZETCQYMHSA-N"
"GRIA3","HJEPOXZLPHUVFE-ZETCQYMHSA-N"
"GRIA1","HJEPOXZLPHUVFE-ZETCQYMHSA-N"
"5HT3A","AJOIVAKMJVSBOV-CYBMUJFWSA-N"
"ACHA7","IPWQJEONCUFCOR-QUVNMDIPSA-N"
"P2RX7","HTSXOICCVRNMJS-UHFFFAOYSA-N"
"GBRA2","BQDUNOMMYOKHEP-UHFFFAOYSA-N"
"GBRA5","BQDUNOMMYOKHEP-UHFFFAOYSA-N"
"GBRA3","BQDUNOMMYOKHEP-UHFFFAOYSA-N"
"GLRA1","SDOBRINCJGXIRO-ZSHCYNCHSA-N"
"GBRR1","RDYMFSUJUZBWLH-IOPZMNTHSA-N"
"GBRB3","RDYMFSUJUZBWLH-IOPZMNTHSA-N"
"GBRA6","HZYHQJXUEKIREU-UHFFFAOYSA-N"
"GBRA2","HZYHQJXUEKIREU-UHFFFAOYSA-N"
"GBRA1","HZYHQJXUEKIREU-UHFFFAOYSA-N"
"GBRA5","HZYHQJXUEKIREU-UHFFFAOYSA-N"
"GBRA3","HZYHQJXUEKIREU-UHFFFAOYSA-N"
"5HT3A","DNVBBWNTRFFIHW-CQSZACIVSA-N"
"P2RX7","BPFDBNIFDQBRTL-UHFFFAOYSA-N"
"5HT3A","ACKJXXOVSOCBPX-UHFFFAOYSA-N"
"ACHA7","OCKIPDMKGPYYJS-ZDUSSCGKSA-N"
"5HT3A","OCKIPDMKGPYYJS-ZDUSSCGKSA-N"
"ACHA7","SSOHJAKQLOENEM-UHFFFAOYSA-N"
"5HT3A","SSOHJAKQLOENEM-UHFFFAOYSA-N"
"P2RX7","RIQDJVYIKRTJSB-UHFFFAOYSA-N"
"ACHA7","WVUAJTKMQULXHI-UHFFFAOYSA-N"
"NMDE2","IQBMPJYFQVSHLG-UHFFFAOYSA-N"
"P2RX7","VOBLEUYUONVXOI-DHUJRADRSA-N"
"5HT3A","DSYPQNCLZHZVKW-UHFFFAOYSA-N"
"5HT3A","RYXJSAHVNPQLMV-UHFFFAOYSA-N"
"P2RX7","PAMUPXWEUDHSOI-UHFFFAOYSA-N"
"P2RX7","UQCCHJRVKMRHGH-UHFFFAOYSA-N"
"MCL1","RFTSSZJZXOSICM-GRSHGNNSSA-N"
"B2LA1","RFTSSZJZXOSICM-GRSHGNNSSA-N"
"B2L10","RFTSSZJZXOSICM-GRSHGNNSSA-N"
"BAD","RFTSSZJZXOSICM-GRSHGNNSSA-N"
"CRCM1","LGHQYQBHWZQKIB-UHFFFAOYSA-N"
"BCL2","BRPRPURMGRJSHP-UHFFFAOYSA-N"
"BCL2","UQVOXUZIGHRSOD-UHFFFAOYSA-N"
"BCL2","SGWMAESMAPTEEP-UHFFFAOYSA-N"
"BCL2","CYNWXFDDCZREMK-UHFFFAOYSA-N"
"BCL2","LQPUNUIMIHGZEE-UHFFFAOYSA-N"
"MCL1","BRPRPURMGRJSHP-UHFFFAOYSA-N"
"MCL1","UQVOXUZIGHRSOD-UHFFFAOYSA-N"
"MCL1","SGWMAESMAPTEEP-UHFFFAOYSA-N"
"MCL1","CYNWXFDDCZREMK-UHFFFAOYSA-N"
"MCL1","LQPUNUIMIHGZEE-UHFFFAOYSA-N"
"B2CL1","BRPRPURMGRJSHP-UHFFFAOYSA-N"
"B2CL1","UQVOXUZIGHRSOD-UHFFFAOYSA-N"
"B2CL1","SGWMAESMAPTEEP-UHFFFAOYSA-N"
"B2CL1","CYNWXFDDCZREMK-UHFFFAOYSA-N"
"B2CL1","LQPUNUIMIHGZEE-UHFFFAOYSA-N"
"CFTR","MNOOVRNGPIWJDI-UHFFFAOYSA-N"
"BAD","WHSNSKLEZGKYLB-UHFFFAOYSA-N"
"BAD","AKOHJQLWPFONMJ-UHFFFAOYSA-N"
"CETP","DYFYECADIXVRFO-QYBDOPJKSA-N"
"BAD","WNOHFJIMKSDPHP-UHFFFAOYSA-N"
"BAD","IFKCLLHUGZYAPV-UHFFFAOYSA-N"
"BCL2","RYPLJKONCYQJFW-UHFFFAOYSA-N"
"MCL1","RYPLJKONCYQJFW-UHFFFAOYSA-N"
"CETP","GYYYHQSZFDEFKT-UHFFFAOYSA-N"
"PSN2","FZLVZULDXHXGFA-VPKVUBIPSA-N"
"BCL2","IUURYJVPFGWYCA-KXQOOQHDSA-N"
"B2CL1","IUURYJVPFGWYCA-KXQOOQHDSA-N"
"BCL2","RPXODVJZSQMEMB-RRHRGVEJSA-N"
"B2CL1","ZGERKAMDOWOUTN-NLRVBDNBSA-N"
"PERF","YECJXIQSIVVMSS-RIYZIHGNSA-N"
"MCL1","BNBDPYUSBJEPGX-UUWRZZSWSA-N"
"B2CL1","BNBDPYUSBJEPGX-UUWRZZSWSA-N"
"BAX","BPJKUWXILSKTLE-FVDSYPCUSA-N"
"PSN1","SQBLABNTHYWMFI-PXLXIMEGSA-N"
"BCL2","QDGGZDBYCDBSGQ-UHFFFAOYSA-N"
"PSN1","FDMWQCMAAAAAIA-SZXQPVLSSA-N"
"MCL1","NZJRLTZEJDEFLT-UHFFFAOYSA-N"
"B2LA1","LYCGWUODYAKCJR-UHFFFAOYSA-N"
"MCL1","FRRVRVNGAKHMGO-UHFFFAOYSA-N"
"MCL1","SZEZEZHDZJZXEC-UHFFFAOYSA-N"
"TRPV1","GNRVWTIJRDMIID-UHFFFAOYSA-N"
"SCNAA","QNZPSPBILYUMMU-UHFFFAOYSA-N"
"KCNA5","FRLKYVJLDPLCNR-UHFFFAOYSA-N"
"KCNH2","GFQPGTMHAHWZHS-UHFFFAOYSA-N"
"KCNH2","LHFRREYTABIJEO-UHFFFAOYSA-N"
"KCNH2","WLZVXPFXXASTLW-UHFFFAOYSA-N"
"KCNH2","XBIPCIFARHCNNE-UHFFFAOYSA-N"
"KCNH2","CXZDAMKDHUXFMW-UHFFFAOYSA-N"
"KCNH2","AKTHZRZKYPJJRC-UHFFFAOYSA-N"
"KCNH2","AXDZGPVPBMNCMT-UHFFFAOYSA-N"
"KCNH2","ZBUMCITULAAXBQ-UHFFFAOYSA-N"
"KCNH2","ZAAQJDPTTZJUDL-UHFFFAOYSA-N"
"KCNH2","PHDDUIXSXSRRQU-UHFFFAOYSA-N"
"KCNH2","PHCUGENQVJPTLC-UHFFFAOYSA-N"
"KCNH2","GYVLPHYAFKCJIG-UHFFFAOYSA-N"
"SCNAA","LGAIRKZXPYNIQE-XMMPIXPASA-N"
"SCN9A","LGAIRKZXPYNIQE-XMMPIXPASA-N"
"KCNH2","NJNUNXVUFLFRNF-UHFFFAOYSA-N"
"TRPM8","OUUZIEDSZGRVAZ-UHFFFAOYSA-N"
"TRPA1","BZTMKWCWKFEAKS-UHFFFAOYSA-N"
"CAC1C","SVJMLYUFVDMUHP-XIFFEERXSA-N"
"CAC1C","KPTMOEWLVJTEEX-UHFFFAOYSA-N"
"KCNH2","XSDAUYLGCBWDAK-FQEVSTJZSA-N"
"SCN8A","JVPKVUZEGMOKEC-FMSJUDGMSA-N"
"SCN4A","JVPKVUZEGMOKEC-FMSJUDGMSA-N"
"KCNH2","RWZHKEZRFILBTQ-AVRDEDQJSA-N"
"KCNH2","XLARMCNJVYOFFY-UHFFFAOYSA-N"
"KCNH2","QHRSOSACJBYXIL-UHFFFAOYSA-N"
"KCNH2","RDPSEAZFXPEZMP-UHFFFAOYSA-N"
"KCNH2","KEJJLAINBBOGHE-UHFFFAOYSA-N"
"KCMA1","KUWPZGSOUABMGY-UHFFFAOYSA-N"
"SCN8A","VUXLKOATKUTQHW-UHFFFAOYSA-N"
"KCNN1","YVIIHEKJCKCXOB-STYWVVQQSA-N"
"SCN2A","ODEBBNRINYMIRX-ACIOBRDBSA-N"
"KCNN3","XZIZUQSOFMLIIR-CQSZACIVSA-N"
"KCNH2","QAGVIYYHBWIDBH-UHFFFAOYSA-N"
"KCNH2","PUFJEFSFBMWBSG-UHFFFAOYSA-N"
"KCNH2","KGVROJQOCQABGA-UHFFFAOYSA-N"
"KCNH2","JAELRPUWEUXJPW-UHFFFAOYSA-N"
"KCNH2","ADHCEOHLWFBYCU-UHFFFAOYSA-N"
"KCNH2","GPANICKLGIVBML-UHFFFAOYSA-N"
"KCNH2","KCQJZOJGRGXWCV-UHFFFAOYSA-N"
"SCNAA","OWKCSDFZMUWPDJ-UHFFFAOYSA-N"
"SCN2A","OWKCSDFZMUWPDJ-UHFFFAOYSA-N"
"KCNH2","REEYYMDAALTGHS-ZVHZXABRSA-N"
"KCNH2","CQMWNSQCEMHNIW-UHFFFAOYSA-N"
"KCNH2","CHKGICCHQYDKNR-UHFFFAOYSA-N"
"KCNH2","CFQUBQIUHFUYLY-UHFFFAOYSA-N"
"CAC1H","BVNMUWNXRBKUDC-LTGDSAQFSA-N"
"KCNH2","HSHBIVVLOXFRND-UHFFFAOYSA-N"
"TRPV4","CRKYLQFXMOPIAZ-WPWJYHCZSA-N"
"KCNH2","ACMJXMGGOZMZJM-UHFFFAOYSA-N"
"TRPC3","BQCVGSNZEUQCIS-UHFFFAOYSA-N"
"TRPC6","BQCVGSNZEUQCIS-UHFFFAOYSA-N"
"SCN9A","AFKXGCRKLGXFGG-UHFFFAOYSA-N"
"CAC1C","HSUGRBWQSSZJOP-RTWAWAEBSA-N"
"KCNH2","ITYMMRKSCDTSQX-HTAPYJJXSA-N"
"KCNH2","UICYMQZXHRACIG-KPKWYKMHSA-N"
"KCNH2","WQAXZHUMPQMMEW-SFHVURJKSA-N"
"KCNH2","YGQQBKYVKLZEMA-UHFFFAOYSA-N"
"KCNA5","LPCVZVMPDVFMLI-UHFFFAOYSA-N"
"CAC1B","GNBVLOUFXQQACS-UHFFFAOYSA-N"
"SCN1A","YALYZRWQAGAROS-UHFFFAOYSA-N"
"SCN9A","YALYZRWQAGAROS-UHFFFAOYSA-N"
"SCN2A","URSQNPPONHUJDL-UHFFFAOYSA-N"
"KCNH2","CCJLDYTVWAENSM-NZQKXSOJSA-N"
"KCNH2","QQGJOZLAJLPARG-UHFFFAOYSA-N"
"KCNH2","OHODDACZFUFQDV-UHFFFAOYSA-N"
"KCNH2","YIHQDWZWZRGAIH-UHFFFAOYSA-N"
"KCMA1","CRMXYFHXROCNSR-UHFFFAOYSA-N"
"KCNH2","FTOGLQXKLWNGLW-VHNNBIRDSA-N"
"KCNH2","XCFWDLWOCXSJOK-JRTLGTJJSA-N"
"KCNH2","PBHJNCFSKUFXJI-IRXDYDNUSA-N"
"KCNH2","YWGRWBCJUGEEBA-UHFFFAOYSA-N"
"CAC1H","CRJZLZIFNPMFEE-UHFFFAOYSA-N"
"KCNH2","SBDOPCIVOPZGMV-UHFFFAOYSA-N"
"KCNH2","HKLFFMXMBRRWHA-UHFFFAOYSA-N"
"HCN1","WCJGGTAAPIAIJS-PSEQGZRXSA-N"
"KCNH2","JVMBIOQCKALKPB-UHFFFAOYSA-N"
"KCNH2","FSOQNRYVHQRTNP-UHFFFAOYSA-N"
"SCNAA","JJCBTWUQVASSGZ-UHFFFAOYSA-N"
"SCN2A","JJCBTWUQVASSGZ-UHFFFAOYSA-N"
"SCNAA","NEGLDDATOGSCRT-UHFFFAOYSA-N"
"KCNH2","LXVHCKLEUVVBBN-UHFFFAOYSA-N"
"KCNQ1","BWBXOBFPELPHEA-HXUWFJFHSA-N"
"SCN9A","BEQXUUNABIRINN-OSBQEZSISA-N"
"PKD2","AACFPJSJOWQNBN-UHFFFAOYSA-N"
"TRPC6","NTXBDULODNTCKP-UHFFFAOYSA-N"
"TRPA1","DTVXBNDIMDRBBV-GOSISDBHSA-N"
"CAC1C","HBNPJJILLOYFJU-VMPREFPWSA-N"
"CAC1C","HQBVENHUOCSWIS-DEDOGFMKSA-N"
"CAC1G","HBNPJJILLOYFJU-VMPREFPWSA-N"
"CAC1H","HBNPJJILLOYFJU-VMPREFPWSA-N"
"CAC1H","HQBVENHUOCSWIS-DEDOGFMKSA-N"
"KCNH2","HBNPJJILLOYFJU-VMPREFPWSA-N"
"KCNH2","IZFFAYAQVHNZHH-IBGZPJMESA-N"
"KCNH2","YANGEESWIGIKOP-UUWRZZSWSA-N"
"SCN3A","QLKAFHZJICDACE-UHFFFAOYSA-N"
"SCN4A","QLKAFHZJICDACE-UHFFFAOYSA-N"
"SCN9A","QLKAFHZJICDACE-UHFFFAOYSA-N"
"HCN4","NZCJBWNCSCYPKE-UHFFFAOYSA-N"
"HCN1","NZCJBWNCSCYPKE-UHFFFAOYSA-N"
"KCNH2","ODRSUVBAJITCIK-GFCCVEGCSA-N"
"KCNN3","CYNMIJGMQQSUDT-UHFFFAOYSA-L"
"KCNN2","CYNMIJGMQQSUDT-UHFFFAOYSA-L"
"KCNN2","VOBMYHJAIONKSU-UHFFFAOYSA-L"
"KCNH2","RPKQQZBIQPFJRD-NYFMKLKXSA-N"
"KCNH2","WDRSQVMCYDMWAP-UHFFFAOYSA-N"
"KCNH2","PARCWEQRCVIVGZ-UHFFFAOYSA-N"
"KCNH2","DYPIWIAOPDZEOO-UHFFFAOYSA-N"
"CAC1B","FJAOHSBTUVUJTC-DMDYGQEQSA-N"
"KCNH2","FJAOHSBTUVUJTC-DMDYGQEQSA-N"
"CAC1C","JCYWSLRBVSKYOR-UHFFFAOYSA-O"
"SCN9A","DXYBEOOKXLMROC-KRWDZBQOSA-N"
"KCNH2","XHIMQCYKHSICAY-LETIRJCYSA-N"
"KCNJ1","AMKWVRGTVQDBBV-UHFFFAOYSA-N"
"KCNH2","AMKWVRGTVQDBBV-UHFFFAOYSA-N"
"KCNA5","MTYFDEYZRYWPAI-DNQXCXABSA-N"
"KCNA3","BNTYFWBWPRBKJF-XTCLZLMSSA-N"
"SCN5A","GRXUKFHZQDPFAI-UHFFFAOYSA-N"
"SCN9A","GRXUKFHZQDPFAI-UHFFFAOYSA-N"
"KCNH2","CHZHWZAKWGFQNL-DEOSSOPVSA-N"
"KCNH2","KVVCXQIQAOOKFF-UHFFFAOYSA-N"
"KCNH2","NTIFDLOQPKMIJK-WXVAWEFUSA-N"
"KCNA5","POZWXIVIAWFJOK-UHFFFAOYSA-N"
"KCNN4","POZWXIVIAWFJOK-UHFFFAOYSA-N"
"SCN9A","DJBVYMJJKKWZOY-UHFFFAOYSA-N"
"TRPV4","REMGFZJNRXPOSB-UHFFFAOYSA-N"
"TRPV4","POSSBUJNCSVZHA-DQEYMECFSA-N"
"KCNK3","CJZGRIRZVHNUSM-UHFFFAOYSA-N"
"KCNK9","CJZGRIRZVHNUSM-UHFFFAOYSA-N"
"KCNH2","AYGFADNRIUKNFZ-UHFFFAOYSA-N"
"KCNH2","MJRWQKDJTQKTMJ-UHFFFAOYSA-N"
"KCNH2","LGHHLNJMNKPPHU-UHFFFAOYSA-N"
"KCNH2","UAVBPSVJXCTZOC-UHFFFAOYSA-N"
"KCNJ1","HXTQUDYQICAAJV-UHFFFAOYSA-N"
"KCNH2","HXTQUDYQICAAJV-UHFFFAOYSA-N"
"KCNH2","OZOLNJQERDKPFN-OSYLJGHBSA-N"
"KCNH2","AXXCMOIEGOZRPQ-FCEKVYKBSA-N"
"KCNH2","IIXUBHOQXODODU-FZCBKRAZSA-N"
"KCNH2","VWZIWKHACUENGU-UHFFFAOYSA-N"
"SCN5A","IWCGRJRLSWGIIP-UHFFFAOYSA-N"
"KCNH2","IEPYZPJZYINELK-UHFFFAOYSA-N"
"KCNN4","LRPBZJNZJSRNQB-UHFFFAOYSA-N"
"SCN5A","XOAUGYVLRSCGBG-ZJDFQAAZSA-N"
"SCN4A","XOAUGYVLRSCGBG-ZJDFQAAZSA-N"
"SCN2A","FWXMJJGACXALON-QDVVETDMSA-N"
"SCN2A","XOAUGYVLRSCGBG-ZJDFQAAZSA-N"
"SCN9A","FWXMJJGACXALON-QDVVETDMSA-N"
"SCN9A","XOAUGYVLRSCGBG-ZJDFQAAZSA-N"
"SCN2A","SXGQLCNPKCVMLU-CDRPAWAASA-N"
"SCN9A","SXGQLCNPKCVMLU-CDRPAWAASA-N"
"SCN2A","RYRFEUDOYVBSLW-GGYACMJVSA-N"
"SCN9A","RYRFEUDOYVBSLW-GGYACMJVSA-N"
"SCN5A","RHNQUMXARXOPCS-UHFFFAOYSA-N"
"SCN9A","RHNQUMXARXOPCS-UHFFFAOYSA-N"
"TRPV1","ORYICUWIPUTJGI-LJQANCHMSA-N"
"TRPM8","MTPJSRQBSRRKGM-GDNBJRDFSA-N"
"TRPA1","MTPJSRQBSRRKGM-GDNBJRDFSA-N"
"SCN3A","TVQFYGIEBVVYRN-PVMFBFNOSA-N"
"SCN4A","TVQFYGIEBVVYRN-PVMFBFNOSA-N"
"SCN9A","TVQFYGIEBVVYRN-PVMFBFNOSA-N"
"SCN4A","JMMCZELYPMWMKB-JUBYBWGASA-N"
"SCN9A","JMMCZELYPMWMKB-JUBYBWGASA-N"
"SCN4A","IFOFQYZJHRNQLW-QZZDFEHJSA-N"
"SCN9A","IFOFQYZJHRNQLW-QZZDFEHJSA-N"
"SCN4A","LXWQXQGRQCXLOL-PVMFBFNOSA-N"
"SCN9A","LXWQXQGRQCXLOL-PVMFBFNOSA-N"
"SCN4A","ZRPWGKPPPKBYAL-NNNUVSCKSA-N"
"SCN9A","ZRPWGKPPPKBYAL-NNNUVSCKSA-N"
"SCN4A","NLDXBSUTMUSGMG-NNNUVSCKSA-N"
"SCN9A","NLDXBSUTMUSGMG-NNNUVSCKSA-N"
"SCN4A","VBPFCFPZENVMHX-UOZCUAPTSA-N"
"SCN9A","VBPFCFPZENVMHX-UOZCUAPTSA-N"
"SCN5A","JYYKEMPXQHPLKT-PLOILZSBSA-N"
"SCN4A","JYYKEMPXQHPLKT-PLOILZSBSA-N"
"SCN9A","JYYKEMPXQHPLKT-PLOILZSBSA-N"
"SCN4A","IPRFOFLOYPAGPA-GMHOJBPUSA-N"
"SCN9A","IPRFOFLOYPAGPA-GMHOJBPUSA-N"
"SCN4A","LKNQEIFVYZPGTP-PCLVAITDSA-N"
"SCN9A","LKNQEIFVYZPGTP-PCLVAITDSA-N"
"CAC1G","YILUXJQFZSJJIY-UHFFFAOYSA-N"
"KCNB1","DAFHEWKMPBBGIW-UHFFFAOYSA-N"
"CAC1C","MLDXNVWBLNAZSD-OGQCEUPSSA-N"
"CAC1H","MLDXNVWBLNAZSD-OGQCEUPSSA-N"
"KCNA3","WILILEKJWLRYGJ-XDXOSUIPSA-N"
"KCNA1","WILILEKJWLRYGJ-XDXOSUIPSA-N"
"KCNA3","IUXTUGDAYSHYDJ-UYSYBMGHSA-N"
"KCNA1","IUXTUGDAYSHYDJ-UYSYBMGHSA-N"
"KCNA3","YUWLUQFZKRMTDE-NSWGVZOMSA-N"
"KCNA1","YUWLUQFZKRMTDE-NSWGVZOMSA-N"
"KCNA3","UNSSOSSHNBBFDP-UOZHVBSXSA-N"
"KCNA1","UNSSOSSHNBBFDP-UOZHVBSXSA-N"
"KCNA3","GZMJRCVVJQKSDM-HMILKZLESA-N"
"KCNA1","GZMJRCVVJQKSDM-HMILKZLESA-N"
"KCNA3","XVWQLPOVTHTSFJ-QSHJQMQRSA-N"
"KCNA1","XVWQLPOVTHTSFJ-QSHJQMQRSA-N"
"KCNA3","ROADZYRBNDCTEU-OFJLZMDGSA-N"
"KCNA1","ROADZYRBNDCTEU-OFJLZMDGSA-N"
"KCNA3","NAWHDDMQVAJNNL-AVUMVKDCSA-N"
"KCNA1","NAWHDDMQVAJNNL-AVUMVKDCSA-N"
"KCNA3","FGRXJZGFNVYRRD-HQNLPAQRSA-N"
"KCNA1","FGRXJZGFNVYRRD-HQNLPAQRSA-N"
"KCNA3","UFSKNTWMVQIQFI-KYUINLTESA-N"
"KCNA1","UFSKNTWMVQIQFI-KYUINLTESA-N"
"KCNA3","FURVYTLUPQTUFT-RKKGMEECSA-N"
"KCNA1","FURVYTLUPQTUFT-RKKGMEECSA-N"
"KCNA3","YMGSFPHRPRBAFF-PSMAKZHMSA-N"
"KCNA1","YMGSFPHRPRBAFF-PSMAKZHMSA-N"
"KCNA3","QZUMGINDDCDSBP-XDXOSUIPSA-N"
"KCNA1","QZUMGINDDCDSBP-XDXOSUIPSA-N"
"KCNA3","DLAPEPHYVMGKDA-KYUINLTESA-N"
"KCNA1","DLAPEPHYVMGKDA-KYUINLTESA-N"
"KCNA3","OOUWDISFEFEHIW-HQNLPAQRSA-N"
"KCNA1","OOUWDISFEFEHIW-HQNLPAQRSA-N"
"KCNA3","XSSVGYVSNAGLBL-IMIBCNMTSA-N"
"KCNA1","XSSVGYVSNAGLBL-IMIBCNMTSA-N"
"KCNA3","DCXXBQMGZMBPTB-ACINBAEXSA-N"
"KCNA1","DCXXBQMGZMBPTB-ACINBAEXSA-N"
"KCNA3","NSQPUHWCJPLGPR-HQNLPAQRSA-N"
"KCNA1","NSQPUHWCJPLGPR-HQNLPAQRSA-N"
"KCNA3","ORCJROBPAVLWCS-XDXOSUIPSA-N"
"KCNA1","ORCJROBPAVLWCS-XDXOSUIPSA-N"
"KCNA3","IOXBFRBDDWONMY-KYUINLTESA-N"
"KCNA1","IOXBFRBDDWONMY-KYUINLTESA-N"
"KCNA3","JUNDLAPHTHBRCO-XDXOSUIPSA-N"
"KCNA1","JUNDLAPHTHBRCO-XDXOSUIPSA-N"
"KCNA3","GWTGRBPCEXNTCG-SJXPFLSVSA-N"
"KCNA1","GWTGRBPCEXNTCG-SJXPFLSVSA-N"
"SCN5A","BJJIKPMJNDTIHW-FGWFJEOOSA-N"
"SCN4A","BJJIKPMJNDTIHW-FGWFJEOOSA-N"
"SCN2A","BJJIKPMJNDTIHW-FGWFJEOOSA-N"
"SCN3A","KBMOQADPISZNMQ-NNOVXWPFSA-N"
"SCN2A","KBMOQADPISZNMQ-NNOVXWPFSA-N"
"SCN9A","KBMOQADPISZNMQ-NNOVXWPFSA-N"
"KCNJ1","QPSUBBRJDCIVQO-DEOSSOPVSA-N"
"TRPV4","NRPVVXKFQXJDIS-UHFFFAOYSA-N"
"TRPV3","VEUNEPYUFJEENP-UHFFFAOYSA-N"
"SCN5A","YUNNMYFFOLAHHL-UHFFFAOYSA-N"
"SCN9A","YUNNMYFFOLAHHL-UHFFFAOYSA-N"
"TRPA1","LLRSVFMJVIEWCG-UHFFFAOYSA-N"
"TRPV1","LLRSVFMJVIEWCG-UHFFFAOYSA-N"
"KCNH2","SLYBJCUKCICSBD-NDEPHWFRSA-N"
"KCNA3","MMCFFZBMJHBWGM-UHFFFAOYSA-N"
"KCNA5","MMCFFZBMJHBWGM-UHFFFAOYSA-N"
"KCNH2","VGIGHGMPMUCLIQ-UHFFFAOYSA-N"
"CAC1D","SQIJWVKWTBZTJF-UHFFFAOYSA-N"
"TRPV1","OEDVPJOHKMEERN-KPKJPENVSA-N"
"KCNH2","LFSBNTMFCXGIEC-UHFFFAOYSA-N"
"KCNH2","YAWZIQKDHQIHOS-UHFFFAOYSA-N"
"SCN9A","LDZNFFGWKHAEMM-GDBMZVCRSA-N"
"SCN9A","OCGIYHGXHMLCPX-UKRRQHHQSA-N"
"TRPA1","NPUACKRELIJTFM-UHFFFAOYSA-N"
"KCNA5","KHXUQLMOPQHGCN-NRFANRHFSA-N"
"CAC1C","GRTOGORTSDXSFK-XJTZBENFSA-N"
"TRPV1","VYYGCURJBJPOTR-UHFFFAOYSA-N"
"KCNH2","DGKURWUVIVQHCD-UHFFFAOYSA-N"
"KCNH2","TXFFWCPTQAOPNJ-QGZVFWFLSA-N"
"KCNA5","PRXWWJUWFYAFRK-UHFFFAOYSA-N"
"CAC1S","YAXXKLQEHSZBIZ-UHFFFAOYSA-N"
"CAC1S","GLGUOWFHHASVGA-UHFFFAOYSA-N"
"CAC1S","KJGFRBWLVUNCGA-UHFFFAOYSA-N"
"CAC1S","WSZOQRFRJXPNEG-UHFFFAOYSA-N"
"CAC1S","OKMJCAKATGKSFX-UHFFFAOYSA-N"
"CAC1S","OZPHYDNRAUDIRI-UHFFFAOYSA-N"
"CAC1S","VDEZFHFFESVMPI-UHFFFAOYSA-N"
"CAC1S","GDCLUWIKTDVMDC-UHFFFAOYSA-N"
"TRPV1","KDZNVUITNIZHCQ-ASPPJSJRSA-N"
"KCNH2","PZYPBUIOQZWSRY-UHFFFAOYSA-N"
"TRPV1","RCMWQGKXOQCPHM-UHFFFAOYSA-N"
"TRPC3","VQYLWKAFQNHLFX-UHFFFAOYSA-N"
"TRPC6","VQYLWKAFQNHLFX-UHFFFAOYSA-N"
"KCNH2","ILPQLCKGOBBIPI-VPUSJEBWSA-N"
"KCNH2","KOVNFJBXMBASSU-UHFFFAOYSA-N"
"KCNH2","XYUYSDBKGVJSKN-UHFFFAOYSA-N"
"KCNH2","DNPFEENAAKLCMC-UHFFFAOYSA-N"
"KCNH2","MVMGNWUSDKNEKN-UHFFFAOYSA-N"
"KCNH2","LMIPLKOPDQGFNB-UHFFFAOYSA-N"
"KCNH2","YVUQSNJEYSNKRX-UHFFFAOYSA-N"
"KCNK3","MKNLGOXDUQNBOV-UHFFFAOYSA-N"
"KCNK9","MKNLGOXDUQNBOV-UHFFFAOYSA-N"
"TRPM8","ADCDUDFEGFKKQH-OAQYLSRUSA-N"
"KCNB1","XKHQDXVISQSJGT-UHFFFAOYSA-N"
"KCNH2","VBOXQXAJDAUESQ-UHFFFAOYSA-N"
"KCNH2","JFLDPXNTPNHXDV-UHFFFAOYSA-N"
"CAC1B","MIWCXWOZKGQAJU-UHFFFAOYSA-N"
"CAC1B","QEKZJHDIOBYDIK-RMKNXTFCSA-N"
"KCNH2","GFLXRLDXOTTYEB-UHFFFAOYSA-N"
"KCNH2","MIHZNEWRGNWDAZ-UHFFFAOYSA-N"
"KCNA3","YSNROTHUHBZNDE-UHFFFAOYSA-N"
"KCNA5","YSNROTHUHBZNDE-UHFFFAOYSA-N"
"TRPV1","NKQOQQQBQOCRAL-UHFFFAOYSA-N"
"SCN9A","CAZOGDNBKUBRJS-HXUWFJFHSA-N"
"CAC1G","PVTQXYSLRQKPEP-UHFFFAOYSA-N"
"KCNH2","OUUFVLURDMTSII-UHFFFAOYSA-N"
"KCNH2","BEXPSWDCLXOHKK-UHFFFAOYSA-N"
"KCNH2","SORMGDAGOZUFDS-UHFFFAOYSA-N"
"CA2D1","FFQZYEPKHCOUMB-UHFFFAOYSA-N"
"FABPH","OCTLQLOJFBDCBL-UHFFFAOYSA-N"
"FABP4","SJRVJRYZAQYCEE-UHFFFAOYSA-N"
"FABP4","CBQYUAFRIGDERL-UHFFFAOYSA-N"
"FABP4","XBEYMPQYMQFLBW-UHFFFAOYSA-N"
"FABPH","XBEYMPQYMQFLBW-UHFFFAOYSA-N"
"GRP3","KPFIRSWIEJGVNZ-DDKMFYJYSA-N"
"SERPH","JGQRJSNHMPUKAI-MHZWONBLSA-N"
"NFKB1","DAPAQENNNINUPW-IDAMAFBJSA-N"
"IKBA","KYPLTYNYSYVGGA-UHFFFAOYSA-N"
"CD2","ALUCMQJOGUZADG-ZKRJLDCNSA-N"
"CD22","OYVPUTMZTUBFKJ-ARQUEJKBSA-N"
"LANC2","LTFJVAGATJTPPP-UQIVLYAPSA-N"
"APEL","SVWSKJCJNAIKNH-MJZUAXFLSA-N"
"IL2","VNZHOIDQBPFEJU-OAQYLSRUSA-N"
"CO3","ZTPZPGGQKAOPSL-ULRAUGTQSA-N"
"VEGFA","SHSVXUUTGUMFAP-YUYZBOOHSA-N"
"TNFA","VDOWSKDQCMQOCN-ITCMONMYSA-N"
"TNFA","GNXUVQQPJKTEIJ-HSZRJFAPSA-N"
"IF4E","ZIPYKPGMJNDUSX-UHFFFAOYSA-N"
"IF4E","DKVRNHPCAOHRSI-KQYNXXCUSA-N"
"WNT3A","DYGBNAYFDZEYBA-UHFFFAOYSA-N"
"HG2A","AMSFCNUCSFWCJW-UHFFFAOYSA-N"
"UBA6","PGAMXUGSHMQFKD-BPAMBQHCSA-N"
"PSB10","UHNYITHLNFUAIN-VTNASVEKSA-N"
"CALCA","AZAANWYREOQRFB-SETSBSEESA-N"
"CALCA","DNKYDHSONDSTNJ-XJVRLEFXSA-N"
"CD38","QGWDWRRZTVUVKB-QAQDUYKDSA-N"
"CD38","VJQALSOBHVEJQM-QAQDUYKDSA-N"
"XBP1","FYTDXOGJMXIITH-UHFFFAOYSA-N"
"PLGF","PSHTWLDWKUGJNS-ZCUGKWHYSA-N"
"TPOR","VGABBPNDLHRNOQ-HMAPJEAMSA-N"
"ICAM1","JFOZKMSJYSPYLN-QHCPKHFHSA-N"
"LYAM1","SERRSGRGANILJR-UHFFFAOYSA-N"
"ITA4","OOYFOUHICCOHRQ-CVLSMVSNSA-N"
"SFRP1","FCMPZNLRTQBTNK-UHFFFAOYSA-N"
"SFRP1","FCXCNDHEICKHMB-QHCPKHFHSA-N"
"ULA1","AQGFWBQRVLPCIX-QXGSTGNESA-N"
"GDIR1","ODUYVHAFJTXMAF-UHFFFAOYSA-N"
"GRP78","DRKBZEJUOBNVRH-TXWYELBGSA-N"
"S22A2","FELGMEQIXOGIFQ-UHFFFAOYSA-N"
"ERG","PDLXDQOODGXTSQ-UHFFFAOYSA-N"
"FCGRN","LXQNZMOUNDTJSQ-DDYKXYLHSA-N"
"FCGR1","NIJWTRSAOSNCDN-UHFFFAOYSA-N"
"RB","CFJGSVKNNIFWEA-PDGQHHTCSA-N"
"OXDA","MUCACKKEJRKRBG-UHFFFAOYSA-N"
"OXDA","CUCMYHOPTSUPIM-UHFFFAOYSA-N"
"BIRC8","XBTLZUHJBOBKRG-HCUBDLJJSA-N"
"DNPH1","HTIIEYWQBQEJFZ-KREFBHGWSA-N"
"TLR4","DZOOVERCMBDRSR-QNNMRZDFSA-N"
"TLR4","YRRDUQFXVMZGAD-BIATYSSJSA-N"
"TLR2","UNILWMWFPHPYOR-KXEYIPSPSA-N"
"GIP","CWPADRJBQLPUCB-MCZWQBSQSA-N"
"STA5B","AMYVQFXKGYPZLQ-UHFFFAOYSA-N"
"STA5A","PDOQBOJDRPLBQU-QMMMGPOBSA-N"
"LEF1","BEGZPRLTLFWYBR-UHFFFAOYSA-N"
"OGA","DRHXTSWSUAJOJZ-FMDGEEDCSA-N"
"KIFC1","JBGPTABXBVOSBM-OUSLXHSISA-N"
"F261","VXVMWRWEKHARRO-QFIPXVFZSA-N"
"F263","VXVMWRWEKHARRO-QFIPXVFZSA-N"
"F262","JTNMHAMHIYAFAI-FQEVSTJZSA-N"
"PARG","BKXBQQKGSRLELP-WDBPGAOMSA-N"
"3MG","GIXWDMTZECRIJT-UHFFFAOYSA-N"
"CTNB1","IMVAHFIQCOJFIE-UHFFFAOYSA-N"
"PANK1","UNCZUEUPSJKHGB-UHFFFAOYSA-N"
"PANK3","UNCZUEUPSJKHGB-UHFFFAOYSA-N"
"PANK2","UNCZUEUPSJKHGB-UHFFFAOYSA-N"
"HGF","UVNDVSUMHWZESZ-UHFFFAOYSA-N"
"ABCBB","HYAFETHFCAUJAY-UHFFFAOYSA-N"
"MRGX1","AHWHUDJTTAKVFD-UHFFFAOYSA-N"
"MRGX1","IFWGJAXMPXZADJ-UHFFFAOYSA-N"
"MDM4","ZFYQBPVMECJUBO-GXHLCREISA-N"
"S47A1","FELGMEQIXOGIFQ-UHFFFAOYSA-N"
"HGFA","LEMRRMFCXFRTIF-OAQYLSRUSA-N"
"SHIP2","RFZPGNRLOKVZJY-AWEZNQCLSA-N"
"HS90B","NDAZATDQFDPQBD-UHFFFAOYSA-N"
"XIAP","MNWPVYOXWIATDM-NDXORKPFSA-N"
"KIF11","OHLDJJXRTLZQSU-NRFANRHFSA-N"
"KIF11","XDHCXBRJKTWUNW-DEOSSOPVSA-N"
"GRB2","XWNQRYAPQUFUMS-VXKWHMMOSA-N"
"NISCH","SCIRNASYBOGBOO-UHFFFAOYSA-N"
"PAI1","GINZDZUXJCCWBN-UHFFFAOYSA-N"
"ALBU","IQTBMDSOBZUIII-UHFFFAOYSA-N"
"RET4","JTROMNJXIJLLPR-UHFFFAOYSA-N"
"NPCL1","ZCVIBQLRHCRSAC-VPEWLHCBSA-N"
"NPCL1","OLNTVTPDXPETLC-XPWALMASSA-N"
"SCRB1","TYOUBEAPKZQVRT-UHFFFAOYSA-N"
"TRAP1","NDAZATDQFDPQBD-UHFFFAOYSA-N"
"ENPL","NDAZATDQFDPQBD-UHFFFAOYSA-N"
"KMO","PVGOQRJICUIPTG-UHFFFAOYSA-N"
"ITAL","PBWGNAKIFNSLLR-SFHVURJKSA-N"
"SC5A5","UYAOSISJVXIDNR-GOSISDBHSA-N"
"CP27B","ILIVVUDENIQBQC-CMDGGOBGSA-N"
"CENPE","ZATPRXWLTXOXAQ-UHFFFAOYSA-N"
"PD1L1","ZBOYJODMIAUJHH-SANMLTNESA-N"
"OGRL1","JHEVLALGAHRXET-TXBRMEKUSA-N"
"PADI4","HAEQQPWTMBVMLJ-UHFFFAOYSA-N"
"PADI4","UMMNKCUSQIKSGP-UHFFFAOYSA-N"
"PADI2","HAEQQPWTMBVMLJ-UHFFFAOYSA-N"
"PADI2","UMMNKCUSQIKSGP-UHFFFAOYSA-N"
"GCKR","RXLXBIHPMQBGOC-FUKCDUGKSA-N"
"SYUA","DSRMGPWSWGJUFD-ZMVJNSKBSA-N"
"PDCD4","HDZZVAMISRMYHH-KCGFPETGSA-N"
"STAT3","OTFYTTXOONHBQZ-ZJWIYONQSA-N"
"STAT3","RHAHUACACWLHCL-UHFFFAOYSA-N"
"STAT6","ZEGBODHEWPGPOP-UHFFFAOYSA-N"
"SHH","PCBUAQSVQWQAPU-UHFFFAOYSA-N"
"TSPO","NZIYXDPUJYAIRB-UHFFFAOYSA-N"
"TSPO","HTRJPNZKQJNIGN-UHFFFAOYSA-N"
"MGAT2","IIRWXQAVENQCMZ-UHFFFAOYSA-N"
"JUN","KBCXTBOXZPZBNM-UHFFFAOYSA-N"
"A4","CLTHVXHFUZWNAX-UHFFFAOYSA-N"
"THIO","TYGGRMZGJNJNDQ-UHFFFAOYSA-N"
"RAD51","FGKRMUDQFGRDIW-UHFFFAOYSA-N"
